DataTime                     	dB(A)	16	20	25	31.5	40	50	63	80	100	125	160	200	250	315	400	500	630	800	1000	1250	1600	2000	2500	3150	4000	5000	6300	8000	10000	12500	16000	20000
2018/01/11 16:18:37	69.9	37.3	37.3	56.4	56.4	65.1	65.1	64.6	64.6	62.6	60.2	61.7	57.6	61.2	60.8	59.2	58.9	60.8	61.0	61.1	60.6	61.1	58.5	55.2	53.6	54.1	53.6	52.9	45.1	38.2	40.8	33.6	30.1
2018/01/11 16:18:38	70.4	38.3	38.3	55.9	55.9	66.0	66.0	65.2	65.2	61.4	61.3	61.9	57.6	60.4	61.0	59.0	59.6	61.0	60.9	61.3	60.8	60.9	60.1	57.7	55.3	55.9	55.3	52.2	46.8	41.0	49.9	34.5	31.0
2018/01/11 16:18:39	70.0	33.5	33.5	51.7	51.7	62.4	62.4	63.4	63.4	58.9	60.5	59.4	54.9	59.6	60.9	58.3	57.6	59.4	60.2	60.0	60.3	60.3	60.5	58.1	55.9	56.2	55.2	52.2	47.1	41.3	44.5	34.9	32.6
2018/01/11 16:18:40	68.5	32.4	32.4	50.5	50.5	59.4	59.4	59.7	59.7	56.7	55.7	56.9	53.9	59.0	59.8	54.8	57.5	57.8	57.0	58.9	59.3	59.9	58.8	56.6	54.1	53.5	52.1	47.0	40.5	34.8	32.4	29.8	27.0
2018/01/11 16:18:41	70.3	32.4	32.4	52.0	52.0	60.3	60.3	60.1	60.1	59.9	57.9	58.1	54.5	62.8	62.5	57.5	57.9	58.5	58.1	61.0	61.0	61.7	61.4	58.2	55.6	54.9	53.6	49.5	43.4	38.6	35.9	35.2	36.0
2018/01/11 16:18:42	71.3	35.1	35.1	58.3	58.3	65.3	65.3	63.3	63.3	62.0	61.2	63.5	57.3	65.9	65.5	57.4	59.2	60.9	57.8	61.5	62.7	62.8	61.1	59.2	55.9	54.9	53.7	50.6	46.6	41.9	39.6	36.7	34.5
2018/01/11 16:18:43	68.4	36.4	36.4	59.5	59.5	65.2	65.2	62.3	62.3	60.9	59.1	59.7	55.1	62.5	62.7	56.9	56.9	57.8	56.4	58.8	60.2	60.0	57.6	54.4	52.5	51.8	49.6	45.0	40.1	35.0	31.5	29.1	26.6
2018/01/11 16:18:44	69.5	36.7	36.7	55.8	55.8	64.1	64.1	65.5	65.5	63.6	59.5	61.7	57.3	64.1	62.9	55.9	57.5	58.5	57.2	60.8	61.1	60.6	59.2	56.1	53.9	53.3	53.0	49.9	46.0	40.2	38.1	34.9	34.1
2018/01/11 16:18:45	68.6	40.7	40.7	61.6	61.6	71.3	71.3	72.3	72.3	68.6	64.9	64.9	57.8	65.8	62.5	55.8	57.3	56.9	57.1	58.8	59.6	59.0	56.7	55.5	53.3	53.6	53.4	50.0	44.3	38.8	37.2	35.2	32.4
2018/01/11 16:18:46	68.1	38.7	38.7	55.0	55.0	62.7	62.7	64.6	64.6	63.4	60.0	61.6	56.5	62.3	62.9	56.9	57.4	58.0	56.0	59.1	59.3	58.9	57.2	54.6	52.9	51.3	50.4	48.4	42.4	36.0	33.1	31.1	27.5
2018/01/11 16:18:47	70.3	42.3	42.3	57.9	57.9	66.0	66.0	68.2	68.2	67.1	65.5	66.0	60.7	64.7	62.5	61.8	59.6	59.5	60.2	60.7	60.3	60.0	58.7	57.0	56.1	55.2	55.4	54.1	48.6	41.3	37.1	36.0	33.4
2018/01/11 16:18:48	68.0	38.2	38.2	55.3	55.3	64.7	64.7	66.6	66.6	65.1	63.2	62.6	56.1	58.6	58.9	56.6	58.5	56.2	55.7	57.4	57.7	57.8	58.0	56.1	56.9	55.7	53.9	48.7	42.4	36.5	31.6	28.6	25.8
2018/01/11 16:18:49	69.0	42.1	42.1	58.6	58.6	67.8	67.8	69.8	69.8	68.5	67.5	66.5	61.8	62.9	62.0	56.5	56.8	57.4	57.1	59.2	59.2	61.0	57.6	55.7	54.3	54.1	53.0	49.6	45.8	37.4	35.3	35.7	30.2
2018/01/11 16:18:50	69.6	41.9	41.9	57.2	57.2	62.9	62.9	68.3	68.3	67.5	70.7	68.5	57.8	61.7	61.1	55.4	58.0	59.2	58.2	59.5	58.8	58.8	59.0	57.5	56.2	56.4	56.2	53.3	47.7	41.9	45.6	36.6	34.0
2018/01/11 16:18:51	67.6	41.0	41.0	58.2	58.2	61.8	61.8	65.6	65.6	66.6	67.6	66.9	54.3	59.1	57.7	56.3	58.0	56.7	56.2	58.5	56.3	57.2	57.1	54.7	53.4	55.3	53.2	49.6	43.0	37.6	35.8	33.6	28.9
2018/01/11 16:18:52	68.0	37.0	37.0	56.0	56.0	63.9	63.9	66.6	66.6	66.1	65.7	65.6	57.3	60.8	61.0	55.5	56.5	57.1	57.2	59.8	57.0	57.3	57.1	55.4	53.0	54.9	53.5	48.4	43.3	36.8	34.6	32.0	28.4
2018/01/11 16:18:53	66.6	38.5	38.5	54.4	54.4	64.0	64.0	67.0	67.0	66.5	63.8	62.7	57.1	61.8	58.1	54.3	55.3	56.1	55.7	58.5	56.2	56.1	56.0	54.2	52.1	52.8	50.2	44.3	38.3	33.9	35.4	27.8	25.8
2018/01/11 16:18:54	66.3	34.3	34.3	54.1	54.1	61.3	61.3	63.2	63.2	63.4	62.1	61.3	55.9	62.3	57.3	55.0	55.9	56.0	55.0	58.4	56.8	56.1	55.9	53.5	50.6	49.6	48.6	45.1	39.4	32.3	36.0	26.6	25.4
2018/01/11 16:18:55	66.0	40.9	40.9	56.7	56.7	65.3	65.3	65.8	65.8	65.2	64.9	63.0	56.8	61.1	57.1	54.7	55.4	54.9	54.7	57.9	55.9	55.5	55.1	53.9	51.4	51.2	49.3	44.7	39.3	32.9	29.0	27.5	26.9
2018/01/11 16:18:56	67.3	31.6	31.6	50.0	50.0	60.6	60.6	61.9	61.9	60.4	63.1	61.0	56.2	60.6	59.1	56.9	57.3	57.8	55.4	57.2	58.1	57.3	56.9	55.6	53.0	52.5	50.9	46.8	40.6	34.5	31.2	30.3	27.0
2018/01/11 16:18:57	73.0	34.4	34.4	53.4	53.4	61.3	61.3	63.8	63.8	62.2	59.9	64.9	64.2	65.8	64.2	63.6	64.8	63.4	60.5	61.5	62.9	64.0	62.7	60.2	58.5	58.7	58.0	56.3	51.6	45.3	42.6	43.3	37.4
2018/01/11 16:18:58	75.3	39.5	39.5	58.4	58.4	65.9	65.9	66.7	66.7	64.3	62.7	67.5	67.2	67.1	64.5	69.6	68.9	65.4	65.3	64.3	64.0	64.9	64.3	62.3	60.4	60.3	59.9	58.4	54.1	48.5	44.4	46.9	39.8
2018/01/11 16:18:59	74.7	38.3	38.3	55.5	55.5	62.8	62.8	65.4	65.4	63.6	60.4	61.7	61.4	66.0	63.8	65.2	66.8	63.6	64.7	64.5	62.8	64.6	62.3	62.4	61.3	60.4	65.1	57.1	50.5	45.1	41.2	40.1	36.1
2018/01/11 16:19:00	71.4	33.5	33.5	53.4	53.4	60.0	60.0	60.1	60.1	58.6	55.6	59.0	58.7	59.8	60.8	63.0	63.5	60.6	62.0	62.3	61.5	60.6	59.5	58.3	58.2	57.2	59.7	51.8	45.3	40.0	36.0	33.4	29.4
2018/01/11 16:19:01	68.8	36.2	36.2	53.3	53.3	59.8	59.8	60.1	60.1	59.6	57.7	58.6	58.5	58.8	58.4	59.5	61.0	58.9	59.3	59.2	58.7	58.3	57.4	55.7	55.6	53.4	56.5	49.4	42.5	36.1	32.4	28.5	25.0
2018/01/11 16:19:02	67.5	31.1	31.1	51.9	51.9	58.5	58.5	58.5	58.5	58.5	54.9	57.0	55.1	57.3	57.5	57.6	57.6	56.8	58.5	58.2	58.1	58.1	56.0	55.2	54.1	51.6	51.4	50.7	41.9	33.5	30.0	26.8	23.8
2018/01/11 16:19:03	67.6	34.6	34.6	51.9	51.9	60.5	60.5	62.0	62.0	58.9	58.1	59.6	54.6	57.7	56.6	55.7	56.4	57.4	58.6	58.9	58.9	58.3	56.5	55.2	53.1	52.6	50.5	48.3	39.8	31.2	26.8	24.7	22.9
2018/01/11 16:19:04	67.6	34.9	34.9	53.3	53.3	60.2	60.2	59.9	59.9	60.4	57.6	56.9	53.9	56.3	56.9	54.1	55.5	56.4	58.4	60.1	58.1	59.0	57.9	54.9	51.4	50.2	49.1	48.1	39.8	32.4	27.2	26.4	23.9
2018/01/11 16:19:05	69.2	34.7	34.7	51.8	51.8	60.8	60.8	62.1	62.1	59.7	56.9	56.9	55.7	60.6	60.6	56.5	57.1	59.4	60.4	61.6	58.3	60.2	59.3	55.9	53.1	52.8	52.7	50.2	44.9	36.6	32.8	32.3	27.4
2018/01/11 16:19:06	69.8	33.1	33.1	51.1	51.1	60.2	60.2	59.3	59.3	57.0	56.6	58.3	54.2	60.4	61.7	55.6	57.0	57.9	59.1	60.4	61.1	60.6	60.3	59.3	54.0	54.4	53.6	49.6	44.0	38.6	33.8	32.4	28.4
2018/01/11 16:19:07	75.4	35.1	35.1	57.6	57.6	64.6	64.6	62.4	62.4	64.1	62.2	63.0	61.0	68.3	67.1	62.8	64.9	67.3	63.9	65.3	66.0	65.6	64.7	63.7	59.6	59.5	61.7	57.6	52.4	47.2	44.7	43.4	40.5
2018/01/11 16:19:08	78.0	44.9	44.9	64.3	64.3	73.9	73.9	79.0	79.0	78.6	75.4	79.5	73.2	77.0	75.1	70.1	69.6	70.9	68.7	65.6	64.6	64.8	64.7	61.9	59.4	57.1	57.3	52.1	46.0	41.1	38.1	37.6	34.9
2018/01/11 16:19:09	74.8	46.6	46.6	61.6	61.6	70.7	70.7	72.9	72.9	69.5	71.0	75.6	67.2	72.6	69.3	68.1	66.6	64.5	64.0	66.2	65.3	63.5	62.1	58.5	54.6	54.6	53.7	50.1	44.9	39.1	38.6	39.1	36.5
2018/01/11 16:19:10	70.0	35.3	35.3	49.7	49.7	59.2	59.2	59.7	59.7	57.8	55.6	57.3	51.2	59.4	59.0	55.0	55.7	59.0	59.7	63.6	62.2	60.5	59.4	56.0	53.0	52.9	51.7	49.1	45.4	40.9	39.0	39.2	35.5
2018/01/11 16:19:11	65.1	35.0	35.0	49.9	49.9	59.3	59.3	61.1	61.1	60.0	58.4	59.7	53.8	57.7	57.4	51.8	53.4	53.3	52.5	58.8	56.4	55.3	53.8	52.6	49.8	47.8	45.6	40.6	36.0	33.4	30.2	30.2	27.8
2018/01/11 16:19:12	64.8	39.8	39.8	59.3	59.3	69.5	69.5	72.1	72.1	70.6	67.0	67.5	63.6	64.6	58.7	55.1	54.4	51.3	50.0	53.3	53.1	54.4	52.8	49.6	46.3	44.1	42.8	37.2	30.2	24.9	24.8	25.6	22.4
2018/01/11 16:19:13	67.2	43.8	43.8	59.1	59.1	67.0	67.0	70.2	70.2	67.1	64.5	67.0	63.4	64.1	60.9	57.4	56.1	54.0	54.4	56.1	57.7	58.7	57.1	53.6	49.2	48.2	46.2	40.5	34.5	28.6	28.6	24.7	23.3
2018/01/11 16:19:14	70.7	41.7	41.7	56.4	56.4	64.3	64.3	66.5	66.5	67.0	66.0	65.9	61.0	62.9	61.4	57.1	57.0	58.2	58.7	61.8	63.0	62.2	61.0	57.4	53.6	53.6	52.5	48.3	43.4	37.3	36.8	35.5	33.8
2018/01/11 16:19:15	68.4	37.4	37.4	55.1	55.1	63.5	63.5	65.4	65.4	62.6	60.0	60.6	57.3	60.7	61.5	55.5	55.3	54.7	56.2	58.3	59.3	58.7	59.7	57.9	54.8	53.2	50.6	45.6	40.2	36.1	33.4	33.3	30.4
2018/01/11 16:19:16	69.6	34.0	34.0	51.8	51.8	58.8	58.8	60.4	60.4	60.5	57.1	57.5	52.3	56.7	60.5	55.6	54.8	57.0	54.6	57.8	59.7	60.0	61.8	60.0	57.4	56.4	53.1	50.4	44.8	40.7	40.3	40.0	36.1
2018/01/11 16:19:17	67.6	35.0	35.0	50.8	50.8	58.8	58.8	61.0	61.0	60.4	58.2	57.7	53.1	58.4	58.6	52.4	54.9	55.8	54.0	56.8	58.0	58.5	57.6	57.7	55.4	54.2	52.1	49.4	43.3	41.0	41.2	42.1	37.8
2018/01/11 16:19:18	64.3	35.0	35.0	51.2	51.2	59.6	59.6	59.2	59.2	59.9	57.8	56.0	51.1	58.2	56.9	50.6	51.0	53.6	52.6	55.9	55.4	54.7	54.4	51.7	49.4	48.9	47.2	44.6	40.9	33.4	31.3	30.5	28.9
2018/01/11 16:19:19	63.7	39.0	39.0	55.5	55.5	64.4	64.4	65.6	65.6	64.8	61.9	61.3	54.9	58.4	55.1	50.8	50.7	51.9	51.9	55.0	55.2	53.3	52.9	50.1	48.5	48.9	48.6	46.0	40.9	36.7	33.2	32.7	31.3
2018/01/11 16:19:20	61.4	39.3	39.3	55.2	55.2	63.7	63.7	64.5	64.5	63.0	60.1	60.3	53.7	57.6	54.6	51.0	51.3	49.9	48.8	52.5	52.0	51.0	50.3	47.9	45.5	45.1	44.3	43.2	38.5	32.0	28.7	27.4	24.8
2018/01/11 16:19:21	61.3	33.2	33.2	52.5	52.5	61.5	61.5	63.4	63.4	61.1	58.7	58.4	51.2	53.8	53.9	49.7	52.0	49.9	49.0	52.0	51.1	50.6	49.9	48.6	46.1	47.7	47.9	47.0	42.4	35.4	32.1	31.8	27.1
2018/01/11 16:19:22	60.4	37.0	37.0	54.8	54.8	64.3	64.3	66.3	66.3	63.7	58.4	59.1	53.6	55.6	52.2	49.4	51.2	48.1	48.1	50.5	50.4	49.6	49.0	47.2	44.8	45.6	46.1	44.3	39.3	33.0	30.8	31.6	27.0
2018/01/11 16:19:23	57.6	27.8	27.8	47.7	47.7	56.5	56.5	57.0	57.0	56.3	54.7	53.6	46.1	50.7	49.4	47.5	47.4	46.4	43.4	47.0	47.2	47.6	48.3	46.1	42.9	43.6	42.3	40.5	36.0	29.5	26.9	27.1	24.4
2018/01/11 16:19:24	56.4	29.7	29.7	46.7	46.7	54.7	54.7	54.5	54.5	54.5	51.3	52.4	47.2	52.1	50.4	47.4	47.1	46.3	44.8	47.3	46.2	46.6	45.1	42.7	41.2	40.7	39.5	39.8	33.0	24.8	23.2	24.4	22.6
2018/01/11 16:19:25	57.6	34.4	34.4	52.4	52.4	58.2	58.2	55.4	55.4	56.3	54.0	53.2	48.3	52.9	55.2	48.4	48.4	47.8	45.6	47.7	47.0	46.9	45.6	43.1	41.8	41.6	41.1	40.9	31.6	25.3	22.7	23.9	22.2
2018/01/11 16:19:26	58.7	33.3	33.3	49.7	49.7	55.5	55.5	56.0	56.0	55.2	53.2	53.0	47.3	52.4	55.3	48.7	49.1	49.5	47.6	51.3	48.6	48.1	47.3	43.4	41.3	41.5	40.1	36.3	30.3	24.1	22.2	23.7	22.2
2018/01/11 16:19:27	60.3	31.2	31.2	50.1	50.1	58.0	58.0	61.1	61.1	60.5	56.4	56.1	49.9	54.1	56.7	50.4	51.0	49.9	50.5	52.4	51.3	49.4	48.5	44.5	41.3	41.2	39.3	35.2	31.5	24.5	22.8	23.8	22.6
2018/01/11 16:19:28	60.3	31.6	31.6	49.8	49.8	60.3	60.3	63.2	63.2	61.1	55.8	55.2	47.2	51.7	53.9	50.3	49.5	50.0	49.7	52.8	52.0	50.4	49.3	45.1	41.7	40.7	39.1	35.2	30.2	24.0	22.5	23.5	22.5
2018/01/11 16:19:29	60.4	29.6	29.6	53.4	53.4	59.8	59.8	57.7	57.7	53.9	52.7	54.7	48.9	51.4	52.3	50.2	49.9	50.8	49.3	53.2	52.2	51.1	49.3	46.0	41.9	41.1	39.7	36.4	31.2	24.0	21.8	23.0	21.9
2018/01/11 16:19:30	60.9	32.0	32.0	53.3	53.3	59.1	59.1	56.8	56.8	53.5	53.0	53.6	48.5	51.5	50.3	49.7	49.2	50.7	50.4	52.9	53.0	51.9	50.7	47.2	43.1	42.4	41.0	37.2	32.1	24.1	22.0	22.6	22.0
2018/01/11 16:19:31	61.1	30.0	30.0	48.0	48.0	57.6	57.6	58.4	58.4	54.3	50.9	53.1	50.0	52.9	54.4	51.1	50.9	52.3	50.8	52.4	51.8	52.0	50.8	46.2	43.7	43.6	41.4	37.0	31.3	25.3	22.4	23.1	22.3
2018/01/11 16:19:32	62.3	31.4	31.4	49.7	49.7	59.4	59.4	59.2	59.2	52.5	52.8	53.0	50.5	54.0	52.4	49.5	51.6	53.4	53.9	54.6	53.3	53.1	51.0	47.0	44.9	44.2	43.8	39.2	34.0	28.1	25.2	23.9	22.8
2018/01/11 16:19:33	60.9	28.2	28.2	49.0	49.0	59.0	59.0	59.0	59.0	53.8	50.9	51.6	50.4	52.3	50.3	48.2	50.9	50.9	50.9	52.7	52.6	52.7	49.9	46.5	44.6	42.2	41.9	37.6	31.5	25.6	22.8	22.9	21.8
2018/01/11 16:19:34	59.8	29.6	29.6	46.4	46.4	54.5	54.5	56.2	56.2	56.2	52.3	51.0	47.9	52.6	50.0	47.0	49.4	49.1	49.7	50.8	49.5	51.9	49.4	47.1	45.2	43.2	42.0	38.0	31.9	25.1	22.0	23.0	22.1
2018/01/11 16:19:35	59.1	29.5	29.5	46.0	46.0	54.5	54.5	56.1	56.1	56.6	53.0	51.7	46.6	51.5	49.6	45.0	48.3	47.5	47.4	49.8	50.9	50.8	49.0	46.8	43.9	42.4	40.1	35.4	29.4	23.7	21.8	23.1	22.4
2018/01/11 16:19:36	57.9	29.6	29.6	50.3	50.3	58.0	58.0	56.9	56.9	52.6	49.6	49.6	47.5	50.2	49.8	45.1	46.6	46.1	46.0	48.7	49.3	50.3	48.2	44.6	42.2	40.0	38.8	34.1	28.7	22.6	21.6	22.6	22.0
2018/01/11 16:19:37	56.4	30.1	30.1	47.8	47.8	57.5	57.5	58.1	58.1	53.9	51.5	50.9	47.0	49.2	49.1	45.6	46.6	45.9	44.9	47.0	47.5	47.7	46.2	43.3	40.9	39.0	36.6	32.4	27.1	22.3	21.7	22.8	22.4
2018/01/11 16:19:38	55.8	32.0	32.0	50.8	50.8	58.3	58.3	59.6	59.6	56.8	51.8	50.8	47.1	50.0	47.7	45.6	45.9	45.1	44.0	46.4	45.7	47.3	45.8	42.6	39.5	38.5	36.6	32.1	28.8	23.4	21.7	23.0	22.2
2018/01/11 16:19:39	55.8	31.2	31.2	49.2	49.2	54.3	54.3	52.9	52.9	54.6	52.8	51.4	46.9	50.0	49.1	46.3	46.9	45.4	44.2	46.4	45.7	47.2	45.7	42.7	39.7	37.7	35.7	31.3	27.1	22.2	21.5	22.8	22.4
2018/01/11 16:19:40	55.7	27.3	27.3	45.3	45.3	52.7	52.7	53.6	53.6	52.0	49.0	50.7	47.8	51.2	47.9	45.9	47.7	45.9	44.3	47.7	45.8	46.2	45.0	41.7	39.4	37.9	35.6	33.0	26.8	22.3	21.4	22.9	22.5
2018/01/11 16:19:41	56.3	32.7	32.7	48.0	48.0	56.3	56.3	57.8	57.8	56.2	55.1	54.5	51.0	50.9	47.7	46.3	48.6	48.1	47.6	46.7	44.8	46.3	44.7	42.1	38.8	38.2	36.0	31.7	28.1	22.7	21.9	23.0	22.2
2018/01/11 16:19:42	54.7	30.3	30.3	45.6	45.6	54.2	54.2	54.5	54.5	50.1	50.0	53.1	49.5	48.3	47.0	47.1	48.3	44.9	43.9	45.3	43.6	43.8	43.5	41.3	38.9	37.4	35.6	31.7	26.9	22.5	21.5	23.0	22.7
2018/01/11 16:19:43	56.6	27.8	27.8	44.3	44.3	53.4	53.4	54.7	54.7	51.0	49.8	52.3	49.8	50.1	49.1	50.2	51.4	48.0	45.0	47.5	45.8	45.2	45.3	42.5	39.9	38.7	36.1	31.8	26.6	22.4	21.7	22.9	22.3
2018/01/11 16:19:44	57.8	28.0	28.0	47.0	47.0	55.0	55.0	54.2	54.2	50.3	49.9	51.9	48.4	51.7	49.2	48.2	50.3	46.5	46.3	49.1	48.1	47.0	48.1	46.2	42.2	41.2	37.8	32.6	27.3	22.9	21.6	22.9	22.4
2018/01/11 16:19:45	60.2	27.0	27.0	43.3	43.3	53.8	53.8	54.9	54.9	49.7	48.7	50.0	46.1	50.2	49.3	47.1	49.3	46.7	47.0	52.7	51.0	51.4	51.5	48.9	44.9	43.8	39.5	33.4	29.2	24.4	22.2	23.2	22.5
2018/01/11 16:19:46	64.4	28.3	28.3	46.3	46.3	54.9	54.9	54.6	54.6	50.5	48.9	50.6	47.5	51.7	52.1	50.0	51.6	51.8	52.5	56.9	56.2	54.9	55.8	52.7	48.8	48.1	44.5	39.0	34.7	29.3	23.9	24.2	22.8
2018/01/11 16:19:47	66.1	29.1	29.1	50.3	50.3	56.2	56.2	55.4	55.4	52.9	50.2	51.9	49.5	54.8	55.8	53.4	53.5	54.6	55.1	58.8	58.2	56.1	56.4	53.4	51.2	50.3	48.6	43.6	38.5	32.5	29.6	27.0	25.8
2018/01/11 16:19:48	63.8	30.8	30.8	47.3	47.3	52.8	52.8	52.4	52.4	50.9	48.7	50.3	48.3	57.0	56.8	51.6	51.6	52.8	54.1	55.7	55.2	53.6	53.2	51.5	48.0	48.8	47.0	41.5	36.6	31.1	28.0	27.7	26.5
2018/01/11 16:19:49	60.2	27.8	27.8	43.9	43.9	52.0	52.0	52.6	52.6	50.4	49.9	51.3	48.8	55.3	52.9	48.5	49.7	49.4	48.8	51.3	51.8	50.5	49.6	48.6	45.8	42.9	40.9	35.9	30.7	26.0	23.6	23.7	22.9
2018/01/11 16:19:50	60.9	30.4	30.4	46.6	46.6	55.1	55.1	60.6	60.6	57.4	48.8	51.4	46.4	56.7	50.9	49.4	51.0	51.8	49.8	51.8	52.2	51.1	51.2	48.1	44.8	43.8	41.8	36.6	31.0	26.5	23.6	24.0	22.3
2018/01/11 16:19:51	62.4	29.8	29.8	43.6	43.6	56.7	56.7	63.2	63.2	60.0	51.0	52.9	50.2	55.2	50.8	51.6	52.4	52.3	51.7	54.6	53.7	53.5	51.4	49.3	46.5	45.4	43.6	39.1	34.2	29.9	25.8	25.0	23.2
2018/01/11 16:19:52	62.7	30.5	30.5	45.2	45.2	54.8	54.8	57.8	57.8	55.5	53.5	53.8	50.2	57.0	54.9	52.1	52.7	52.8	51.5	53.6	53.8	53.8	51.6	50.4	47.6	45.8	44.5	41.6	37.4	32.2	30.7	28.4	25.6
2018/01/11 16:19:53	63.1	28.0	28.0	45.6	45.6	54.8	54.8	56.7	56.7	57.4	54.7	54.0	51.7	57.2	55.7	49.8	53.2	51.2	50.4	51.9	53.6	54.2	52.2	50.9	50.6	48.5	50.0	47.4	42.1	37.2	35.9	33.8	30.8
2018/01/11 16:19:54	62.1	29.2	29.2	47.7	47.7	54.3	54.3	54.0	54.0	55.3	54.7	52.9	46.4	52.4	51.6	49.1	51.7	49.8	48.7	50.1	52.0	53.0	52.2	51.6	51.3	47.4	49.2	45.8	41.3	36.5	34.1	31.6	28.7
2018/01/11 16:19:55	61.4	30.0	30.0	45.5	45.5	52.6	52.6	54.3	54.3	55.2	56.0	53.1	47.3	52.5	50.3	49.2	51.1	48.0	47.3	48.1	51.3	52.1	51.7	52.3	51.3	45.8	46.3	42.3	38.4	34.2	31.3	28.8	25.9
2018/01/11 16:19:56	63.1	30.9	30.9	45.1	45.1	52.8	52.8	55.2	55.2	54.7	53.6	54.4	49.8	53.3	51.5	48.4	51.5	51.3	49.7	52.1	53.7	53.9	54.3	52.9	51.0	47.8	47.9	44.4	38.7	33.7	31.0	28.7	25.5
2018/01/11 16:19:57	65.4	31.2	31.2	46.9	46.9	53.0	53.0	53.7	53.7	55.1	56.6	55.7	51.9	57.1	55.1	52.2	52.5	52.3	53.1	55.2	54.4	55.1	56.6	55.0	53.8	52.6	52.3	47.7	41.0	35.4	32.9	30.6	28.4
2018/01/11 16:19:58	62.0	32.2	32.2	50.4	50.4	55.6	55.6	54.5	54.5	56.0	57.0	53.9	48.7	53.5	52.9	48.2	49.7	49.0	49.2	50.6	52.1	52.4	52.2	52.6	50.8	47.7	46.9	42.6	37.8	32.8	30.1	28.3	25.2
2018/01/11 16:19:59	62.4	30.0	30.0	45.4	45.4	52.5	52.5	52.8	52.8	55.8	56.7	52.9	48.4	53.8	52.4	48.1	49.3	49.9	49.0	49.8	53.2	53.7	53.8	52.9	50.1	46.6	45.7	42.3	37.4	32.4	30.4	28.0	24.9
2018/01/11 16:20:00	64.0	31.4	31.4	46.2	46.2	53.1	53.1	54.8	54.8	53.8	52.6	56.3	49.0	53.8	54.3	49.7	51.1	51.8	50.8	52.8	55.3	55.4	55.7	53.0	50.7	48.1	46.8	43.7	38.9	33.4	30.8	28.5	25.0
2018/01/11 16:20:01	63.8	35.1	35.1	47.5	47.5	54.2	54.2	55.6	55.6	55.4	54.7	53.1	48.2	55.8	55.9	51.7	51.6	51.6	52.6	54.3	55.3	53.6	54.0	52.2	51.2	48.6	49.1	45.5	40.6	34.7	36.2	30.2	27.5
2018/01/11 16:20:02	62.2	34.8	34.8	50.1	50.1	55.0	55.0	54.7	54.7	55.1	56.1	55.7	47.9	53.6	55.7	49.1	50.4	50.2	50.1	50.9	53.2	53.6	52.2	51.1	49.5	46.4	46.2	43.0	38.0	33.6	31.1	28.8	25.5
2018/01/11 16:20:03	63.3	33.3	33.3	49.8	49.8	56.5	56.5	56.4	56.4	54.5	53.8	54.3	47.8	55.8	57.6	51.2	52.7	52.4	51.5	54.2	54.1	54.0	52.5	51.1	50.1	47.0	46.7	43.5	39.2	33.6	31.1	29.0	25.6
2018/01/11 16:20:04	63.7	33.1	33.1	52.7	52.7	59.1	59.1	58.2	58.2	56.8	55.6	57.2	52.2	55.9	56.4	50.8	52.5	52.4	52.3	55.1	55.4	53.4	52.4	51.1	50.4	48.3	47.8	45.0	40.2	35.0	32.4	30.2	26.6
2018/01/11 16:20:05	62.2	34.8	34.8	55.6	55.6	63.5	63.5	60.9	60.9	58.5	57.8	58.2	50.4	55.6	54.1	48.8	50.5	51.7	48.4	52.0	53.5	52.6	51.1	50.5	49.9	47.2	47.6	44.2	39.0	33.9	32.2	30.6	27.1
2018/01/11 16:20:06	62.7	31.1	31.1	52.9	52.9	59.5	59.5	58.4	58.4	58.2	57.8	58.6	52.5	56.0	56.1	50.9	52.0	52.1	49.7	52.4	53.6	53.1	51.6	50.9	50.1	47.9	47.6	44.4	39.5	34.6	32.5	31.7	27.8
2018/01/11 16:20:07	65.8	33.1	33.1	52.9	52.9	61.4	61.4	61.6	61.6	59.5	55.4	56.4	51.2	54.0	53.0	53.1	56.6	57.0	53.5	54.5	57.1	56.2	53.2	54.3	56.0	50.9	48.4	48.0	43.4	38.0	34.7	33.0	29.9
2018/01/11 16:20:08	65.2	32.1	32.1	51.2	51.2	58.5	58.5	61.0	61.0	61.6	58.3	58.2	53.2	55.3	54.5	55.6	57.4	54.9	52.7	53.3	55.7	55.8	54.3	53.2	54.2	50.4	49.4	47.3	41.2	35.7	32.8	31.3	27.6
2018/01/11 16:20:09	66.2	34.9	34.9	54.6	54.6	62.6	62.6	63.1	63.1	61.5	57.9	58.6	53.7	58.2	55.8	54.7	60.6	55.9	54.4	56.3	56.1	56.8	55.4	52.7	53.7	50.9	49.5	46.2	41.4	35.5	33.2	31.2	27.4
2018/01/11 16:20:10	67.8	35.5	35.5	54.1	54.1	62.5	62.5	65.8	65.8	64.0	58.0	59.4	53.7	60.1	59.4	56.6	61.3	57.7	55.7	57.5	57.2	58.4	57.8	55.2	54.0	53.0	51.7	47.9	43.9	37.6	35.5	33.6	28.9
2018/01/11 16:20:11	69.7	35.8	35.8	53.1	53.1	65.0	65.0	65.7	65.7	60.8	59.1	57.6	54.1	61.5	60.2	57.5	58.0	59.7	58.0	60.4	60.0	60.7	60.4	57.7	54.0	55.0	54.1	50.9	46.9	41.6	40.7	39.4	35.0
2018/01/11 16:20:12	71.9	40.9	40.9	57.9	57.9	67.8	67.8	66.7	66.7	64.6	63.3	60.8	56.6	64.2	63.1	57.9	61.2	61.0	60.0	63.0	62.2	62.6	61.9	60.4	57.4	57.3	57.6	54.8	50.3	46.4	44.8	43.9	39.7
2018/01/11 16:20:13	71.4	40.1	40.1	60.2	60.2	69.8	69.8	71.8	71.8	70.6	65.8	63.2	57.2	61.5	61.7	57.0	58.8	60.1	59.7	62.8	61.9	61.2	61.5	59.1	57.0	57.7	57.8	54.2	50.2	46.0	44.2	42.4	46.1
2018/01/11 16:20:14	71.1	39.2	39.2	61.2	61.2	70.4	70.4	72.8	72.8	72.8	69.7	68.1	62.0	65.8	62.5	59.3	59.3	59.6	58.6	61.7	62.8	61.8	60.7	57.7	55.7	54.9	53.9	50.6	45.4	40.1	36.3	34.7	35.3
2018/01/11 16:20:15	69.1	36.1	36.1	54.4	54.4	63.7	63.7	65.4	65.4	67.4	64.9	62.0	58.4	61.0	59.9	56.9	59.4	58.3	58.6	60.2	60.4	59.6	58.0	57.1	54.3	53.2	52.6	48.9	43.0	38.1	33.7	31.9	29.7
2018/01/11 16:20:16	66.0	34.0	34.0	51.7	51.7	60.2	60.2	62.5	62.5	61.8	59.7	59.1	53.4	57.1	58.2	54.9	56.4	56.5	56.6	57.3	56.5	55.7	55.3	52.1	51.2	51.4	49.9	44.6	39.6	34.2	29.9	27.9	26.5
2018/01/11 16:20:17	65.7	33.7	33.7	51.6	51.6	60.7	60.7	63.2	63.2	62.1	61.5	62.0	54.7	59.0	57.1	54.3	57.0	56.9	55.8	58.2	56.0	55.9	53.8	51.2	49.5	49.1	47.8	42.7	37.3	31.3	27.9	26.0	24.2
2018/01/11 16:20:18	66.1	37.5	37.5	54.6	54.6	63.5	63.5	67.8	67.8	66.3	63.2	64.8	57.9	61.7	58.6	54.6	57.1	56.1	56.1	57.7	56.7	55.8	54.9	51.8	49.6	47.8	46.4	41.8	35.7	29.1	26.0	24.5	23.1
2018/01/11 16:20:19	65.4	37.7	37.7	54.3	54.3	64.4	64.4	64.7	64.7	62.4	59.9	60.0	53.6	57.5	56.3	54.7	56.0	54.8	55.2	58.4	56.5	55.9	54.5	51.0	48.4	47.1	45.2	40.6	34.7	28.2	25.6	24.4	23.1
2018/01/11 16:20:20	66.7	40.3	40.3	58.2	58.2	68.4	68.4	70.9	70.9	69.5	65.8	66.4	64.4	66.9	63.5	58.3	56.2	55.3	54.9	56.6	55.6	55.2	54.2	50.1	47.6	46.6	45.6	40.7	35.2	29.2	25.3	24.7	23.3
2018/01/11 16:20:21	65.4	35.2	35.2	54.1	54.1	63.7	63.7	66.1	66.1	64.7	62.7	64.4	57.1	59.5	58.2	55.5	54.9	55.8	54.8	57.7	56.5	55.4	53.2	51.0	47.8	47.0	46.3	41.1	36.1	29.8	26.7	26.0	23.9
2018/01/11 16:20:22	65.5	37.8	37.8	55.1	55.1	63.7	63.7	64.0	64.0	60.6	59.1	60.2	54.5	58.3	59.4	54.7	54.7	55.3	55.0	57.9	56.6	55.9	54.4	51.6	48.3	47.9	47.6	42.8	37.8	31.4	28.0	26.4	24.3
2018/01/11 16:20:23	66.4	37.6	37.6	54.0	54.0	62.7	62.7	63.9	63.9	63.6	64.3	64.2	54.1	59.9	60.8	57.3	56.6	56.3	56.2	58.5	56.6	56.7	54.3	50.9	49.5	49.8	49.4	45.4	41.3	35.3	33.7	31.9	27.3
2018/01/11 16:20:24	66.0	32.3	32.3	50.8	50.8	60.2	60.2	62.3	62.3	60.8	58.9	58.1	52.9	59.5	60.7	57.5	56.6	55.6	55.8	57.5	56.5	55.9	54.5	51.3	50.7	50.0	50.2	44.9	40.3	34.2	32.2	30.5	26.1
2018/01/11 16:20:25	66.3	32.4	32.4	51.0	51.0	60.4	60.4	64.1	64.1	62.3	59.8	59.0	53.6	59.0	58.3	59.2	57.4	56.5	55.7	57.4	56.7	56.8	55.6	51.9	50.1	51.0	49.4	44.7	41.7	34.4	29.0	27.3	24.0
2018/01/11 16:20:26	66.2	36.3	36.3	54.2	54.2	63.3	63.3	65.4	65.4	61.7	60.1	61.2	57.9	60.4	61.2	59.3	57.9	55.9	56.8	58.2	56.4	55.2	54.1	51.1	49.3	48.7	47.4	42.3	38.6	32.6	27.6	26.0	23.5
2018/01/11 16:20:27	66.0	36.7	36.7	54.1	54.1	65.8	65.8	68.3	68.3	63.2	59.8	59.0	54.5	59.6	60.9	58.5	58.8	57.7	56.6	57.5	55.9	55.5	53.7	49.6	47.3	46.7	45.8	41.8	34.9	29.1	26.0	24.3	22.6
2018/01/11 16:20:28	66.4	35.4	35.4	53.7	53.7	64.7	64.7	66.2	66.2	61.9	58.8	59.4	53.9	60.2	61.8	59.7	60.2	57.7	56.3	58.2	56.8	55.0	54.2	50.5	47.9	46.7	46.1	40.9	35.4	29.2	26.2	24.2	22.7
2018/01/11 16:20:29	66.6	36.1	36.1	54.4	54.4	64.6	64.6	64.9	64.9	59.8	59.7	63.1	57.1	60.7	62.1	60.5	60.0	57.6	56.8	57.4	56.0	55.4	54.3	51.0	48.7	48.2	47.4	41.7	37.1	30.4	26.9	24.7	23.5
2018/01/11 16:20:30	68.1	36.3	36.3	57.2	57.2	65.0	65.0	63.9	63.9	61.5	61.2	63.4	58.2	61.9	63.4	63.8	62.3	59.9	59.3	58.1	56.8	55.8	54.8	51.9	50.3	49.0	47.7	43.3	38.9	32.8	29.9	27.1	24.6
2018/01/11 16:20:31	69.2	36.0	36.0	56.1	56.1	64.8	64.8	64.8	64.8	63.3	61.8	65.2	59.1	62.6	64.9	65.1	63.3	60.9	61.4	58.8	56.0	56.4	55.5	52.9	52.5	51.8	51.1	46.4	42.9	36.2	32.9	31.7	27.4
2018/01/11 16:20:32	72.7	39.7	39.7	60.4	60.4	68.3	68.3	66.8	66.8	65.5	68.5	69.2	64.8	69.4	69.5	68.0	66.0	64.1	62.5	62.1	59.8	60.0	58.6	56.8	56.7	56.2	56.4	53.5	48.7	41.8	41.2	40.2	35.4
2018/01/11 16:20:33	75.1	40.3	40.3	62.9	62.9	71.3	71.3	71.4	71.4	72.2	73.7	72.1	69.7	71.7	71.0	68.9	67.5	65.0	65.0	62.9	61.9	63.1	61.9	59.9	59.4	60.9	62.0	57.9	54.6	49.2	49.1	49.6	46.9
2018/01/11 16:20:34	71.6	35.0	35.0	57.8	57.8	66.3	66.3	67.5	67.5	67.7	70.7	69.8	60.6	65.2	68.8	65.9	65.0	62.3	61.1	60.7	59.6	57.9	58.0	57.0	56.1	57.1	56.5	52.6	50.7	44.7	45.0	44.6	41.0
2018/01/11 16:20:35	67.6	35.0	35.0	53.9	53.9	60.7	60.7	61.2	61.2	61.0	62.0	61.1	57.1	62.3	61.0	59.1	59.1	61.0	56.5	57.5	56.7	55.4	54.8	53.4	53.9	53.9	54.1	49.2	44.6	38.0	37.1	37.3	32.3
2018/01/11 16:20:36	66.3	34.6	34.6	47.5	47.5	58.8	58.8	62.0	62.0	60.8	63.1	61.7	55.7	60.3	61.3	55.7	55.4	57.5	57.2	58.2	56.0	54.7	53.6	51.2	51.2	51.9	51.3	47.1	42.6	35.9	33.9	33.3	29.2
2018/01/11 16:20:37	65.6	37.4	37.4	53.2	53.2	60.9	60.9	62.7	62.7	62.5	61.2	61.4	56.0	60.3	59.8	54.7	53.8	56.8	56.1	56.8	56.3	54.5	53.6	50.7	50.2	50.5	50.9	45.4	40.6	34.2	31.1	30.6	28.2
2018/01/11 16:20:38	65.2	34.8	34.8	55.8	55.8	63.3	63.3	63.6	63.6	62.3	61.4	63.1	56.2	60.4	57.6	53.4	53.7	54.7	54.2	56.1	55.9	55.3	54.0	50.9	50.3	50.3	50.4	45.5	40.0	34.2	37.2	31.5	29.6
2018/01/11 16:20:39	64.8	41.8	41.8	53.3	53.3	62.1	62.1	63.3	63.3	62.3	61.0	61.7	56.2	59.3	56.6	55.0	54.0	54.9	53.6	55.5	55.5	54.6	52.8	50.9	50.0	51.1	50.1	47.9	42.5	36.6	34.8	34.6	32.7
2018/01/11 16:20:40	65.1	36.2	36.2	56.8	56.8	64.5	64.5	64.6	64.6	62.7	61.7	61.1	56.9	59.2	57.0	51.6	54.5	53.9	54.1	55.6	56.0	54.8	53.7	52.0	51.4	51.1	50.7	47.7	42.2	38.7	35.4	35.2	32.1
2018/01/11 16:20:41	66.0	40.6	40.6	59.6	59.6	67.2	67.2	68.8	68.8	68.3	66.2	68.7	63.4	64.2	60.7	55.5	54.9	53.7	54.0	55.6	55.1	54.2	52.9	50.8	50.4	50.8	50.4	46.3	40.8	35.7	37.4	32.6	29.9
2018/01/11 16:20:42	67.9	38.0	38.0	60.2	60.2	66.9	66.9	65.5	65.5	66.9	64.9	67.8	58.2	60.6	59.8	57.0	59.1	59.5	56.1	57.0	56.9	57.9	56.1	53.6	52.3	54.2	55.1	53.2	47.0	44.6	41.8	39.4	36.4
2018/01/11 16:20:43	65.6	38.8	38.8	56.9	56.9	64.5	64.5	66.0	66.0	67.6	63.1	63.8	58.7	59.0	57.1	55.8	56.2	55.9	54.6	54.8	55.4	55.7	54.7	52.5	51.1	50.9	50.2	47.0	41.9	37.7	35.9	35.9	29.8
2018/01/11 16:20:44	72.0	37.0	37.0	55.8	55.8	64.5	64.5	65.6	65.6	63.8	63.2	65.8	61.1	66.0	67.2	64.4	60.7	60.6	60.8	61.8	61.8	59.9	61.8	59.3	58.9	59.3	58.0	53.8	48.0	41.3	40.9	43.1	32.7
2018/01/11 16:20:45	73.3	35.1	35.1	51.7	51.7	62.4	62.4	62.5	62.5	57.9	60.1	64.0	60.3	64.8	66.0	61.6	60.4	62.2	61.5	63.8	63.6	61.7	63.3	60.5	61.5	61.6	60.8	56.0	50.9	45.1	43.2	41.3	36.6
2018/01/11 16:20:46	72.2	33.8	33.8	54.4	54.4	61.7	61.7	60.3	60.3	58.0	60.9	65.3	57.6	67.2	64.1	59.5	61.6	61.8	61.8	62.1	60.7	60.3	61.8	59.5	58.9	60.7	60.5	55.3	50.0	43.2	39.4	35.7	31.7
2018/01/11 16:20:47	69.3	34.7	34.7	54.6	54.6	62.2	62.2	59.3	59.3	60.0	59.6	64.6	56.5	58.9	61.7	56.8	58.0	58.4	58.7	60.6	60.3	58.7	58.5	56.5	54.8	56.0	55.5	51.3	46.8	39.7	39.6	35.1	31.2
2018/01/11 16:20:48	70.7	39.2	39.2	56.1	56.1	66.6	66.6	65.7	65.7	58.8	58.2	62.0	56.5	61.3	60.8	58.5	61.9	59.7	59.1	61.2	60.4	60.1	60.3	59.7	57.6	58.1	56.3	52.4	47.4	41.6	42.2	37.2	34.6
2018/01/11 16:20:49	76.2	37.8	37.8	54.4	54.4	65.2	65.2	66.8	66.8	62.9	61.2	69.3	60.9	68.5	68.1	65.0	66.3	65.6	64.9	67.4	66.0	64.9	64.2	63.2	62.2	62.9	64.8	62.2	55.9	50.4	48.7	48.4	45.9
2018/01/11 16:20:50	72.3	35.5	35.5	56.2	56.2	65.4	65.4	64.6	64.6	60.1	60.0	62.2	57.6	62.1	61.6	61.0	63.1	63.0	62.4	63.6	63.5	61.6	61.7	58.9	58.2	57.5	58.1	54.6	46.9	41.3	37.6	36.5	31.7
2018/01/11 16:20:51	73.1	33.4	33.4	55.9	55.9	64.6	64.6	64.5	64.5	60.8	58.7	63.3	55.5	61.6	58.9	58.6	63.4	63.3	62.6	62.4	64.0	64.9	64.0	60.3	57.4	57.4	56.5	54.0	49.0	43.7	41.8	41.0	36.4
2018/01/11 16:20:52	74.4	43.3	43.3	63.2	63.2	72.2	72.2	71.9	71.9	68.5	65.7	67.6	63.8	67.6	64.4	62.3	65.6	63.6	64.6	64.9	65.2	64.8	63.3	60.8	58.8	59.9	60.0	57.5	52.3	47.9	47.7	43.2	41.7
2018/01/11 16:20:53	70.3	39.9	39.9	59.7	59.7	68.6	68.6	67.6	67.6	63.9	60.5	60.6	55.8	59.9	58.9	57.5	60.4	59.5	58.8	60.5	61.4	62.4	60.0	58.0	56.4	55.3	53.8	50.0	43.3	37.5	33.6	31.2	26.8
2018/01/11 16:20:54	71.4	44.8	44.8	60.7	60.7	71.0	71.0	69.4	69.4	61.9	59.8	61.6	56.6	59.7	61.5	58.1	59.9	60.2	59.1	61.7	63.4	62.8	60.7	58.6	57.4	57.4	56.7	54.6	47.9	41.2	39.8	38.1	33.7
2018/01/11 16:20:55	70.2	36.5	36.5	57.7	57.7	66.6	66.6	66.2	66.2	63.0	62.9	61.4	53.8	58.7	61.0	58.4	60.3	59.2	58.6	60.4	62.0	61.1	59.8	58.3	55.6	55.2	54.0	50.1	44.7	39.3	36.6	33.0	29.9
2018/01/11 16:20:56	71.9	36.6	36.6	58.6	58.6	68.9	68.9	72.3	72.3	67.7	57.9	62.2	56.1	63.8	60.8	62.0	63.9	61.5	59.9	62.9	63.4	62.5	61.6	57.8	56.4	56.1	55.3	52.6	47.5	41.1	39.6	38.3	33.8
2018/01/11 16:20:57	71.2	36.5	36.5	53.0	53.0	65.3	65.3	68.1	68.1	63.8	59.8	62.9	60.5	62.0	62.8	61.6	62.8	61.6	60.3	61.3	62.3	62.0	59.1	58.2	56.4	56.0	56.4	52.8	48.0	42.7	39.7	38.4	34.3
2018/01/11 16:20:58	70.7	37.7	37.7	53.9	53.9	61.5	61.5	62.8	62.8	58.4	65.0	66.9	58.8	59.7	60.5	59.7	61.1	60.7	59.1	59.1	61.8	61.9	60.6	58.1	56.7	55.7	56.1	52.6	47.5	41.8	41.2	40.8	35.7
2018/01/11 16:20:59	71.4	38.6	38.6	54.5	54.5	65.7	65.7	67.4	67.4	62.5	65.3	65.9	57.6	59.2	60.8	60.4	60.5	61.1	60.1	62.7	62.2	62.0	61.2	59.0	57.0	56.6	56.1	53.4	47.9	42.7	41.5	43.3	37.1
2018/01/11 16:21:00	70.4	37.8	37.8	57.9	57.9	67.1	67.1	67.0	67.0	63.2	64.8	62.7	53.1	59.9	60.7	58.7	59.3	59.0	58.6	61.8	62.4	61.3	59.7	57.8	56.0	54.8	54.2	50.8	45.1	39.4	35.9	35.4	30.1
2018/01/11 16:21:01	71.4	41.6	41.6	62.7	62.7	70.1	70.1	68.9	68.9	66.5	63.7	62.8	56.0	60.7	62.6	59.7	60.8	62.0	60.8	62.9	61.8	61.0	61.3	59.4	56.9	55.6	55.3	51.9	47.9	41.1	40.3	35.7	32.5
2018/01/11 16:21:02	72.6	44.6	44.6	63.4	63.4	71.7	71.7	71.1	71.1	67.7	64.7	65.4	60.2	63.3	63.2	61.6	61.8	63.3	61.3	63.8	63.3	63.8	62.0	59.9	57.8	57.0	56.5	53.8	48.5	43.0	38.8	35.0	32.3
2018/01/11 16:21:03	72.4	39.6	39.6	62.0	62.0	69.6	69.6	69.5	69.5	65.2	63.3	63.1	57.9	63.9	64.7	58.3	61.8	61.3	60.7	63.6	63.6	62.9	62.3	60.4	57.7	57.0	55.8	52.7	47.0	42.2	37.6	34.7	33.4
2018/01/11 16:21:04	71.1	37.2	37.2	57.8	57.8	67.1	67.1	66.1	66.1	62.3	61.5	63.2	59.4	61.8	61.9	57.6	60.1	60.9	59.5	62.8	61.8	61.3	61.4	59.8	56.5	55.9	54.7	51.7	45.1	39.2	34.8	32.1	29.5
2018/01/11 16:21:05	71.6	37.2	37.2	59.6	59.6	67.5	67.5	65.3	65.3	64.3	63.5	65.3	58.7	61.3	61.7	57.5	59.8	61.8	62.2	63.0	61.1	61.5	61.8	59.9	56.5	57.5	55.7	52.9	46.2	40.1	37.1	35.1	34.4
2018/01/11 16:21:06	70.5	35.7	35.7	56.4	56.4	63.7	63.7	61.6	61.6	61.5	61.5	60.7	57.5	62.5	60.1	57.4	58.9	60.0	59.9	62.2	61.2	60.7	60.7	58.5	56.8	54.9	52.9	48.5	42.6	36.1	33.6	31.3	27.2
2018/01/11 16:21:07	72.7	37.7	37.7	56.4	56.4	63.4	63.4	63.4	63.4	59.9	57.7	60.4	55.9	61.8	63.2	60.0	63.0	63.2	61.5	64.3	64.0	62.1	62.0	61.2	58.6	56.9	56.9	56.1	49.6	43.0	41.3	39.5	35.0
2018/01/11 16:21:08	72.1	37.1	37.1	54.6	54.6	65.2	65.2	65.4	65.4	59.4	56.9	61.7	58.0	63.9	61.7	60.8	60.5	62.0	63.3	63.1	63.1	62.6	61.7	59.0	57.3	56.9	56.2	52.8	47.3	40.3	37.8	36.7	35.8
2018/01/11 16:21:09	70.8	40.4	40.4	56.2	56.2	66.2	66.2	67.2	67.2	64.1	61.9	63.6	58.9	63.5	61.4	58.9	59.2	58.8	59.5	62.7	62.7	61.8	60.5	57.9	55.9	54.5	52.8	49.6	44.3	38.3	35.5	31.0	28.7
2018/01/11 16:21:10	70.9	36.6	36.6	54.1	54.1	63.8	63.8	65.1	65.1	62.8	62.5	62.3	58.6	64.0	63.8	59.9	60.2	58.9	59.2	62.2	62.9	62.4	59.7	57.5	54.9	54.5	53.3	49.7	45.4	39.4	36.3	34.4	31.0
2018/01/11 16:21:11	67.8	39.3	39.3	55.6	55.6	66.2	66.2	65.6	65.6	59.0	59.8	59.7	55.8	62.1	60.2	55.6	56.5	57.8	57.7	58.5	58.9	58.4	57.4	54.9	53.0	51.6	50.4	45.8	40.8	34.8	31.8	31.0	27.8
2018/01/11 16:21:12	69.4	37.5	37.5	53.0	53.0	62.0	62.0	63.8	63.8	57.9	57.4	59.9	55.1	60.4	60.0	55.2	56.9	57.3	58.1	61.0	60.5	61.7	59.9	57.1	53.7	52.7	50.9	46.4	41.7	35.8	32.7	30.9	27.3
2018/01/11 16:21:13	71.3	37.5	37.5	55.5	55.5	63.3	63.3	64.8	64.8	60.6	56.0	58.6	55.9	64.0	65.1	57.1	58.2	59.6	59.9	64.0	62.8	62.0	60.7	58.6	55.4	53.9	53.0	50.3	44.9	39.0	36.1	35.5	33.0
2018/01/11 16:21:14	69.9	33.8	33.8	52.1	52.1	59.3	59.3	61.7	61.7	60.4	54.9	57.4	53.0	63.8	67.8	58.9	56.6	56.1	57.0	59.8	60.4	60.6	60.8	57.9	53.5	52.4	52.5	48.8	43.7	41.5	38.7	38.1	34.0
2018/01/11 16:21:15	71.1	38.3	38.3	55.4	55.4	62.7	62.7	63.1	63.1	60.4	57.7	57.8	57.7	69.6	66.9	58.6	59.1	59.4	58.6	61.5	62.3	60.7	59.7	58.1	55.3	54.7	57.8	52.9	46.9	46.7	43.5	43.3	40.0
2018/01/11 16:21:16	66.4	39.9	39.9	54.4	54.4	64.4	64.4	65.8	65.8	60.8	59.4	58.9	58.0	64.3	58.8	52.7	53.8	53.8	54.6	58.4	57.9	56.8	55.4	52.6	50.7	49.7	49.8	45.3	39.1	34.7	30.3	29.4	26.5
2018/01/11 16:21:17	68.7	35.0	35.0	53.0	53.0	62.7	62.7	65.4	65.4	64.6	61.0	59.8	57.0	67.1	61.9	54.2	55.9	57.5	58.5	62.3	59.3	58.4	56.9	54.2	51.5	51.1	50.4	47.7	42.7	35.9	33.2	32.4	30.5
2018/01/11 16:21:18	66.1	31.0	31.0	48.3	48.3	57.7	57.7	59.5	59.5	56.9	53.0	55.9	59.4	65.4	56.7	51.9	53.0	52.5	54.6	58.5	57.8	56.5	55.1	52.5	49.7	48.6	47.6	43.7	38.9	33.6	29.8	28.8	27.6
2018/01/11 16:21:19	64.1	31.9	31.9	52.3	52.3	61.2	61.2	61.8	61.8	57.7	53.6	55.7	52.9	56.5	54.8	50.8	54.0	54.4	53.0	56.3	55.9	55.3	52.7	49.4	47.9	47.2	46.2	42.9	36.6	30.4	29.0	27.6	28.8
2018/01/11 16:21:20	61.5	32.1	32.1	52.4	52.4	58.4	58.4	58.9	58.9	57.6	53.9	53.8	51.8	56.3	54.9	51.8	53.2	51.2	50.1	54.4	52.5	50.2	48.6	47.7	45.3	46.1	44.9	41.9	35.4	31.5	30.1	29.6	28.5
2018/01/11 16:21:21	57.8	34.0	34.0	49.1	49.1	58.5	58.5	60.4	60.4	57.4	53.6	53.2	49.2	53.6	50.6	49.4	51.5	49.3	44.7	48.0	48.1	46.9	44.3	44.4	43.1	41.8	40.5	35.6	28.8	25.8	24.0	38.0	32.6
2018/01/11 16:21:22	56.1	31.4	31.4	49.3	49.3	59.1	59.1	59.5	59.5	55.3	52.9	53.7	48.3	51.1	49.4	47.5	49.0	48.6	44.7	45.5	46.0	43.9	43.0	42.7	41.4	40.7	39.0	33.4	26.8	24.6	22.2	41.3	25.3
2018/01/11 16:21:23	56.0	31.1	31.1	47.9	47.9	56.9	56.9	58.0	58.0	54.2	50.5	53.5	46.1	50.2	48.8	45.9	48.8	48.2	44.9	46.6	46.3	44.2	43.3	42.1	40.2	39.9	37.7	32.3	25.8	21.8	22.2	46.7	22.6
2018/01/11 16:21:24	57.2	29.5	29.5	46.7	46.7	57.2	57.2	57.5	57.5	52.9	51.8	53.1	47.4	50.2	50.1	48.2	50.8	47.9	47.0	48.7	47.9	46.1	45.2	43.4	41.1	39.5	37.4	32.0	24.4	21.9	21.2	22.5	22.5
2018/01/11 16:21:25	58.3	35.8	35.8	51.0	51.0	59.7	59.7	61.6	61.6	58.8	55.2	54.4	47.6	50.7	50.4	49.2	51.7	49.3	47.9	49.8	48.9	47.3	45.9	44.5	42.0	40.5	37.9	33.4	26.8	22.3	21.3	22.4	22.5
2018/01/11 16:21:26	58.6	35.3	35.3	50.6	50.6	60.3	60.3	62.5	62.5	59.9	57.8	58.3	51.0	53.6	51.3	50.0	51.2	48.0	46.5	50.7	49.8	47.3	45.6	43.2	40.5	40.2	38.3	33.5	27.4	22.7	21.5	22.7	23.0
2018/01/11 16:21:27	60.2	32.8	32.8	49.6	49.6	58.9	58.9	61.8	61.8	60.5	60.1	60.2	51.3	53.1	52.3	49.8	53.3	48.8	49.2	53.8	50.9	48.6	47.5	44.6	41.5	41.3	40.2	35.1	29.0	24.5	22.0	22.5	22.7
2018/01/11 16:21:28	61.5	34.8	34.8	49.3	49.3	58.0	58.0	60.7	60.7	56.9	54.6	53.7	50.8	52.8	53.3	51.4	53.8	52.1	51.1	53.3	53.6	51.7	49.3	45.7	44.6	45.1	44.5	39.9	35.5	28.9	26.1	24.2	23.4
2018/01/11 16:21:29	63.4	35.3	35.3	49.3	49.3	57.5	57.5	60.7	60.7	57.6	55.6	55.8	50.7	55.9	54.4	51.1	55.0	53.0	51.2	56.1	55.4	54.3	52.0	48.0	46.4	45.5	45.0	40.9	34.9	30.4	27.7	24.2	23.1
2018/01/11 16:21:30	63.0	33.0	33.0	49.1	49.1	56.6	56.6	56.3	56.3	54.1	52.9	53.1	48.0	53.7	49.7	49.1	52.0	50.9	50.6	54.6	55.7	54.5	52.9	50.6	46.5	46.7	44.0	39.6	33.8	27.1	24.6	22.9	21.8
2018/01/11 16:21:31	61.6	33.4	33.4	47.0	47.0	53.3	53.3	55.3	55.3	55.3	53.2	54.1	48.2	52.5	51.7	49.6	51.3	50.4	49.0	52.7	53.8	52.2	51.5	50.3	46.2	46.0	43.0	37.0	30.4	25.2	22.3	22.7	22.7
2018/01/11 16:21:32	60.2	28.8	28.8	45.1	45.1	53.0	53.0	55.3	55.3	53.3	51.1	52.2	48.0	51.3	51.1	47.9	50.1	50.1	47.7	50.2	52.0	52.1	50.7	47.4	43.7	43.2	41.0	35.3	28.4	24.4	21.9	22.6	22.4
2018/01/11 16:21:33	60.3	26.7	26.7	43.8	43.8	52.3	52.3	53.4	53.4	50.8	48.7	51.8	49.6	52.8	50.6	47.1	49.9	51.5	46.6	51.2	53.0	51.3	50.7	46.7	42.7	41.2	39.8	35.6	27.9	23.4	21.5	22.5	22.3
2018/01/11 16:21:34	59.3	27.6	27.6	45.5	45.5	53.3	53.3	52.8	52.8	50.8	49.6	50.3	51.5	52.8	51.1	48.6	49.6	50.4	47.7	51.7	50.5	49.9	48.2	45.2	42.1	41.1	39.9	34.7	27.5	24.1	21.8	22.7	22.5
2018/01/11 16:21:35	59.7	26.8	26.8	45.4	45.4	52.9	52.9	53.3	53.3	52.4	49.7	54.2	53.3	54.4	52.0	51.5	50.5	52.9	50.2	51.4	50.8	48.5	47.6	44.6	41.4	40.8	38.9	34.5	28.5	25.7	22.6	22.6	22.6
2018/01/11 16:21:36	61.3	27.6	27.6	46.3	46.3	56.7	56.7	57.6	57.6	54.1	55.4	59.0	59.2	55.7	52.5	52.1	53.3	53.4	51.9	52.7	51.0	50.3	48.8	47.0	44.1	44.0	42.1	38.0	31.9	28.2	24.9	23.5	23.1
2018/01/11 16:21:37	66.5	34.3	34.3	48.2	48.2	60.2	60.2	61.1	61.1	55.1	53.8	60.0	61.6	59.6	54.7	56.0	57.4	57.9	56.7	57.5	57.9	58.1	53.6	53.1	48.3	47.9	46.3	42.9	35.9	32.5	28.4	25.9	24.9
2018/01/11 16:21:38	66.2	28.6	28.6	47.2	47.2	56.3	56.3	56.9	56.9	54.4	54.8	59.5	60.4	60.3	57.2	55.1	61.1	60.5	56.2	56.0	55.4	54.9	53.4	51.8	49.3	49.7	47.3	46.4	39.9	37.3	34.6	31.5	31.5
2018/01/11 16:21:39	73.0	37.6	37.6	50.2	50.2	58.0	58.0	60.6	60.6	62.0	63.3	67.4	60.8	67.4	65.6	62.6	67.2	65.6	59.8	62.3	63.7	61.9	61.0	59.5	57.7	57.5	56.7	54.7	50.4	48.3	46.1	45.1	40.9
2018/01/11 16:21:40	77.1	48.3	48.3	66.2	66.2	75.8	75.8	77.7	77.7	74.4	73.1	76.2	72.0	74.8	72.8	69.3	70.9	68.3	63.5	64.6	65.9	65.4	64.5	63.2	61.1	61.4	60.7	59.8	54.1	51.2	47.9	47.9	43.2
2018/01/11 16:21:41	73.4	49.7	49.7	65.7	65.7	75.3	75.3	76.7	76.7	74.3	73.0	73.0	68.3	70.6	68.1	66.7	62.6	63.1	58.4	59.9	62.0	60.1	60.9	60.8	61.6	60.1	59.5	57.6	50.1	47.4	47.7	45.7	41.9
2018/01/11 16:21:42	70.2	33.0	33.0	51.5	51.5	61.0	61.0	62.7	62.7	62.2	62.7	63.0	57.5	59.1	54.4	52.4	55.0	55.9	53.8	55.8	58.9	60.5	63.1	58.4	57.6	56.8	60.2	57.2	49.5	45.3	48.5	49.4	43.3
2018/01/11 16:21:43	64.2	35.5	35.5	52.0	52.0	60.1	60.1	59.7	59.7	59.2	58.8	57.6	53.0	55.4	52.5	50.8	52.8	53.0	51.1	53.0	54.2	53.2	51.8	51.7	52.4	53.6	54.4	48.7	44.8	41.0	37.8	37.5	35.4
2018/01/11 16:21:44	62.5	33.8	33.8	50.8	50.8	59.9	59.9	60.6	60.6	57.7	56.1	54.1	50.0	55.4	52.2	48.9	51.4	50.8	49.6	52.5	53.0	53.5	51.6	49.7	48.8	49.6	48.8	45.6	42.8	39.1	50.6	33.1	30.9
2018/01/11 16:21:45	63.3	32.4	32.4	51.6	51.6	60.2	60.2	60.4	60.4	57.7	55.4	56.0	52.8	55.8	52.1	49.1	54.3	53.2	51.3	52.9	54.0	53.3	51.7	50.5	49.8	50.6	48.4	44.7	39.1	33.9	55.7	30.1	27.5
2018/01/11 16:21:46	60.9	32.8	32.8	54.6	54.6	62.3	62.3	59.7	59.7	58.0	56.1	56.7	50.8	52.6	49.3	47.1	53.7	51.1	48.6	51.1	52.0	51.2	49.1	48.3	45.5	47.2	45.2	42.1	37.2	31.4	29.3	29.0	26.9
2018/01/11 16:21:47	60.7	34.5	34.5	54.0	54.0	62.2	62.2	61.2	61.2	58.4	57.9	56.5	47.8	51.4	49.3	48.1	52.0	50.2	49.1	50.9	51.7	51.7	50.3	48.4	45.6	46.2	44.2	40.1	34.2	29.3	26.2	26.2	24.8
2018/01/11 16:21:48	61.5	33.5	33.5	52.7	52.7	61.0	61.0	58.5	58.5	54.0	53.8	55.5	48.5	51.8	50.1	51.2	53.6	51.7	50.6	52.2	52.2	52.3	51.2	49.0	46.0	46.4	43.9	40.1	33.8	29.3	26.1	26.0	24.6
2018/01/11 16:21:49	64.0	33.1	33.1	52.4	52.4	61.5	61.5	60.7	60.7	54.6	52.8	57.5	51.2	53.3	54.5	53.5	56.0	53.0	54.1	55.9	55.6	54.4	53.3	50.2	47.8	47.6	45.5	41.0	35.3	30.4	27.7	26.5	25.0
2018/01/11 16:21:50	64.3	36.7	36.7	56.0	56.0	63.9	63.9	63.2	63.2	61.2	59.3	59.2	52.9	55.6	56.0	51.5	55.1	53.9	53.7	55.6	55.4	55.0	53.7	50.8	48.5	49.2	45.9	41.7	36.3	31.1	28.5	26.9	25.2
2018/01/11 16:21:51	64.6	34.0	34.0	53.1	53.1	61.9	61.9	60.1	60.1	55.0	54.6	57.2	51.3	53.8	57.0	51.8	53.9	53.2	52.7	56.6	57.0	55.1	54.3	50.8	48.8	48.6	47.6	43.3	37.0	31.4	30.0	27.2	25.5
2018/01/11 16:21:52	62.9	33.3	33.3	52.2	52.2	61.6	61.6	60.4	60.4	54.8	54.3	55.5	52.6	55.4	56.0	51.3	52.7	52.3	51.8	54.2	54.4	53.3	52.0	49.8	47.4	47.7	45.8	42.4	36.1	30.3	29.2	27.2	25.4
2018/01/11 16:21:53	63.8	34.1	34.1	51.8	51.8	60.9	60.9	59.9	59.9	54.2	53.6	56.6	51.8	57.3	54.9	50.4	54.2	52.8	52.5	55.2	55.6	54.4	52.0	50.4	48.6	49.1	48.9	46.2	40.6	35.0	32.6	31.6	28.6
2018/01/11 16:21:54	61.3	33.8	33.8	51.7	51.7	61.5	61.5	61.4	61.4	56.1	55.9	59.2	52.5	54.9	51.7	50.1	52.3	50.7	49.1	51.5	52.6	51.1	49.3	48.1	46.5	47.6	47.0	44.6	40.3	35.8	32.3	31.3	30.6
2018/01/11 16:21:55	60.3	36.9	36.9	56.4	56.4	66.1	66.1	64.4	64.4	55.4	57.5	60.9	49.8	51.8	49.9	46.2	51.9	50.8	48.8	50.6	51.5	50.1	48.5	46.7	45.9	46.5	44.1	40.1	34.4	28.7	26.7	27.2	31.3
2018/01/11 16:21:56	60.1	39.3	39.3	57.4	57.4	67.1	67.1	64.7	64.7	54.4	54.5	56.7	49.4	52.0	48.9	47.2	52.2	49.7	48.6	50.4	51.9	50.5	47.7	46.9	44.9	45.8	43.7	39.7	34.0	28.1	26.2	26.3	40.0
2018/01/11 16:21:57	60.6	38.5	38.5	57.3	57.3	66.9	66.9	64.9	64.9	56.0	54.0	54.3	48.5	51.9	49.7	48.0	53.0	51.0	50.5	51.7	52.1	50.8	48.2	47.3	45.3	45.4	43.3	39.7	33.6	28.2	26.4	28.2	35.5
2018/01/11 16:21:58	60.7	36.9	36.9	56.4	56.4	65.5	65.5	62.6	62.6	54.2	54.6	54.1	47.6	52.3	48.8	47.2	52.2	51.4	50.0	51.9	52.5	51.2	48.6	47.3	45.6	46.4	43.8	40.0	34.1	28.7	26.3	26.1	24.6
2018/01/11 16:21:59	63.0	41.4	41.4	62.3	62.3	71.1	71.1	67.9	67.9	58.9	58.5	55.8	49.1	53.6	51.4	52.6	55.4	55.5	54.6	54.1	53.6	52.6	50.2	48.2	46.3	47.1	46.0	42.2	36.5	30.1	27.1	26.4	24.7
2018/01/11 16:22:00	63.8	45.1	45.1	66.1	66.1	74.8	74.8	71.2	71.2	57.4	56.7	54.8	49.6	54.8	52.4	54.7	55.8	55.0	54.3	54.5	55.4	53.6	51.2	48.9	48.0	47.9	47.8	44.4	37.8	31.4	29.5	28.2	26.3
2018/01/11 16:22:01	63.8	42.3	42.3	61.9	61.9	71.1	71.1	68.7	68.7	60.7	57.9	56.0	49.6	52.3	52.1	51.7	53.8	52.8	51.8	53.8	52.5	52.9	54.5	52.5	50.4	50.0	51.2	48.8	41.7	37.6	38.7	37.9	33.8
2018/01/11 16:22:02	78.4	37.7	37.7	56.6	56.6	66.7	66.7	65.2	65.2	57.5	53.5	54.6	50.2	54.1	49.7	49.5	52.7	53.3	54.6	58.3	63.4	65.6	69.5	69.3	68.8	67.0	70.4	69.3	59.7	55.8	54.2	54.5	50.3
2018/01/11 16:22:03	62.5	36.7	36.7	54.8	54.8	66.0	66.0	67.0	67.0	61.8	56.6	57.1	52.9	54.8	49.5	49.5	53.2	51.6	49.6	52.0	54.9	53.6	50.0	50.5	47.8	48.2	48.4	43.0	36.6	31.6	28.4	28.0	25.2
2018/01/11 16:22:04	64.4	38.5	38.5	55.6	55.6	66.6	66.6	68.6	68.6	63.1	57.9	59.8	56.8	57.6	55.1	53.6	54.8	54.6	51.9	54.8	55.2	54.5	51.5	51.9	50.1	50.5	51.0	46.9	41.6	36.7	34.1	32.4	28.6
2018/01/11 16:22:05	65.4	41.3	41.3	55.9	55.9	69.3	69.3	71.0	71.0	63.4	58.5	63.1	56.6	58.9	55.5	56.1	56.1	54.5	53.7	56.7	55.0	54.4	53.7	52.8	51.2	51.2	51.3	47.9	43.0	37.1	35.6	34.5	31.0
2018/01/11 16:22:06	66.4	42.1	42.1	57.9	57.9	70.8	70.8	71.5	71.5	63.6	61.5	64.9	58.9	59.4	58.2	58.4	57.4	55.9	54.4	56.3	55.2	54.8	54.8	54.5	52.8	53.0	52.6	51.0	45.6	41.0	38.7	37.3	33.8
2018/01/11 16:22:07	68.1	38.1	38.1	54.3	54.3	70.6	70.6	76.0	76.0	71.7	65.3	67.3	61.6	62.8	59.5	57.6	58.1	58.0	55.7	57.0	56.5	57.0	57.3	56.0	54.9	54.4	53.8	50.3	47.3	42.3	38.5	38.1	33.9
2018/01/11 16:22:08	71.5	38.2	38.2	57.6	57.6	66.7	66.7	68.4	68.4	67.5	65.6	68.5	59.4	63.4	62.3	65.9	66.0	60.8	60.0	62.4	61.2	59.7	59.6	57.0	56.6	57.2	55.7	51.3	46.9	40.1	39.0	37.3	32.7
2018/01/11 16:22:09	71.7	36.8	36.8	55.6	55.6	64.8	64.8	65.0	65.0	65.2	63.5	61.0	59.7	62.8	62.5	62.6	62.6	60.3	58.7	61.9	61.5	60.9	61.4	58.8	57.9	59.7	59.9	55.8	50.2	43.7	42.1	41.5	35.9
2018/01/11 16:22:10	69.4	44.2	44.2	59.1	59.1	71.4	71.4	72.1	72.1	69.7	67.3	62.3	58.0	60.1	59.7	60.3	59.8	58.7	57.6	59.3	59.2	59.3	58.4	57.0	56.0	56.0	55.7	52.9	47.5	42.3	39.6	37.9	33.7
2018/01/11 16:22:11	71.2	42.5	42.5	60.1	60.1	74.7	74.7	78.2	78.2	74.2	73.9	68.4	60.5	61.3	59.7	58.7	59.7	58.5	58.0	58.5	59.2	61.2	60.5	57.5	57.9	58.8	60.9	58.3	51.2	47.4	45.2	43.0	39.2
2018/01/11 16:22:12	69.7	41.6	41.6	58.6	58.6	65.3	65.3	71.8	71.8	70.7	63.6	65.3	59.0	61.0	57.2	58.8	59.5	57.5	58.4	58.1	58.1	58.5	58.4	58.2	58.1	58.0	58.9	54.7	48.6	45.6	40.8	39.0	36.2
2018/01/11 16:22:13	68.3	41.6	41.6	62.9	62.9	71.8	71.8	69.3	69.3	61.6	57.6	61.3	57.6	60.5	59.0	59.4	63.3	58.7	57.1	58.4	57.3	57.6	57.4	54.3	54.1	54.4	53.5	48.8	42.7	37.2	33.8	30.2	28.0
2018/01/11 16:22:14	68.5	35.1	35.1	63.5	63.5	70.3	70.3	66.4	66.4	59.6	58.8	63.6	59.0	61.4	61.4	58.4	59.3	57.9	57.2	58.3	58.1	57.6	57.3	56.8	54.3	54.0	56.8	51.1	45.7	41.7	37.3	33.8	31.8
2018/01/11 16:22:15	68.4	32.1	32.1	55.1	55.1	60.2	60.2	62.2	62.2	61.3	57.4	60.0	59.6	60.4	60.0	57.9	59.5	58.3	58.3	58.9	58.7	58.8	57.4	55.6	54.9	53.9	53.3	48.0	43.3	37.8	35.0	33.0	28.5
2018/01/11 16:22:16	67.3	36.0	36.0	54.9	54.9	63.0	63.0	61.9	61.9	59.9	58.4	61.3	58.7	60.1	58.0	57.3	56.9	57.4	57.3	57.7	57.3	57.0	56.5	54.8	53.6	53.6	52.7	48.9	45.1	39.6	36.1	32.7	30.0
2018/01/11 16:22:17	66.8	41.9	41.9	55.6	55.6	66.9	66.9	66.0	66.0	58.4	58.0	60.5	56.9	59.0	58.2	55.9	57.1	56.2	56.1	57.9	56.8	57.6	56.7	54.0	52.3	51.6	50.4	46.2	40.6	36.3	31.7	28.4	25.8
2018/01/11 16:22:18	67.6	41.8	41.8	58.1	58.1	71.2	71.2	71.4	71.4	60.8	59.6	59.6	55.2	61.7	59.7	54.8	55.9	56.7	56.3	59.9	57.6	58.0	57.6	54.8	52.1	51.2	50.9	47.8	42.4	36.5	32.8	30.8	28.3
2018/01/11 16:22:19	69.4	43.2	43.2	57.6	57.6	72.5	72.5	74.2	74.2	65.4	60.4	60.6	58.4	63.3	59.2	57.3	59.0	60.4	57.7	59.6	58.7	59.9	59.0	57.3	53.7	54.2	55.4	54.8	50.0	43.2	39.6	38.5	34.8
2018/01/11 16:22:20	74.6	38.2	38.2	52.5	52.5	70.2	70.2	74.3	74.3	67.3	60.1	62.8	61.6	64.8	62.8	59.1	61.2	63.2	61.5	62.6	62.2	64.9	63.3	62.4	60.7	62.1	65.2	65.6	58.5	53.1	50.9	49.8	45.4
2018/01/11 16:22:21	71.2	33.8	33.8	50.4	50.4	64.6	64.6	68.0	68.0	62.1	58.6	60.1	59.7	62.6	59.1	57.9	56.8	59.6	59.0	62.3	60.9	62.7	61.7	59.2	57.6	56.6	57.5	55.5	48.6	43.4	40.1	38.7	34.9
2018/01/11 16:22:22	70.9	32.4	32.4	54.0	54.0	63.9	63.9	64.9	64.9	60.3	61.5	60.2	59.9	61.4	59.7	59.0	59.1	58.7	59.9	63.1	61.2	60.8	61.9	58.3	56.5	55.4	55.3	52.6	45.6	37.9	35.3	32.7	30.6
2018/01/11 16:22:23	68.7	33.7	33.7	54.4	54.4	63.7	63.7	64.1	64.1	59.9	59.6	58.7	56.6	59.5	58.4	55.4	58.6	58.5	58.2	61.4	59.9	58.7	57.7	56.5	53.6	52.5	51.8	48.1	41.0	34.8	30.5	27.9	26.4
2018/01/11 16:22:24	69.1	36.3	36.3	54.4	54.4	63.1	63.1	63.2	63.2	60.4	58.1	59.0	53.1	59.0	57.4	54.0	58.8	58.5	58.3	61.6	60.4	61.0	58.5	55.9	53.1	51.9	50.0	46.9	40.5	34.6	29.3	26.0	23.9
2018/01/11 16:22:25	70.6	36.0	36.0	54.5	54.5	64.9	64.9	65.8	65.8	62.2	59.4	60.6	54.2	60.2	59.6	56.5	61.7	60.2	58.9	64.5	61.7	61.0	59.3	56.1	53.8	53.4	54.0	50.0	45.2	39.3	36.4	33.7	31.0
2018/01/11 16:22:26	68.6	37.4	37.4	53.5	53.5	64.6	64.6	66.2	66.2	61.5	61.1	61.9	55.1	60.7	59.1	57.5	59.4	58.1	57.3	61.6	59.5	57.7	56.4	55.8	53.8	53.2	54.1	47.6	44.8	41.0	36.1	34.4	31.8
2018/01/11 16:22:27	68.9	36.7	36.7	52.8	52.8	65.0	65.0	67.2	67.2	62.7	61.4	62.3	56.7	63.2	59.6	59.4	60.8	58.7	59.2	59.6	59.1	58.5	57.0	55.0	53.6	54.3	56.3	48.4	47.1	43.3	38.6	37.8	34.8
2018/01/11 16:22:28	72.6	39.3	39.3	54.4	54.4	66.0	66.0	67.4	67.4	62.2	61.8	63.6	62.4	68.5	63.4	63.4	66.8	63.8	61.3	63.1	60.1	60.5	60.2	57.7	56.4	58.8	61.7	55.7	53.0	49.6	47.8	47.3	52.9
2018/01/11 16:22:29	79.8	44.0	44.0	66.1	66.1	76.5	76.5	79.7	79.7	78.7	78.4	80.6	76.3	80.0	77.2	73.6	74.6	70.6	65.3	65.0	65.3	65.0	63.4	62.6	61.6	63.4	66.6	60.1	58.3	56.4	53.2	56.1	53.4
2018/01/11 16:22:30	80.8	53.0	53.0	74.8	74.8	82.6	82.6	83.6	83.6	83.6	81.3	82.3	77.3	79.9	77.5	77.4	77.3	71.8	69.6	67.7	64.5	60.2	59.7	58.7	57.2	57.5	55.6	51.9	48.5	47.4	44.7	50.8	44.5
2018/01/11 16:22:31	76.1	48.4	48.4	69.2	69.2	78.4	78.4	79.2	79.2	77.9	78.3	78.8	74.2	76.5	74.2	69.9	71.8	67.6	62.4	59.0	58.3	56.9	56.8	55.8	53.8	54.1	55.9	50.8	49.0	53.7	60.9	51.8	39.5
2018/01/11 16:22:32	71.0	38.7	38.7	62.4	62.4	74.7	74.7	76.9	76.9	72.0	70.2	72.1	65.5	71.5	67.7	64.6	62.8	58.8	55.1	57.0	55.9	54.8	58.2	61.3	51.2	53.5	54.3	48.3	44.6	53.8	53.0	37.3	36.3
2018/01/11 16:22:33	68.9	38.3	38.3	55.7	55.7	66.2	66.2	69.2	69.2	65.2	66.0	68.4	62.1	62.9	60.7	60.8	60.7	57.9	55.0	54.9	56.5	58.0	57.9	57.8	54.2	53.3	57.7	54.5	50.7	49.8	53.0	42.9	39.1
2018/01/11 16:22:34	72.5	42.4	42.4	59.7	59.7	68.6	68.6	70.3	70.3	69.6	71.9	70.9	65.3	67.4	67.4	68.3	67.4	61.4	60.4	58.7	57.4	57.0	54.8	54.9	54.7	57.1	64.8	53.9	49.6	44.0	43.3	40.1	35.7
2018/01/11 16:22:35	73.9	41.1	41.1	57.5	57.5	70.1	70.1	74.9	74.9	74.4	73.1	72.9	65.7	68.6	68.8	67.6	66.7	62.8	61.9	61.7	62.4	62.5	60.4	59.4	57.1	58.6	63.6	55.9	52.0	46.1	44.0	43.7	41.6
2018/01/11 16:22:36	70.5	41.0	41.0	58.2	58.2	68.8	68.8	74.0	74.0	73.3	71.4	70.5	62.5	66.8	66.0	63.3	63.6	60.5	57.6	58.0	59.0	60.1	58.1	56.2	53.8	54.6	54.5	51.1	46.5	38.5	36.4	35.2	33.1
2018/01/11 16:22:37	69.8	40.9	40.9	58.9	58.9	69.4	69.4	71.2	71.2	68.5	68.4	68.8	61.3	67.1	66.6	64.7	62.6	60.2	57.6	57.9	58.0	58.0	55.9	55.6	52.8	52.7	52.2	52.8	47.9	41.0	41.5	41.6	40.5
2018/01/11 16:22:38	69.3	41.5	41.5	62.2	62.2	70.3	70.3	70.5	70.5	67.8	64.5	66.8	62.6	67.0	68.5	63.5	61.2	59.2	56.0	56.7	56.9	55.9	55.7	54.8	53.0	53.4	53.6	51.3	49.4	40.8	38.0	36.4	33.9
2018/01/11 16:22:39	69.8	44.9	44.9	63.5	63.5	70.8	70.8	70.9	70.9	70.9	67.7	68.9	64.2	67.6	66.9	62.3	61.8	59.7	57.0	57.4	57.5	56.8	56.6	57.3	55.0	54.9	55.1	52.9	47.0	41.9	38.2	36.6	34.5
2018/01/11 16:22:40	68.6	46.6	46.6	61.1	61.1	71.6	71.6	75.1	75.1	70.7	66.2	67.5	61.0	66.1	62.5	58.4	58.3	58.8	56.9	56.6	56.9	56.5	56.3	56.0	54.6	55.0	55.5	53.0	47.5	41.5	38.0	36.2	33.7
2018/01/11 16:22:41	71.2	46.2	46.2	61.6	61.6	69.7	69.7	73.1	73.1	70.3	67.6	69.5	63.0	69.3	66.6	61.8	63.3	60.7	58.6	59.4	60.0	58.3	60.0	57.8	57.2	57.3	56.6	54.8	49.5	43.1	41.6	41.9	37.7
2018/01/11 16:22:42	70.3	43.9	43.9	61.4	61.4	68.1	68.1	70.3	70.3	69.0	67.4	68.3	62.2	67.4	66.2	60.3	62.2	60.5	57.9	57.9	58.2	57.1	61.3	55.9	55.0	55.5	56.0	51.9	47.6	42.5	39.9	45.8	51.6
2018/01/11 16:22:43	69.6	43.2	43.2	62.0	62.0	71.5	71.5	71.0	71.0	68.0	65.2	66.1	61.8	64.5	60.5	59.4	59.6	59.4	56.9	57.2	58.0	58.6	61.2	57.2	56.0	55.7	55.6	51.7	47.1	41.8	40.0	38.1	35.5
2018/01/11 16:22:44	70.8	41.2	41.2	60.9	60.9	68.7	68.7	68.1	68.1	64.7	62.4	65.5	61.1	67.7	62.2	60.3	60.6	58.8	58.5	59.8	60.6	60.0	61.2	59.0	57.9	57.7	56.2	52.5	46.9	43.1	41.4	37.7	35.4
2018/01/11 16:22:45	69.8	38.8	38.8	58.3	58.3	67.3	67.3	66.0	66.0	61.4	63.3	63.3	56.7	61.7	59.8	60.1	59.7	58.9	58.3	59.7	61.6	60.6	58.6	56.0	54.6	54.6	55.4	53.8	48.6	42.7	39.0	36.8	32.8
2018/01/11 16:22:46	72.5	41.3	41.3	57.7	57.7	67.4	67.4	67.9	67.9	62.0	64.8	65.8	58.7	62.2	62.9	61.7	60.0	60.6	58.5	60.3	63.3	62.1	61.3	59.2	61.3	60.0	61.5	60.3	55.3	49.4	49.6	45.3	42.6
2018/01/11 16:22:47	75.3	40.6	40.6	57.0	57.0	68.0	68.0	70.4	70.4	63.0	64.6	67.6	59.0	64.1	67.1	65.3	63.8	62.6	63.0	62.5	62.8	63.2	63.5	64.5	64.7	64.0	65.5	63.1	58.6	53.4	50.4	49.4	47.4
2018/01/11 16:22:48	72.9	40.6	40.6	56.3	56.3	69.2	69.2	73.0	73.0	66.1	62.0	63.7	57.8	61.0	61.3	59.3	60.7	61.7	62.7	62.0	62.2	61.0	60.6	62.0	63.0	60.9	61.7	57.9	53.3	48.8	45.3	43.4	41.5
2018/01/11 16:22:49	66.4	36.1	36.1	55.1	55.1	66.1	66.1	68.9	68.9	62.9	59.3	61.3	54.4	58.1	56.7	55.3	55.9	56.7	56.4	56.9	55.7	55.4	54.6	53.9	54.9	53.8	53.2	49.0	43.7	38.5	35.2	33.8	30.7
2018/01/11 16:22:50	64.9	35.8	35.8	55.5	55.5	64.4	64.4	65.4	65.4	60.4	57.1	58.1	54.0	58.2	57.1	54.6	54.9	54.1	53.9	55.5	55.7	54.7	53.7	52.3	51.5	51.4	49.7	45.8	41.1	35.0	33.9	32.3	32.4
2018/01/11 16:22:51	64.5	38.8	38.8	55.0	55.0	63.3	63.3	65.1	65.1	62.3	58.3	59.3	53.1	59.4	58.3	51.9	53.9	53.7	54.5	55.9	54.4	54.4	53.2	50.7	49.8	50.7	48.8	46.9	40.3	34.8	32.6	29.9	27.8
2018/01/11 16:22:52	65.6	38.5	38.5	56.9	56.9	64.7	64.7	65.6	65.6	65.0	60.4	60.3	58.1	59.3	57.6	52.9	55.6	55.4	55.3	57.0	56.2	55.9	54.3	51.6	50.6	49.3	50.1	47.0	40.1	33.5	31.6	29.0	27.1
2018/01/11 16:22:53	66.6	38.9	38.9	56.6	56.6	65.7	65.7	65.2	65.2	62.0	60.9	61.1	61.0	60.1	56.7	54.2	56.1	57.5	57.1	57.8	56.6	56.3	54.8	53.9	52.1	51.7	50.9	48.4	42.4	36.0	35.3	32.5	30.1
2018/01/11 16:22:54	67.6	42.9	42.9	59.2	59.2	66.3	66.3	67.5	67.5	64.0	60.0	61.6	58.9	60.5	58.1	55.9	58.9	56.8	55.7	58.7	58.8	56.8	56.4	55.3	54.0	52.8	52.0	48.6	45.1	37.4	36.2	33.2	29.7
2018/01/11 16:22:55	69.8	38.0	38.0	57.7	57.7	64.9	64.9	67.1	67.1	65.4	63.4	63.8	61.1	64.5	62.0	58.5	60.3	59.6	58.8	61.0	60.5	58.2	58.6	58.5	54.9	53.9	54.0	51.7	47.7	39.6	37.2	35.4	33.2
2018/01/11 16:22:56	70.5	41.2	41.2	60.7	60.7	68.5	68.5	68.1	68.1	66.5	64.0	64.1	61.5	62.7	60.0	56.9	59.9	60.3	57.8	62.0	61.5	60.6	60.0	59.6	55.9	55.0	53.8	50.1	44.4	37.7	35.4	33.4	31.1
2018/01/11 16:22:57	72.3	45.9	45.9	61.0	61.0	74.5	74.5	75.3	75.3	66.6	64.3	63.3	58.5	65.8	64.4	62.9	60.5	61.4	60.3	62.5	62.3	61.7	62.1	60.5	59.0	59.7	58.1	54.3	49.1	45.3	41.5	41.6	39.5
2018/01/11 16:22:58	68.9	38.6	38.6	54.8	54.8	64.8	64.8	64.4	64.4	58.5	56.6	58.3	55.0	61.1	60.1	56.2	57.5	56.6	56.1	59.5	59.8	59.4	58.8	57.9	55.8	55.4	53.5	49.8	42.9	38.1	33.8	30.9	28.4
2018/01/11 16:22:59	70.2	38.0	38.0	54.1	54.1	63.1	63.1	63.9	63.9	59.9	65.9	65.8	56.6	62.7	58.9	54.5	59.0	58.6	57.6	61.8	61.2	60.0	60.5	58.8	55.8	55.7	54.6	50.8	46.5	40.4	38.3	36.2	33.6
2018/01/11 16:23:00	70.2	34.9	34.9	52.4	52.4	62.8	62.8	65.1	65.1	59.9	61.0	62.6	55.5	63.4	60.4	55.8	58.3	58.5	57.3	62.5	60.8	60.8	60.9	59.1	55.6	54.7	53.4	48.9	43.6	38.3	35.4	33.2	30.7
2018/01/11 16:23:01	70.9	39.1	39.1	54.0	54.0	64.8	64.8	65.7	65.7	60.4	58.9	59.4	55.0	62.7	63.1	57.2	60.9	59.9	59.2	62.3	61.8	61.0	60.5	59.1	56.3	56.8	56.9	51.8	46.7	42.0	38.5	37.3	33.0
2018/01/11 16:23:02	71.0	39.1	39.1	53.4	53.4	64.0	64.0	64.5	64.5	62.7	64.0	60.6	56.3	62.2	63.1	57.8	60.0	59.7	58.0	62.2	61.2	61.2	61.4	60.1	57.4	56.6	56.6	52.4	46.9	41.4	39.4	38.2	34.7
2018/01/11 16:23:03	68.4	40.1	40.1	57.3	57.3	66.9	66.9	66.3	66.3	63.1	59.1	58.3	55.4	62.3	60.6	56.4	57.9	57.1	57.9	59.7	58.8	57.7	58.5	57.0	54.0	53.2	51.9	46.5	41.6	37.5	34.2	33.6	30.3
2018/01/11 16:23:04	70.3	40.3	40.3	58.6	58.6	69.1	69.1	67.7	67.7	63.1	62.9	62.6	56.3	61.5	59.1	56.3	58.2	58.6	59.0	61.8	60.1	59.6	60.4	58.9	56.9	56.9	57.1	54.8	49.1	42.1	39.4	38.9	34.2
2018/01/11 16:23:05	69.9	40.2	40.2	56.5	56.5	67.0	67.0	66.4	66.4	63.8	62.1	59.9	55.0	61.0	58.6	55.5	59.5	58.5	59.1	61.4	60.4	59.1	58.6	58.6	57.3	56.7	56.5	51.9	46.5	40.9	37.7	36.3	32.6
2018/01/11 16:23:06	66.9	40.5	40.5	56.0	56.0	66.3	66.3	67.1	67.1	62.5	61.4	61.4	55.6	60.6	56.9	54.7	56.2	54.8	55.2	58.1	58.5	56.2	56.2	55.5	53.4	51.7	50.7	45.8	39.7	33.7	29.6	26.9	24.6
2018/01/11 16:23:07	66.4	39.3	39.3	57.5	57.5	69.3	69.3	70.9	70.9	63.6	59.7	60.9	60.6	64.6	62.9	55.0	58.0	55.3	52.5	56.8	55.6	54.2	54.8	54.7	52.6	50.9	48.4	43.3	37.1	31.2	26.8	26.4	24.8
2018/01/11 16:23:08	65.7	34.7	34.7	52.9	52.9	62.3	62.3	64.5	64.5	61.6	57.9	57.2	52.0	58.3	55.7	54.7	56.0	54.0	53.8	57.0	55.7	55.3	54.9	54.6	52.5	52.2	50.6	45.7	41.6	34.8	26.4	24.2	23.2
2018/01/11 16:23:09	71.0	36.5	36.5	53.1	53.1	62.3	62.3	64.1	64.1	61.8	59.7	63.0	58.3	58.9	59.6	62.0	56.9	57.9	58.0	59.9	59.5	60.3	59.9	60.3	58.2	58.9	60.2	60.3	54.8	44.7	40.4	35.5	30.8
2018/01/11 16:23:10	72.9	37.7	37.7	52.9	52.9	61.6	61.6	64.8	64.8	64.0	60.9	63.4	57.7	60.1	63.8	60.0	61.2	59.6	61.2	60.3	60.8	60.8	61.5	60.6	58.2	61.4	64.6	63.0	59.6	51.6	45.6	41.2	37.0
2018/01/11 16:23:11	64.8	34.0	34.0	52.0	52.0	61.3	61.3	61.5	61.5	58.1	55.7	58.7	54.1	57.0	55.2	53.6	55.6	52.2	52.3	53.9	53.9	54.2	55.3	53.3	52.4	52.9	51.7	46.9	41.8	35.9	31.0	26.1	23.6
2018/01/11 16:23:12	69.6	36.2	36.2	53.2	53.2	61.5	61.5	63.4	63.4	61.0	58.7	61.0	56.6	61.4	59.9	60.6	63.1	62.6	58.7	58.6	57.3	57.5	58.6	57.4	58.9	55.6	52.6	47.2	40.4	34.9	30.4	26.1	23.5
2018/01/11 16:23:13	69.3	32.1	32.1	53.2	53.2	60.4	60.4	61.3	61.3	61.6	59.7	61.8	61.7	61.6	58.7	56.5	60.7	60.2	57.6	60.7	59.5	60.4	59.5	56.7	53.7	52.4	50.2	46.7	41.4	36.4	31.1	27.5	25.6
2018/01/11 16:23:14	72.6	32.4	32.4	53.5	53.5	62.2	62.2	62.9	62.9	60.7	58.8	61.3	55.7	57.9	57.0	55.9	57.6	58.9	59.3	62.1	63.3	61.6	59.8	56.8	53.5	53.6	68.4	52.0	46.6	40.6	37.9	35.7	32.2
2018/01/11 16:23:15	68.6	32.2	32.2	49.5	49.5	58.4	58.4	60.3	60.3	60.9	56.8	57.7	57.6	57.9	56.2	54.3	52.5	53.1	52.7	57.4	57.8	56.7	55.5	54.4	50.7	49.1	64.8	44.7	39.7	34.9	29.9	27.6	25.2
2018/01/11 16:23:16	66.0	32.7	32.7	51.3	51.3	60.6	60.6	65.2	65.2	66.0	60.4	59.8	61.6	58.1	56.7	53.3	55.9	54.3	51.5	53.2	55.0	56.0	55.8	53.7	50.7	48.6	58.6	41.6	35.7	29.6	24.4	23.4	22.6
2018/01/11 16:23:17	69.5	32.7	32.7	50.7	50.7	59.3	59.3	64.1	64.1	62.3	55.8	61.2	61.0	59.5	57.5	52.2	56.6	57.1	55.4	56.5	59.2	61.5	61.5	59.9	55.7	54.2	54.1	46.3	41.5	33.5	28.4	25.6	23.3
2018/01/11 16:23:18	72.6	38.2	38.2	58.0	58.0	66.3	66.3	66.9	66.9	64.4	60.0	61.6	57.2	60.8	58.7	56.8	60.2	59.8	60.0	61.9	63.5	64.5	63.6	62.5	58.3	58.0	56.6	53.0	46.4	39.4	37.1	35.2	33.1
2018/01/11 16:23:19	68.0	34.3	34.3	47.6	47.6	55.5	55.5	60.1	60.1	59.1	55.1	59.5	53.0	57.9	58.4	55.7	57.5	56.0	56.3	57.2	58.6	58.5	58.0	58.8	55.8	52.2	51.1	45.5	39.2	33.8	29.6	28.4	25.9
2018/01/11 16:23:20	63.4	32.6	32.6	49.5	49.5	56.7	56.7	60.5	60.5	60.2	54.4	57.3	51.9	55.4	55.4	52.0	55.3	52.6	50.6	54.0	53.1	53.2	52.8	53.1	51.5	48.3	44.7	39.8	31.4	26.2	26.1	23.8	23.0
2018/01/11 16:23:21	60.5	32.3	32.3	51.6	51.6	59.8	59.8	62.2	62.2	61.5	57.2	58.2	54.4	55.3	54.1	51.4	54.4	51.0	48.7	49.7	50.2	49.6	48.7	47.3	46.1	43.1	40.5	34.5	27.9	24.8	22.3	23.2	23.1
2018/01/11 16:23:22	58.2	31.4	31.4	51.2	51.2	59.2	59.2	61.5	61.5	60.1	54.5	54.7	50.4	53.0	50.6	48.3	51.9	49.1	47.2	48.7	47.7	47.4	46.8	44.2	42.3	42.1	40.2	33.6	27.2	24.2	21.6	22.3	21.7
2018/01/11 16:23:23	59.5	34.4	34.4	54.2	54.2	63.1	63.1	64.3	64.3	61.9	60.6	62.0	57.5	58.0	54.3	49.7	50.8	49.5	47.5	48.8	48.3	47.9	47.6	43.7	42.1	41.5	39.1	33.6	26.5	23.6	21.5	22.8	22.9
2018/01/11 16:23:24	60.2	37.9	37.9	53.5	53.5	62.8	62.8	64.3	64.3	61.1	58.0	58.7	52.5	57.2	55.5	51.4	51.5	49.6	48.9	51.3	49.9	50.1	48.9	45.4	42.7	41.6	39.6	33.8	27.0	23.3	21.5	22.5	22.6
2018/01/11 16:23:25	61.7	32.3	32.3	51.4	51.4	61.5	61.5	63.5	63.5	60.9	57.5	56.6	50.9	53.0	51.8	50.6	53.4	52.5	51.4	54.5	52.2	51.7	50.7	47.3	44.0	44.3	42.2	36.5	29.5	25.1	22.0	22.8	22.9
2018/01/11 16:23:26	64.1	35.9	35.9	53.6	53.6	63.3	63.3	65.5	65.5	63.8	61.0	58.9	54.2	58.6	55.5	51.6	54.4	54.6	53.7	56.6	54.1	54.5	53.4	49.6	47.2	46.9	45.6	40.8	35.8	30.6	27.2	26.5	25.1
2018/01/11 16:23:27	66.1	37.8	37.8	55.0	55.0	64.4	64.4	65.7	65.7	62.7	62.2	62.3	56.0	60.8	56.3	54.0	56.4	54.9	54.6	58.4	56.9	56.7	55.5	52.2	49.9	48.8	48.2	44.5	37.5	31.7	30.4	26.6	24.6
2018/01/11 16:23:28	68.0	38.5	38.5	52.8	52.8	62.9	62.9	65.9	65.9	63.3	61.5	60.9	57.1	60.6	57.4	54.5	56.1	56.0	56.4	58.5	59.2	59.0	59.6	56.2	52.5	51.6	50.0	45.8	39.7	33.9	29.9	27.4	25.0
2018/01/11 16:23:29	70.4	35.5	35.5	58.4	58.4	66.4	66.4	63.7	63.7	58.6	55.4	60.2	55.4	60.8	60.3	56.3	56.6	58.7	57.1	62.0	59.9	61.4	61.8	59.1	56.0	56.0	57.1	52.0	47.4	42.3	39.1	37.5	34.1
2018/01/11 16:23:30	66.7	30.3	30.3	55.4	55.4	62.0	62.0	59.9	59.9	57.0	53.1	53.9	52.5	57.6	58.1	54.2	53.9	55.5	54.8	58.1	58.2	56.8	55.6	55.7	54.0	52.7	52.1	45.8	40.9	36.7	33.2	32.3	31.0
2018/01/11 16:23:31	63.4	32.6	32.6	50.0	50.0	57.6	57.6	57.8	57.8	55.4	51.9	54.6	52.7	55.2	52.6	53.3	52.1	51.2	50.3	55.5	54.8	54.7	52.9	51.5	49.0	48.0	46.4	40.7	34.2	28.1	24.0	23.7	23.3
2018/01/11 16:23:32	65.3	32.4	32.4	50.4	50.4	59.6	59.6	60.3	60.3	58.5	55.1	54.1	53.6	55.8	54.6	56.0	53.0	53.7	53.9	59.0	56.3	55.7	54.4	51.9	48.9	48.8	47.5	43.4	37.3	30.2	27.3	25.7	24.1
2018/01/11 16:23:33	65.0	33.1	33.1	50.0	50.0	57.9	57.9	59.2	59.2	59.1	53.1	55.4	55.4	57.0	55.3	58.4	54.7	54.2	53.0	57.6	55.9	55.1	53.4	50.6	49.2	49.7	49.5	46.1	40.6	34.0	32.3	31.0	28.9
2018/01/11 16:23:34	64.8	28.9	28.9	46.9	46.9	56.2	56.2	59.7	59.7	61.3	55.6	53.8	52.9	53.9	52.1	58.2	53.5	53.0	51.9	55.1	54.9	56.4	54.7	52.8	49.8	52.2	49.7	44.1	37.4	32.3	27.8	26.4	24.1
2018/01/11 16:23:35	68.4	28.1	28.1	48.3	48.3	56.5	56.5	62.2	62.2	64.6	57.4	56.7	55.1	56.3	56.9	58.6	56.8	56.4	55.4	57.5	57.6	60.1	58.7	56.2	54.6	56.0	57.2	48.2	41.9	39.2	36.8	29.1	26.2
2018/01/11 16:23:36	70.9	36.5	36.5	50.3	50.3	58.5	58.5	63.5	63.5	64.7	56.9	60.4	58.9	60.9	60.7	60.1	59.3	59.9	58.9	61.5	62.1	60.8	59.6	56.4	55.5	58.1	59.6	57.2	52.1	47.2	49.6	45.6	41.7
2018/01/11 16:23:37	67.1	33.9	33.9	50.0	50.0	57.8	57.8	61.3	61.3	62.1	55.3	58.6	55.1	57.4	58.9	57.4	56.4	55.2	55.3	57.8	58.6	58.7	55.9	53.1	52.2	54.1	51.3	46.7	40.2	34.7	52.7	29.1	26.8
2018/01/11 16:23:38	65.9	35.5	35.5	50.8	50.8	58.6	58.6	60.5	60.5	60.9	57.7	57.1	53.2	56.2	56.4	53.8	55.3	54.4	55.5	57.8	56.8	56.4	54.4	52.4	50.5	53.6	51.0	46.4	39.7	34.0	46.7	31.9	28.8
2018/01/11 16:23:39	62.6	35.3	35.3	52.1	52.1	61.0	61.0	62.7	62.7	62.3	58.6	58.2	53.2	56.9	55.4	53.1	52.4	49.6	50.2	52.0	54.9	52.2	49.8	49.2	48.8	50.1	48.6	43.2	36.2	30.5	27.4	25.6	23.5
2018/01/11 16:23:40	65.8	45.2	45.2	60.2	60.2	69.6	69.6	70.3	70.3	70.7	70.2	70.3	64.2	65.6	63.4	60.9	58.2	53.0	48.0	50.0	50.7	50.1	50.2	47.6	47.1	46.4	45.6	39.9	32.3	26.8	43.7	23.3	23.2
2018/01/11 16:23:41	64.0	38.0	38.0	56.3	56.3	65.7	65.7	66.8	66.8	64.9	61.8	63.7	56.3	58.1	54.1	51.5	51.6	51.1	50.8	54.8	54.9	54.4	55.0	51.7	47.8	47.3	45.0	39.4	33.6	28.6	38.6	23.2	22.7
2018/01/11 16:23:42	69.8	36.3	36.3	59.4	59.4	66.7	66.7	64.0	64.0	60.6	57.4	58.2	54.7	57.9	56.4	54.1	57.0	58.0	58.1	62.3	61.1	60.8	61.3	57.8	53.6	53.0	51.0	48.0	43.0	36.6	32.3	30.0	27.3
2018/01/11 16:23:43	72.5	39.2	39.2	63.1	63.1	69.2	69.2	65.9	65.9	61.3	59.8	62.3	58.4	62.4	61.8	60.0	59.4	60.3	61.2	64.2	65.4	61.9	61.2	60.8	58.1	57.4	56.8	54.4	48.1	41.5	38.9	38.0	35.4
2018/01/11 16:23:44	69.0	44.9	44.9	62.4	62.4	70.6	70.6	70.9	70.9	67.4	64.9	66.0	63.8	66.4	62.5	58.0	56.2	57.2	57.5	59.9	60.2	58.2	57.3	56.2	54.5	53.3	52.2	49.1	44.2	37.1	34.1	31.7	45.9
2018/01/11 16:23:45	70.1	45.6	45.6	62.9	62.9	71.1	71.1	71.4	71.4	69.0	69.8	70.2	66.6	69.6	69.4	64.2	63.3	59.1	55.4	56.6	57.3	57.2	56.7	52.9	51.4	50.8	48.5	44.7	38.9	34.3	29.5	28.1	52.0
2018/01/11 16:23:46	67.0	43.6	43.6	58.4	58.4	68.7	68.7	70.7	70.7	67.9	66.7	67.6	61.3	64.5	62.6	56.4	55.1	54.7	53.8	55.8	56.7	56.8	56.4	51.4	49.9	48.6	47.7	44.9	39.4	34.7	59.4	31.6	44.1
2018/01/11 16:23:47	65.8	43.5	43.5	58.4	58.4	65.0	65.0	66.9	66.9	67.5	67.6	69.1	61.5	65.0	61.8	56.3	55.0	51.9	51.4	53.7	54.9	54.9	56.0	50.6	47.4	46.0	44.7	41.4	36.3	31.7	28.9	28.6	46.0
2018/01/11 16:23:48	65.0	40.7	40.7	58.3	58.3	68.0	68.0	70.9	70.9	70.1	69.0	68.3	59.8	61.8	60.5	54.6	55.1	52.3	52.0	53.2	54.6	54.8	53.7	49.7	46.9	44.2	42.8	38.8	33.3	28.6	26.6	26.1	25.7
