DataTime                     	dB(A)	16	20	25	31.5	40	50	63	80	100	125	160	200	250	315	400	500	630	800	1000	1250	1600	2000	2500	3150	4000	5000	6300	8000	10000	12500	16000	20000
2018/01/11 15:45:04	69.6	30.1	30.1	45.7	45.7	56.0	56.0	57.3	57.3	57.0	57.2	61.5	61.4	60.7	64.1	59.6	56.2	60.2	60.6	59.2	62.3	58.4	55.9	56.3	55.3	55.2	54.6	50.2	44.5	38.6	35.0	32.9	27.9
2018/01/11 15:45:05	71.8	33.0	33.0	51.4	51.4	60.5	60.5	61.3	61.3	64.3	62.0	65.5	61.9	62.8	52.7	54.8	60.1	62.8	60.8	60.6	62.3	60.9	60.0	59.7	59.1	59.2	60.9	58.6	53.4	47.5	45.3	44.1	39.2
2018/01/11 15:45:06	70.4	31.4	31.4	49.3	49.3	58.3	58.3	60.9	60.9	61.9	60.0	64.0	59.2	57.9	54.5	52.8	59.3	59.8	58.9	59.6	61.7	58.8	59.4	58.7	57.3	58.7	59.4	55.7	50.0	44.6	43.5	40.5	35.7
2018/01/11 15:45:07	69.3	29.6	29.6	47.6	47.6	58.1	58.1	59.5	59.5	61.2	58.5	59.1	56.1	58.1	57.5	53.7	57.6	59.9	58.3	58.8	61.2	59.6	59.2	56.7	55.8	55.8	54.9	51.5	44.1	39.4	35.2	31.7	27.6
2018/01/11 15:45:08	68.4	27.5	27.5	45.7	45.7	55.6	55.6	58.6	58.6	60.9	57.1	56.1	55.9	56.8	52.5	50.2	55.9	56.0	55.2	58.3	61.7	59.4	56.9	56.7	55.5	54.7	53.7	49.6	43.0	37.4	33.7	30.8	28.1
2018/01/11 15:45:09	65.3	30.2	30.2	44.7	44.7	55.3	55.3	58.7	58.7	57.0	51.8	52.2	50.1	52.4	50.8	50.2	53.0	52.7	53.6	55.5	58.9	56.2	54.6	52.8	51.6	50.6	49.5	44.5	36.5	31.2	27.3	24.9	22.7
2018/01/11 15:45:10	63.4	29.6	29.6	47.9	47.9	57.6	57.6	59.0	59.0	56.7	52.8	53.3	49.0	53.2	52.8	49.0	49.3	51.9	54.4	54.8	55.4	54.6	52.0	50.0	49.5	47.9	46.4	41.5	34.7	30.7	25.7	24.7	22.5
2018/01/11 15:45:11	64.3	29.6	29.6	46.4	46.4	57.0	57.0	58.7	58.7	57.0	53.9	53.8	51.6	57.3	54.8	49.4	51.1	53.7	53.8	55.6	55.3	55.5	53.7	51.4	50.3	49.6	48.6	44.6	37.9	33.3	30.1	29.3	26.5
2018/01/11 15:45:12	65.5	30.2	30.2	49.1	49.1	58.6	58.6	59.9	59.9	54.8	50.9	56.1	58.2	58.5	53.3	50.3	52.0	54.5	55.7	56.9	56.4	56.5	54.4	52.7	51.6	51.3	49.9	45.4	39.3	35.3	33.5	33.5	29.2
2018/01/11 15:45:13	66.9	27.1	27.1	45.3	45.3	55.8	55.8	58.5	58.5	53.9	52.0	55.9	54.9	56.3	53.9	49.5	52.2	54.9	58.8	59.3	59.0	58.1	55.4	53.2	51.6	50.7	49.3	44.2	37.6	33.9	31.9	29.7	26.2
2018/01/11 15:45:14	68.9	28.0	28.0	47.4	47.4	54.7	54.7	59.0	59.0	59.1	55.5	57.7	54.5	57.6	56.5	52.1	58.0	59.7	62.4	61.9	59.6	58.1	56.8	54.8	53.5	53.3	51.2	46.7	41.0	36.6	33.9	32.3	29.2
2018/01/11 15:45:15	68.1	33.2	33.2	51.6	51.6	60.1	60.1	58.9	58.9	58.3	56.4	59.7	53.4	59.0	54.7	54.0	57.5	59.0	59.6	60.6	58.0	58.1	56.2	55.3	53.9	54.4	52.1	46.3	40.9	35.8	33.7	32.6	29.4
2018/01/11 15:45:16	65.1	28.5	28.5	48.2	48.2	57.6	57.6	58.4	58.4	54.2	51.7	55.1	51.0	56.7	54.3	50.7	53.0	53.0	55.5	58.0	56.4	56.1	53.2	51.3	49.6	51.3	48.6	44.1	37.6	31.6	28.5	26.2	23.6
2018/01/11 15:45:17	66.4	28.0	28.0	50.1	50.1	58.2	58.2	59.9	59.9	57.4	53.1	56.1	55.3	59.9	56.0	52.9	55.2	54.8	56.0	59.1	56.8	56.8	55.5	52.7	52.6	52.6	50.2	46.8	40.6	35.6	32.4	29.7	27.7
2018/01/11 15:45:18	68.2	34.4	34.4	53.8	53.8	60.3	60.3	59.3	59.3	56.7	55.3	57.2	54.7	60.1	60.4	52.8	56.5	57.1	57.7	59.6	58.2	58.1	56.3	56.3	56.4	54.8	54.5	50.2	43.7	40.5	39.8	34.0	30.9
2018/01/11 15:45:19	69.7	35.8	35.8	54.9	54.9	60.2	60.2	58.9	58.9	58.7	59.1	60.1	56.2	61.8	61.9	55.9	56.8	58.0	59.2	61.2	59.8	59.2	58.3	56.8	57.8	57.0	57.5	54.0	46.5	43.5	43.3	37.8	33.5
2018/01/11 15:45:20	68.2	29.5	29.5	53.8	53.8	60.6	60.6	60.0	60.0	55.9	53.1	55.3	52.8	55.8	56.9	53.6	56.0	57.4	59.0	61.3	59.5	59.4	56.9	54.2	53.3	53.1	51.5	47.3	42.2	36.4	32.8	30.7	25.3
2018/01/11 15:45:21	68.4	30.1	30.1	47.5	47.5	57.2	57.2	60.6	60.6	56.3	50.8	52.9	48.5	55.6	53.9	49.9	52.7	57.3	59.7	61.4	58.6	60.5	57.4	54.9	54.1	53.8	51.5	47.9	39.4	38.4	33.3	28.5	34.3
2018/01/11 15:45:22	69.1	30.8	30.8	47.5	47.5	61.4	61.4	67.0	67.0	61.8	53.3	59.5	52.4	58.4	53.5	51.9	57.4	58.9	59.6	60.9	59.1	59.6	58.3	56.7	56.5	56.1	53.7	47.8	41.7	36.4	32.1	29.1	26.5
2018/01/11 15:45:23	67.8	33.8	33.8	48.6	48.6	60.2	60.2	65.1	65.1	59.6	51.6	55.3	53.4	56.7	52.8	49.8	53.8	55.5	57.5	59.5	59.1	59.2	58.6	55.4	52.7	52.7	51.4	45.8	38.8	33.3	30.3	29.4	27.3
2018/01/11 15:45:24	68.3	34.1	34.1	47.4	47.4	58.6	58.6	61.1	61.1	54.3	50.7	53.7	52.2	57.2	53.6	49.5	54.0	56.0	57.3	60.1	59.8	59.1	55.7	53.1	52.9	52.9	51.1	47.4	39.6	36.1	64.4	47.6	49.4
2018/01/11 15:45:25	68.0	38.3	38.3	53.3	53.3	64.0	64.0	63.2	63.2	55.0	55.5	57.5	54.0	57.3	52.1	51.5	56.4	55.4	57.3	60.6	60.5	59.6	55.9	53.1	52.0	52.4	50.8	45.7	39.2	35.2	57.5	35.5	35.6
2018/01/11 15:45:26	66.9	34.1	34.1	49.1	49.1	58.7	58.7	58.6	58.6	53.1	52.4	52.7	52.0	56.9	52.6	51.4	53.2	56.1	57.6	59.7	58.8	57.8	54.5	53.1	52.1	52.4	52.1	46.8	40.5	37.2	50.2	33.4	31.3
2018/01/11 15:45:27	66.8	36.0	36.0	50.7	50.7	57.3	57.3	59.1	59.1	57.3	52.7	53.3	53.4	57.8	53.6	52.9	55.2	55.0	55.3	59.8	58.3	56.9	54.4	52.8	52.5	53.2	54.5	48.5	40.6	36.0	33.8	31.7	29.5
2018/01/11 15:45:28	65.9	32.1	32.1	49.5	49.5	58.3	58.3	58.3	58.3	55.0	53.5	54.2	51.5	55.6	53.6	53.7	54.9	55.2	54.9	57.9	57.2	55.6	54.2	52.8	52.3	53.3	53.6	47.9	39.4	34.1	31.7	31.1	27.3
2018/01/11 15:45:29	65.2	34.4	34.4	50.3	50.3	59.5	59.5	58.8	58.8	53.2	51.5	52.1	50.5	55.6	54.4	51.7	52.8	53.7	54.9	57.1	57.2	54.3	53.1	52.7	51.6	52.5	52.0	45.8	39.8	33.9	31.5	29.9	26.8
2018/01/11 15:45:30	65.5	32.0	32.0	49.9	49.9	58.2	58.2	58.1	58.1	54.9	49.6	52.6	51.9	54.7	54.6	53.0	53.4	53.7	55.2	58.7	55.8	56.3	54.2	53.6	51.8	51.0	49.2	43.9	36.5	31.6	28.9	26.9	23.9
2018/01/11 15:45:31	62.2	33.1	33.1	50.6	50.6	61.1	61.1	61.6	61.6	54.6	49.6	51.7	46.8	51.4	50.6	48.7	50.2	50.5	51.0	55.3	54.0	52.3	50.5	49.4	47.9	47.7	46.2	41.3	33.7	27.8	25.0	23.4	22.1
2018/01/11 15:45:32	62.1	33.0	33.0	49.4	49.4	58.7	58.7	59.5	59.5	56.4	54.1	55.2	47.8	54.3	53.3	46.6	50.1	51.4	52.8	54.1	53.2	52.0	50.8	48.5	47.4	48.2	46.9	43.0	35.0	29.8	26.0	24.3	22.8
2018/01/11 15:45:33	64.2	32.8	32.8	53.4	53.4	61.8	61.8	62.7	62.7	58.0	52.8	53.7	50.7	53.8	53.7	49.6	53.5	54.7	54.3	56.5	54.9	53.9	52.5	50.9	50.2	50.9	49.2	44.7	37.2	32.7	27.5	25.8	23.6
2018/01/11 15:45:34	65.7	35.1	35.1	55.5	55.5	62.4	62.4	62.3	62.3	59.7	56.0	55.3	51.5	57.6	55.8	51.6	53.6	54.9	55.4	57.6	56.7	55.1	54.2	52.6	52.3	52.8	52.3	49.5	42.4	37.4	34.0	32.3	31.1
2018/01/11 15:45:35	65.7	34.8	34.8	54.4	54.4	63.5	63.5	62.5	62.5	57.6	55.6	57.2	53.6	59.5	55.3	52.3	55.4	54.3	55.1	58.0	56.1	55.1	53.6	52.6	52.4	53.1	52.4	49.3	42.2	38.1	36.0	34.7	32.2
2018/01/11 15:45:36	64.6	38.3	38.3	56.3	56.3	65.4	65.4	64.4	64.4	57.5	55.7	56.8	54.9	56.8	52.8	52.7	53.0	52.8	54.9	56.9	54.8	54.7	53.5	51.5	50.1	51.0	50.2	46.1	39.0	33.7	31.0	29.0	26.2
2018/01/11 15:45:37	64.1	36.3	36.3	53.1	53.1	65.1	65.1	65.7	65.7	58.3	55.5	59.3	57.5	56.9	52.9	53.3	53.3	53.0	54.7	55.4	54.5	53.8	52.4	51.4	49.9	50.7	49.8	45.4	38.4	33.3	28.8	26.6	25.8
2018/01/11 15:45:38	66.7	38.5	38.5	52.4	52.4	67.3	67.3	69.6	69.6	62.7	57.9	57.5	54.9	58.4	57.1	52.0	55.7	57.5	57.1	57.1	56.9	56.9	54.7	54.1	52.7	54.3	52.9	48.3	42.3	37.8	34.4	32.5	34.1
2018/01/11 15:45:39	66.8	43.1	43.1	59.5	59.5	66.2	66.2	67.5	67.5	62.0	57.9	59.2	56.4	60.2	57.2	53.7	56.4	55.5	57.0	57.6	56.4	56.7	55.5	54.1	53.4	54.9	53.7	49.9	43.3	39.8	36.5	34.8	33.7
2018/01/11 15:45:40	67.3	39.9	39.9	57.4	57.4	67.6	67.6	68.3	68.3	61.7	58.9	58.7	56.4	60.1	55.6	53.6	56.2	57.9	57.2	59.6	57.0	57.1	55.9	54.7	53.6	53.6	53.0	48.1	42.5	38.1	33.9	32.4	30.2
2018/01/11 15:45:41	66.9	39.7	39.7	56.4	56.4	63.6	63.6	63.1	63.1	59.1	56.9	57.5	53.1	58.6	56.5	53.0	55.2	55.7	56.8	57.2	58.2	56.8	54.9	55.0	53.9	54.4	53.3	49.0	42.0	36.9	31.9	29.4	27.0
2018/01/11 15:45:42	67.4	43.9	43.9	65.4	65.4	70.7	70.7	67.6	67.6	63.1	58.3	60.3	56.0	60.5	57.9	53.8	56.7	57.6	57.0	58.1	57.9	56.7	55.6	54.4	55.2	54.1	54.2	50.5	44.8	38.9	35.9	35.1	31.6
2018/01/11 15:45:43	66.7	36.5	36.5	60.6	60.6	68.6	68.6	65.3	65.3	56.8	56.0	61.3	56.9	60.6	58.3	53.6	55.1	55.9	56.4	58.1	57.7	56.3	55.1	53.5	53.0	52.0	52.1	51.1	43.9	38.1	35.5	34.3	30.1
2018/01/11 15:45:44	65.7	37.8	37.8	56.2	56.2	67.2	67.2	66.4	66.4	57.1	55.0	55.4	53.9	62.3	58.1	52.7	55.1	54.9	55.7	57.1	56.8	55.7	53.4	51.9	52.0	50.7	50.0	46.8	39.9	33.9	30.6	28.5	25.2
2018/01/11 15:45:45	65.9	39.4	39.4	52.5	52.5	67.5	67.5	70.6	70.6	62.8	53.1	54.0	53.2	57.2	55.7	51.2	53.1	53.4	55.4	57.7	56.8	57.6	54.4	53.1	52.2	51.1	50.0	46.0	39.0	33.1	29.9	27.8	24.1
2018/01/11 15:45:46	68.7	35.2	35.2	54.6	54.6	68.7	68.7	73.4	73.4	66.7	53.7	55.8	53.2	58.8	55.9	50.6	52.9	55.1	56.7	60.0	60.6	60.0	58.4	56.3	55.1	55.1	55.0	50.4	43.8	37.2	34.1	31.5	29.2
2018/01/11 15:45:47	69.0	35.4	35.4	51.6	51.6	64.0	64.0	70.0	70.0	65.7	51.8	55.2	54.5	58.5	55.0	51.7	55.1	55.3	56.7	60.0	60.4	60.4	58.3	56.8	55.5	56.3	56.5	52.6	46.4	39.0	36.1	34.2	31.7
2018/01/11 15:45:48	62.8	35.0	35.0	51.8	51.8	61.8	61.8	68.4	68.4	66.8	54.8	53.8	53.9	54.1	51.2	47.3	48.0	50.8	50.9	55.0	54.7	54.0	52.2	48.6	47.1	47.7	46.0	42.3	35.6	29.3	25.9	24.2	22.2
2018/01/11 15:45:49	61.5	39.4	39.4	51.4	51.4	62.3	62.3	71.6	71.6	69.9	56.8	57.2	56.3	53.9	48.7	46.9	48.9	50.0	48.8	52.6	52.5	50.6	50.9	47.8	45.1	46.3	45.1	41.6	35.1	30.5	27.2	26.2	23.2
2018/01/11 15:45:50	62.6	38.8	38.8	52.4	52.4	65.6	65.6	75.0	75.0	72.9	58.0	63.2	58.8	57.2	52.7	48.7	48.6	50.6	50.0	50.2	51.1	51.0	52.3	47.7	46.0	48.3	47.0	43.1	36.8	33.0	29.2	28.5	25.5
2018/01/11 15:45:51	63.6	36.5	36.5	53.2	53.2	65.4	65.4	74.4	74.4	72.1	61.2	68.0	60.6	58.7	52.0	50.0	49.8	52.4	51.8	50.9	50.1	50.5	53.3	46.7	46.7	50.8	49.3	45.8	40.1	37.5	34.8	34.1	31.6
2018/01/11 15:45:52	66.1	38.7	38.7	51.5	51.5	72.8	72.8	76.9	76.9	69.5	68.2	71.3	58.9	62.5	58.4	54.7	52.5	55.9	52.9	51.9	54.1	55.5	50.9	49.0	54.3	51.9	52.3	48.8	44.3	41.3	39.1	39.7	38.3
2018/01/11 15:45:53	70.1	41.6	41.6	51.1	51.1	76.8	76.8	82.1	82.1	76.5	72.8	74.2	57.9	62.8	57.4	58.9	59.1	58.5	55.7	57.0	58.2	58.4	54.9	53.2	56.8	59.6	57.4	53.2	47.2	44.0	42.4	41.0	38.8
2018/01/11 15:45:54	72.3	42.1	42.1	54.4	54.4	79.6	79.6	85.7	85.7	80.2	72.6	73.8	59.2	61.0	57.1	60.3	60.1	59.8	56.5	56.1	58.0	59.4	56.2	54.7	57.1	65.9	58.9	55.8	49.3	45.3	42.2	40.6	37.7
2018/01/11 15:45:55	69.0	38.8	38.8	52.8	52.8	75.7	75.7	82.2	82.2	77.0	68.8	71.1	57.4	60.6	56.7	53.9	55.6	57.2	52.4	53.1	54.7	59.2	53.6	51.6	52.2	60.7	58.0	51.6	44.2	41.4	38.5	36.1	33.8
2018/01/11 15:45:56	64.6	37.8	37.8	50.6	50.6	70.5	70.5	77.7	77.7	73.3	62.3	65.1	56.6	56.0	52.7	53.2	52.4	52.5	49.8	51.3	53.8	52.9	51.9	48.4	48.4	52.4	54.0	50.1	39.8	36.7	31.6	28.8	26.4
2018/01/11 15:45:57	61.8	33.3	33.3	47.4	47.4	65.4	65.4	73.1	73.1	69.2	59.9	59.5	54.4	53.3	48.3	51.6	50.2	50.5	50.6	49.6	51.1	50.4	49.0	46.4	46.2	52.1	47.5	44.7	34.4	31.0	27.2	24.7	22.2
2018/01/11 15:45:58	59.2	31.1	31.1	44.8	44.8	58.2	58.2	63.6	63.6	59.4	53.2	53.2	48.8	51.5	46.2	46.1	47.9	47.7	46.8	48.1	49.6	48.8	49.6	44.7	44.1	49.5	46.2	42.7	31.4	26.3	23.7	22.6	21.3
2018/01/11 15:45:59	57.5	32.5	32.5	44.9	44.9	54.0	54.0	57.8	57.8	53.4	48.1	49.6	46.2	49.0	43.4	43.7	44.3	44.5	44.2	45.5	49.0	47.0	47.4	44.2	43.6	48.1	45.8	41.3	30.1	24.9	22.5	22.3	21.1
2018/01/11 15:46:00	58.6	31.7	31.7	45.6	45.6	55.1	55.1	56.0	56.0	50.6	45.9	49.9	45.7	46.4	42.5	42.8	45.0	43.9	44.4	47.4	49.7	50.3	49.9	47.0	45.8	46.3	44.9	40.5	32.0	25.5	23.1	22.7	21.3
2018/01/11 15:46:01	64.9	28.6	28.6	46.6	46.6	53.8	53.8	54.8	54.8	51.8	49.7	51.8	46.3	51.4	47.0	48.1	53.4	48.9	49.8	53.7	56.0	55.7	55.2	54.1	53.3	52.8	52.2	50.1	41.6	35.5	31.9	30.2	27.9
2018/01/11 15:46:02	66.7	36.8	36.8	53.7	53.7	58.6	58.6	60.2	60.2	57.8	56.7	54.6	49.9	54.7	50.7	54.1	55.7	53.5	53.5	55.0	57.9	58.0	56.7	54.2	54.2	54.9	54.6	51.8	44.0	37.6	34.3	32.4	29.9
2018/01/11 15:46:03	57.9	37.7	37.7	50.8	50.8	57.1	57.1	58.6	58.6	54.5	54.0	53.4	51.1	51.4	48.8	47.2	46.5	44.4	45.8	45.2	48.7	49.5	48.4	45.7	44.5	43.8	42.4	37.4	30.4	24.9	22.8	22.4	21.1
2018/01/11 15:46:04	54.3	35.0	35.0	48.2	48.2	59.1	59.1	61.1	61.1	55.1	56.0	53.4	46.4	48.5	47.2	43.1	44.4	41.6	41.1	42.6	44.5	44.7	42.9	41.0	42.2	39.5	38.7	32.9	25.9	22.2	21.4	22.1	21.4
2018/01/11 15:46:05	52.9	33.3	33.3	49.3	49.3	61.5	61.5	63.0	63.0	54.6	54.2	53.6	44.7	45.0	44.8	43.9	45.9	42.1	40.6	41.8	42.8	43.0	40.6	38.2	38.6	36.2	35.3	29.7	23.9	21.5	21.6	21.8	21.0
2018/01/11 15:46:06	51.2	34.0	34.0	51.1	51.1	62.1	62.1	62.5	62.5	54.9	53.4	51.4	42.1	45.2	44.9	40.5	42.1	39.8	38.3	40.6	40.9	41.1	38.9	36.0	37.5	34.3	33.3	28.8	23.5	21.6	21.8	22.2	21.2
2018/01/11 15:46:07	50.2	33.1	33.1	49.4	49.4	59.6	59.6	59.2	59.2	54.6	53.8	50.8	41.2	45.6	40.5	39.6	41.7	39.0	39.1	40.6	39.4	39.9	37.4	34.8	35.4	34.0	32.6	28.7	24.4	22.7	23.1	23.2	21.8
2018/01/11 15:46:08	49.2	32.4	32.4	50.9	50.9	60.4	60.4	59.9	59.9	52.1	49.7	51.0	43.2	43.4	40.9	39.3	38.8	39.7	39.0	39.3	38.2	38.1	36.4	34.3	34.8	33.0	31.6	26.6	23.2	22.0	21.8	22.2	21.1
2018/01/11 15:46:09	49.3	30.1	30.1	53.1	53.1	61.2	61.2	58.9	58.9	51.2	50.8	52.0	44.8	44.6	41.5	37.9	38.8	39.3	39.6	39.8	39.1	37.1	36.1	34.3	33.0	32.3	31.7	25.6	22.1	21.0	21.2	22.0	21.0
2018/01/11 15:46:10	49.7	32.3	32.3	50.9	50.9	61.0	61.0	60.3	60.3	52.5	50.2	49.6	43.1	44.6	41.5	39.2	40.6	41.0	39.8	39.5	39.5	37.5	35.6	34.5	34.9	33.9	33.7	29.9	24.3	22.5	22.5	22.7	21.5
2018/01/11 15:46:11	49.3	31.5	31.5	51.1	51.1	58.4	58.4	57.6	57.6	51.5	48.0	49.1	45.9	47.2	42.4	40.1	42.2	40.5	38.9	38.8	38.0	36.6	34.7	33.6	33.5	32.8	32.1	29.3	23.7	22.3	21.6	22.7	21.1
2018/01/11 15:46:12	49.5	30.5	30.5	48.6	48.6	57.0	57.0	56.8	56.8	51.4	48.0	49.9	43.5	47.2	43.9	40.6	39.7	40.1	38.4	39.9	38.4	36.1	36.1	33.4	35.8	35.6	32.0	28.2	23.4	22.1	22.5	22.5	21.2
2018/01/11 15:46:13	48.5	29.8	29.8	48.1	48.1	57.4	57.4	57.3	57.3	50.7	46.8	47.6	43.7	47.4	40.7	40.7	40.0	39.7	37.9	39.0	37.6	35.7	34.0	33.1	32.7	32.0	29.9	25.8	22.6	21.3	21.3	22.0	21.2
2018/01/11 15:46:14	50.0	27.9	27.9	49.2	49.2	57.2	57.2	56.6	56.6	51.9	48.1	47.8	42.4	47.7	43.6	40.0	39.2	39.9	40.1	40.4	38.5	37.4	36.5	35.1	36.2	37.4	35.3	31.2	26.1	24.3	23.4	23.2	21.9
2018/01/11 15:46:15	51.3	30.2	30.2	48.9	48.9	56.2	56.2	56.9	56.9	53.7	49.1	47.9	43.6	47.2	43.6	38.4	38.9	41.6	41.3	41.4	40.2	38.8	38.7	37.0	37.2	39.0	38.6	37.7	30.6	25.3	22.8	23.0	21.6
2018/01/11 15:46:16	50.9	30.3	30.3	47.1	47.1	55.5	55.5	55.9	55.9	52.0	48.1	48.2	43.1	47.3	42.4	38.7	40.5	40.9	42.3	42.5	41.1	39.4	38.7	36.1	35.8	35.5	33.8	30.1	28.5	24.2	23.2	23.4	22.3
2018/01/11 15:46:17	52.0	34.7	34.7	54.5	54.5	63.2	63.2	60.6	60.6	51.0	47.9	49.3	44.6	48.0	42.6	39.3	41.5	43.3	42.7	43.3	42.1	40.3	40.0	36.9	36.3	36.7	35.9	30.1	25.6	23.3	22.8	23.3	22.0
2018/01/11 15:46:18	51.6	31.9	31.9	49.2	49.2	59.8	59.8	59.2	59.2	52.6	49.4	49.6	45.7	48.0	44.0	41.0	41.5	41.7	42.1	43.0	41.2	39.5	38.6	37.3	36.6	36.3	35.0	28.2	22.4	20.9	21.2	21.6	21.0
2018/01/11 15:46:19	51.7	31.3	31.3	48.4	48.4	57.4	57.4	57.9	57.9	53.4	48.1	49.5	44.3	47.4	43.6	39.7	41.7	42.1	42.1	42.8	41.5	39.7	40.0	38.1	37.1	37.4	36.1	30.4	22.6	21.5	21.1	21.6	20.9
2018/01/11 15:46:20	53.4	30.3	30.3	47.0	47.0	55.7	55.7	54.8	54.8	49.7	48.6	49.4	45.9	49.4	43.2	40.9	41.4	42.9	43.6	44.9	43.2	42.9	42.7	40.6	39.5	38.6	36.4	32.1	26.1	24.1	24.0	23.0	21.6
2018/01/11 15:46:21	55.4	32.0	32.0	49.4	49.4	60.0	60.0	59.6	59.6	51.8	46.0	51.0	48.9	52.6	45.7	44.9	43.4	44.6	44.8	46.0	44.4	45.4	45.4	43.1	41.4	39.7	37.8	33.8	27.8	23.7	22.3	22.8	21.5
2018/01/11 15:46:22	58.4	31.7	31.7	48.3	48.3	55.6	55.6	57.6	57.6	53.1	47.2	52.6	48.5	55.3	49.9	45.7	47.8	46.5	47.8	49.2	47.8	47.6	48.8	47.9	43.9	43.5	41.6	37.8	31.6	26.5	23.7	23.0	21.3
2018/01/11 15:46:23	61.5	31.3	31.3	50.0	50.0	58.3	58.3	56.9	56.9	51.9	49.5	52.9	50.6	54.3	48.8	46.2	48.2	50.5	52.0	54.4	51.0	52.4	52.0	47.3	46.7	45.7	45.4	41.1	35.5	31.7	28.9	25.9	23.2
2018/01/11 15:46:24	66.8	31.0	31.0	50.4	50.4	57.9	57.9	57.2	57.2	56.5	55.4	58.9	54.1	58.7	56.1	52.2	53.3	55.4	59.0	59.8	56.9	56.5	55.7	53.8	52.0	51.7	50.2	47.1	41.9	37.5	32.4	29.2	26.1
2018/01/11 15:46:25	71.5	32.8	32.8	53.4	53.4	61.4	61.4	60.2	60.2	59.7	62.5	61.6	58.6	60.7	58.4	52.9	57.6	60.6	62.0	63.7	61.1	62.1	60.9	58.8	57.1	58.7	59.0	53.5	49.1	45.9	40.5	39.1	35.2
2018/01/11 15:46:26	70.5	31.9	31.9	57.2	57.2	63.7	63.7	59.2	59.2	58.7	57.4	60.0	57.3	59.2	57.4	52.9	56.9	58.4	60.7	63.6	61.3	61.5	59.4	56.7	56.0	56.2	56.4	51.3	47.5	42.2	38.1	35.3	31.8
2018/01/11 15:46:27	69.2	34.6	34.6	54.3	54.3	59.1	59.1	58.8	58.8	58.9	53.7	61.0	59.0	59.4	57.1	55.2	56.8	57.2	59.0	61.7	60.3	59.3	57.5	55.8	56.2	55.9	54.8	50.6	44.2	39.9	40.0	35.7	33.7
2018/01/11 15:46:28	70.5	33.8	33.8	50.4	50.4	57.0	57.0	58.9	58.9	58.5	56.0	57.2	55.1	58.9	58.8	56.6	57.6	59.6	61.0	62.4	61.2	60.0	59.1	57.1	58.8	58.2	56.6	50.9	44.8	39.9	37.2	34.9	31.4
2018/01/11 15:46:29	67.6	34.6	34.6	51.3	51.3	58.3	58.3	58.0	58.0	53.9	50.9	56.2	53.0	58.7	57.7	52.9	55.0	56.3	57.9	59.0	59.0	58.8	56.5	55.1	53.3	52.7	52.7	47.6	40.6	36.0	33.4	32.0	29.4
2018/01/11 15:46:30	63.9	32.8	32.8	47.0	47.0	54.8	54.8	56.1	56.1	53.3	50.7	52.1	49.7	55.2	54.0	51.4	50.5	53.5	54.3	55.2	56.0	54.4	53.5	50.7	49.5	49.1	47.3	41.5	35.5	29.4	28.0	24.6	22.2
2018/01/11 15:46:31	65.6	29.4	29.4	46.7	46.7	56.8	56.8	57.5	57.5	53.6	51.9	52.3	51.3	56.9	54.1	50.1	52.3	54.2	54.3	56.1	57.7	57.1	55.4	53.3	51.9	51.5	49.2	44.4	38.7	33.3	31.9	28.5	26.0
2018/01/11 15:46:32	66.1	31.1	31.1	48.0	48.0	56.8	56.8	57.9	57.9	54.7	51.8	54.9	50.1	53.7	53.9	50.9	53.2	53.7	54.6	56.7	58.3	57.3	55.3	54.1	52.9	53.2	51.6	46.2	40.7	35.7	32.3	31.4	27.7
2018/01/11 15:46:33	65.6	31.5	31.5	46.1	46.1	55.0	55.0	57.1	57.1	54.7	50.6	53.6	49.7	54.0	52.6	49.7	52.7	54.5	54.1	56.6	57.8	56.8	55.3	53.1	51.7	52.1	50.9	45.8	40.7	35.9	30.7	29.2	26.5
2018/01/11 15:46:34	66.7	30.6	30.6	51.0	51.0	59.4	59.4	59.4	59.4	56.4	54.4	56.4	53.4	55.2	53.6	51.0	55.7	54.2	55.5	58.5	58.3	57.4	55.8	53.7	53.2	53.4	52.2	48.3	42.3	36.6	31.6	29.7	26.4
2018/01/11 15:46:35	66.2	29.2	29.2	47.5	47.5	55.4	55.4	56.7	56.7	56.9	53.6	54.2	49.8	57.3	55.7	49.7	51.2	54.9	55.1	56.9	57.8	57.9	56.2	54.6	51.4	51.5	51.0	45.5	38.5	33.9	31.1	28.3	27.3
2018/01/11 15:46:36	68.2	31.6	31.6	52.4	52.4	58.9	58.9	58.6	58.6	58.8	57.0	57.9	55.5	61.4	57.3	53.3	55.3	58.7	56.7	59.9	60.1	59.2	57.8	55.2	53.4	53.2	51.8	46.3	40.5	34.9	32.7	30.1	27.9
2018/01/11 15:46:37	70.3	36.4	36.4	55.7	55.7	61.6	61.6	64.0	64.0	63.4	65.0	65.5	59.0	59.7	59.1	53.5	56.5	60.4	59.4	62.7	61.3	60.4	59.7	58.1	56.1	56.1	55.1	50.9	44.9	40.5	36.3	34.1	30.9
2018/01/11 15:46:38	69.6	38.6	38.6	53.3	53.3	59.6	59.6	60.9	60.9	61.9	64.0	64.5	58.0	61.2	59.2	52.6	56.5	59.1	58.0	61.6	60.4	59.9	58.4	57.2	56.4	56.2	54.9	50.1	44.2	39.1	36.3	34.7	30.6
2018/01/11 15:46:39	70.1	35.7	35.7	50.6	50.6	59.6	59.6	61.7	61.7	58.2	56.8	62.5	55.6	60.7	60.5	56.5	57.8	58.5	59.4	61.4	61.5	61.1	59.8	57.0	55.9	55.9	55.0	50.6	45.2	41.6	40.5	36.3	32.4
2018/01/11 15:46:40	72.7	34.3	34.3	52.6	52.6	60.6	60.6	62.8	62.8	59.4	57.8	61.6	56.3	64.2	62.7	56.9	59.7	62.4	62.0	64.5	64.2	64.1	62.2	59.6	57.6	57.5	56.6	52.7	47.9	42.8	54.8	34.3	30.8
2018/01/11 15:46:41	69.6	35.1	35.1	51.2	51.2	59.0	59.0	60.3	60.3	57.6	60.6	58.1	54.0	62.1	60.0	56.9	58.5	59.6	58.8	61.2	61.4	60.4	58.9	56.5	54.6	54.0	53.0	48.3	42.4	37.5	43.8	29.6	26.2
2018/01/11 15:46:42	67.2	30.3	30.3	46.1	46.1	56.7	56.7	59.4	59.4	55.5	55.1	54.9	53.3	59.1	55.4	52.0	54.5	54.8	57.2	60.5	58.7	58.1	56.4	54.1	51.7	51.3	50.3	45.3	39.6	36.9	41.0	27.2	24.3
2018/01/11 15:46:43	67.9	29.7	29.7	45.7	45.7	57.6	57.6	59.8	59.8	54.4	53.5	55.0	54.0	58.8	54.0	52.3	55.9	56.6	57.5	61.2	58.9	58.8	56.8	54.3	53.7	53.7	52.3	48.6	42.0	38.8	34.0	31.7	26.9
2018/01/11 15:46:44	67.4	31.5	31.5	49.1	49.1	59.9	59.9	60.1	60.1	54.7	55.5	56.1	55.0	57.4	52.0	50.8	55.9	56.4	57.4	60.5	58.5	58.9	55.6	53.4	52.8	52.7	52.0	46.3	39.3	34.6	35.6	32.3	25.9
2018/01/11 15:46:45	63.9	28.3	28.3	46.3	46.3	57.7	57.7	61.7	61.7	56.7	48.7	53.0	50.7	52.7	50.1	47.0	50.0	52.8	53.0	57.2	55.8	55.4	53.3	50.3	47.3	47.4	46.9	40.4	35.5	29.1	28.5	25.0	22.6
2018/01/11 15:46:46	60.2	28.2	28.2	44.6	44.6	54.6	54.6	58.5	58.5	55.3	49.4	50.5	48.2	50.1	48.4	44.8	46.5	48.2	51.1	53.1	51.7	51.3	49.5	46.4	44.4	43.6	43.0	37.0	29.7	25.5	23.2	22.5	21.5
2018/01/11 15:46:47	61.6	27.5	27.5	45.2	45.2	53.0	53.0	56.6	56.6	55.5	49.2	50.2	47.4	50.8	50.3	44.0	47.7	51.8	50.9	52.9	51.6	53.2	50.7	49.5	47.8	49.1	47.3	42.1	34.2	29.8	26.8	25.5	23.8
2018/01/11 15:46:48	62.5	27.5	27.5	45.7	45.7	54.5	54.5	56.3	56.3	54.7	50.6	54.1	52.8	54.8	50.4	45.6	49.6	53.5	51.4	54.5	52.5	52.1	51.6	49.9	48.7	49.9	49.2	44.5	37.0	31.4	28.5	27.2	25.6
2018/01/11 15:46:49	60.1	27.7	27.7	44.5	44.5	53.5	53.5	55.7	55.7	54.0	50.7	55.1	52.4	53.4	51.2	48.5	47.3	48.1	48.0	51.2	50.2	49.7	50.4	47.2	47.0	47.2	46.8	41.8	33.7	29.2	26.4	25.1	24.1
2018/01/11 15:46:50	70.6	38.8	38.8	55.3	55.3	59.7	59.7	63.9	63.9	63.0	58.3	65.2	60.8	64.7	55.0	56.3	55.6	57.2	56.7	62.3	58.3	59.0	57.6	58.8	59.5	59.4	62.1	55.6	48.6	45.3	43.6	44.4	45.2
2018/01/11 15:46:51	70.7	38.0	38.0	53.8	53.8	57.8	57.8	63.3	63.3	62.3	58.4	69.2	66.7	68.9	60.4	60.3	57.0	58.4	57.8	58.0	60.3	57.3	58.3	58.6	58.1	59.2	60.9	55.8	50.3	46.1	44.0	44.4	45.5
2018/01/11 15:46:52	60.2	33.8	33.8	49.7	49.7	60.4	60.4	63.2	63.2	61.6	58.2	57.6	50.5	55.2	53.3	49.7	48.1	48.3	48.6	50.2	49.9	50.1	51.2	45.8	45.4	45.3	45.1	40.9	33.9	28.5	27.0	25.2	24.8
2018/01/11 15:46:53	59.1	29.0	29.0	45.7	45.7	55.0	55.0	57.6	57.6	56.3	53.7	51.3	44.3	50.9	47.6	45.4	45.2	54.2	49.9	50.0	49.0	49.6	45.1	44.5	43.4	43.4	42.8	38.8	31.9	27.2	25.4	23.7	21.4
2018/01/11 15:46:54	62.3	29.1	29.1	43.4	43.4	53.8	53.8	57.0	57.0	56.1	51.6	50.7	45.7	54.8	51.6	47.5	48.2	54.3	52.1	53.1	51.7	53.3	49.4	47.9	48.7	50.4	50.3	45.5	39.3	35.6	33.5	31.3	27.6
2018/01/11 15:46:55	67.3	27.3	27.3	45.4	45.4	55.8	55.8	62.1	62.1	59.9	50.3	52.2	49.7	59.8	53.0	49.8	54.6	56.3	56.7	58.1	56.0	58.0	52.6	53.4	55.9	56.9	56.9	52.8	46.8	42.5	43.1	39.7	35.8
2018/01/11 15:46:56	64.8	27.9	27.9	46.7	46.7	57.7	57.7	62.4	62.4	58.2	48.5	52.3	51.0	57.9	52.9	51.3	52.2	53.2	55.0	55.8	56.5	55.1	50.8	50.7	51.0	52.8	52.8	50.2	43.2	38.7	38.9	34.4	30.7
2018/01/11 15:46:57	63.5	27.5	27.5	43.0	43.0	56.0	56.0	57.9	57.9	52.4	50.7	50.6	48.4	53.1	53.0	51.8	50.6	53.0	56.3	55.2	55.1	53.5	50.5	48.4	48.7	48.6	48.9	45.4	38.4	34.7	30.8	27.8	23.1
2018/01/11 15:46:58	66.3	29.0	29.0	44.8	44.8	59.6	59.6	62.4	62.4	57.1	51.7	52.3	53.0	57.1	53.9	51.3	55.3	57.8	58.4	57.6	56.7	56.6	52.8	51.7	51.9	53.1	52.8	49.7	43.9	42.2	38.0	35.4	30.5
2018/01/11 15:46:59	64.9	29.5	29.5	46.8	46.8	58.4	58.4	60.2	60.2	55.0	52.3	54.3	51.8	56.1	52.6	49.9	53.8	56.8	56.9	56.5	55.6	54.5	50.2	50.1	50.9	51.1	52.0	46.8	42.8	40.1	36.2	33.3	28.4
2018/01/11 15:47:00	61.7	29.9	29.9	47.8	47.8	57.6	57.6	57.7	57.7	53.9	53.5	54.2	49.3	54.9	54.2	50.7	50.2	52.6	53.8	52.0	52.1	50.9	49.4	48.5	48.0	47.6	47.1	43.1	36.2	32.7	29.7	27.4	24.9
2018/01/11 15:47:01	68.8	30.1	30.1	47.8	47.8	56.1	56.1	56.5	56.5	57.2	55.4	57.1	50.4	58.2	53.2	63.0	64.6	52.6	61.2	56.7	59.6	59.6	53.4	54.1	53.9	54.7	51.9	47.9	42.9	41.0	36.8	36.9	33.3
2018/01/11 15:47:02	61.8	31.9	31.9	49.9	49.9	58.0	58.0	57.7	57.7	55.2	51.3	55.3	52.7	54.7	52.0	48.3	49.2	50.1	50.5	52.6	53.2	52.2	50.6	49.5	49.5	48.0	46.9	44.2	38.3	34.7	32.1	29.3	26.1
2018/01/11 15:47:03	60.0	29.6	29.6	48.1	48.1	56.3	56.3	56.4	56.4	52.4	50.6	51.0	45.2	52.1	51.1	48.1	48.6	51.0	48.9	50.2	51.7	50.9	49.4	47.1	45.4	45.4	42.3	39.2	33.1	28.4	25.6	23.9	21.8
2018/01/11 15:47:04	62.7	27.9	27.9	48.8	48.8	57.5	57.5	58.6	58.6	55.4	50.9	53.0	47.7	53.4	52.6	50.6	51.7	52.1	52.0	55.0	54.1	53.5	52.4	49.0	46.9	46.7	45.6	41.5	34.8	31.4	28.2	26.4	24.2
2018/01/11 15:47:05	66.2	31.4	31.4	46.0	46.0	54.4	54.4	58.1	58.1	56.4	56.1	60.6	51.2	56.2	55.9	51.2	53.8	54.5	54.5	58.4	57.0	57.0	55.8	53.2	51.8	52.3	51.7	47.4	42.6	38.5	35.8	32.7	29.3
2018/01/11 15:47:06	67.8	31.7	31.7	48.3	48.3	56.5	56.5	62.7	62.7	61.5	59.3	64.2	54.4	60.3	54.9	51.5	55.2	57.2	56.4	59.4	58.7	58.3	56.7	54.9	54.8	54.8	53.7	49.6	44.3	39.8	35.8	33.2	30.4
2018/01/11 15:47:07	67.1	33.7	33.7	49.6	49.6	58.5	58.5	58.7	58.7	58.0	56.6	56.4	51.8	57.3	53.3	50.6	53.9	55.8	55.4	58.4	57.1	59.1	55.6	54.6	54.5	54.7	54.0	49.6	42.4	37.5	33.4	31.6	28.6
2018/01/11 15:47:08	66.8	31.5	31.5	49.6	49.6	55.9	55.9	56.6	56.6	55.8	50.9	52.9	50.0	59.3	54.5	50.5	54.0	55.2	53.0	56.5	57.9	57.2	55.6	55.1	54.6	54.4	55.2	52.3	44.6	38.7	34.3	33.5	28.9
2018/01/11 15:47:09	70.7	32.5	32.5	49.4	49.4	55.4	55.4	59.5	59.5	60.6	54.0	62.8	60.9	59.3	52.7	52.3	58.0	58.7	56.0	58.8	59.6	60.5	58.7	61.0	59.3	59.7	60.6	56.8	50.6	44.9	41.3	42.0	36.2
2018/01/11 15:47:10	67.1	31.6	31.6	51.1	51.1	58.3	58.3	58.1	58.1	57.2	53.5	56.3	53.1	57.2	51.3	53.5	53.8	58.2	55.6	58.3	56.0	57.5	55.4	56.5	54.1	53.7	54.8	50.2	44.5	39.4	34.7	48.9	28.9
2018/01/11 15:47:11	64.1	31.9	31.9	47.7	47.7	56.1	56.1	55.8	55.8	53.5	49.9	52.8	51.4	54.0	48.9	50.3	49.6	55.0	54.3	54.2	54.0	55.3	54.1	52.6	50.1	49.7	48.6	45.1	37.9	33.2	27.8	52.5	22.3
2018/01/11 15:47:12	63.4	32.6	32.6	47.0	47.0	56.2	56.2	56.7	56.7	52.3	50.9	53.7	49.1	49.9	50.4	46.6	49.8	50.0	52.3	53.2	53.6	54.8	54.7	52.6	50.8	48.9	46.9	41.8	34.7	31.0	26.7	54.2	22.1
2018/01/11 15:47:13	66.2	28.9	28.9	43.7	43.7	52.3	52.3	54.5	54.5	53.2	49.5	54.2	49.9	54.9	51.6	48.3	52.5	55.4	55.0	56.7	55.2	56.8	57.0	55.8	54.6	53.4	51.9	46.0	39.7	35.4	32.8	31.3	29.0
2018/01/11 15:47:14	62.8	28.1	28.1	46.4	46.4	56.1	56.1	58.2	58.2	56.2	51.4	53.6	52.6	55.2	51.0	48.5	50.7	53.4	52.6	53.6	52.3	52.8	52.3	50.7	50.8	49.7	49.1	43.9	38.5	33.9	31.6	30.4	28.3
2018/01/11 15:47:15	60.9	30.5	30.5	47.9	47.9	57.5	57.5	57.9	57.9	55.0	54.9	55.6	52.4	55.0	51.1	48.0	49.9	50.6	49.3	51.3	51.2	50.4	49.6	47.9	47.1	47.6	46.7	42.3	37.0	33.4	30.4	33.3	57.0
2018/01/11 15:47:16	63.0	37.3	37.3	53.5	53.5	62.1	62.1	60.7	60.7	58.7	59.9	63.5	54.2	54.4	49.9	50.8	52.3	50.5	49.6	53.1	54.3	52.6	51.6	50.6	49.7	49.6	49.0	42.9	37.7	34.0	31.1	29.9	56.7
2018/01/11 15:47:17	64.9	36.9	36.9	51.1	51.1	66.0	66.0	68.4	68.4	63.1	62.0	61.5	55.5	58.7	57.0	52.5	53.5	53.2	53.3	55.1	54.9	54.8	53.1	52.4	52.2	52.3	51.2	46.0	42.3	38.4	35.7	35.5	32.2
2018/01/11 15:47:18	66.1	29.9	29.9	49.1	49.1	60.9	60.9	64.0	64.0	59.6	64.0	64.1	56.3	60.5	58.0	52.8	55.3	55.0	52.9	55.7	56.8	56.4	54.3	53.6	53.2	53.3	53.2	48.4	44.7	39.9	38.6	40.2	36.0
2018/01/11 15:47:19	64.9	34.1	34.1	52.4	52.4	59.8	59.8	61.9	61.9	58.0	54.2	58.8	51.6	57.7	54.2	51.5	52.9	54.8	52.5	54.6	55.8	56.0	54.0	52.8	51.1	52.3	51.8	46.1	43.0	39.1	35.0	44.7	30.7
2018/01/11 15:47:20	65.3	36.6	36.6	51.3	51.3	58.7	58.7	57.8	57.8	55.3	53.5	56.6	52.9	56.3	53.7	50.9	52.8	56.2	52.9	55.4	55.3	55.6	54.0	53.5	53.5	53.7	52.0	47.3	45.0	41.5	33.0	42.2	28.0
2018/01/11 15:47:21	65.3	35.4	35.4	48.8	48.8	57.2	57.2	57.5	57.5	56.4	56.1	55.9	51.2	58.1	54.3	48.9	52.1	53.7	54.3	57.1	56.6	55.7	53.2	53.4	52.2	52.6	51.6	45.5	39.8	35.3	33.2	33.9	30.4
2018/01/11 15:47:22	66.7	31.0	31.0	48.1	48.1	57.8	57.8	57.7	57.7	55.3	55.9	61.3	57.1	58.9	56.1	52.3	52.9	54.5	55.5	57.1	57.5	56.8	55.3	55.6	54.0	54.8	54.3	48.1	42.3	37.6	35.3	33.3	32.8
2018/01/11 15:47:23	72.0	35.1	35.1	51.0	51.0	60.1	60.1	61.1	61.1	61.3	63.0	68.1	63.5	64.1	64.2	56.7	57.6	56.9	56.9	59.5	61.7	61.2	59.6	62.0	60.0	61.4	62.4	56.3	51.8	47.3	44.9	44.4	42.6
2018/01/11 15:47:24	70.9	38.4	38.4	53.1	53.1	58.8	58.8	61.2	61.2	59.8	63.1	66.1	59.9	61.5	66.1	61.1	58.0	57.6	56.5	58.3	58.1	59.9	57.5	60.6	58.1	58.6	62.8	55.8	49.9	43.8	40.2	41.2	45.1
2018/01/11 15:47:25	71.5	35.7	35.7	53.3	53.3	59.4	59.4	61.2	61.2	59.9	62.5	64.9	60.4	61.4	57.5	58.2	59.2	58.8	57.0	60.0	57.4	61.3	58.1	61.7	60.2	59.7	63.9	55.5	49.9	43.9	41.3	43.0	46.1
2018/01/11 15:47:26	68.6	35.9	35.9	48.6	48.6	57.7	57.7	62.8	62.8	61.8	61.8	61.3	56.9	60.3	55.4	54.7	56.0	55.2	56.2	59.2	56.2	59.0	56.7	58.5	55.9	55.9	59.2	51.1	45.4	40.8	37.2	37.1	40.8
2018/01/11 15:47:27	67.6	34.7	34.7	51.0	51.0	58.8	58.8	63.6	63.6	64.6	60.4	59.5	55.8	59.5	54.0	52.8	53.8	54.8	55.5	56.7	56.5	57.3	56.9	57.8	56.3	55.9	56.3	51.2	44.1	40.3	37.1	35.6	34.2
2018/01/11 15:47:28	67.6	33.9	33.9	54.6	54.6	61.2	61.2	65.3	65.3	66.7	61.5	58.4	54.4	60.6	55.8	53.7	54.1	54.7	55.5	56.1	56.5	58.2	56.7	57.4	56.4	55.8	55.8	50.6	45.0	38.5	34.8	32.2	29.6
2018/01/11 15:47:29	73.7	42.1	42.1	56.7	56.7	63.4	63.4	76.3	76.3	77.6	68.3	63.7	57.4	60.1	61.0	56.2	59.6	57.3	58.1	62.4	60.5	61.2	62.7	63.0	61.9	63.3	65.0	63.1	58.1	52.0	47.5	47.6	43.8
2018/01/11 15:47:30	68.9	38.0	38.0	57.1	57.1	64.5	64.5	67.1	67.1	68.1	65.2	63.5	58.0	60.3	60.5	60.5	57.2	56.2	55.2	58.2	56.6	58.1	58.4	57.2	56.8	57.1	57.9	54.1	50.4	42.0	37.3	35.4	31.7
2018/01/11 15:47:31	72.9	40.0	40.0	54.3	54.3	65.3	65.3	66.6	66.6	63.5	64.1	67.0	62.2	64.3	62.1	60.9	61.4	60.7	62.3	62.0	61.9	61.2	61.7	62.1	61.0	61.4	62.3	57.9	53.4	50.9	47.4	46.7	43.9
2018/01/11 15:47:32	68.1	35.2	35.2	52.6	52.6	61.3	61.3	62.7	62.7	61.4	62.3	61.6	56.5	61.1	58.9	59.6	59.2	56.6	56.0	57.4	57.9	57.7	57.1	55.7	55.5	55.7	55.1	50.9	45.7	42.3	36.9	34.9	31.1
2018/01/11 15:47:33	65.3	34.8	34.8	53.8	53.8	60.2	60.2	59.8	59.8	59.9	61.7	63.3	53.9	56.9	57.0	56.0	55.6	53.6	52.9	55.2	55.3	55.3	54.8	52.7	52.0	52.0	52.3	47.1	40.9	35.5	31.0	28.3	26.0
2018/01/11 15:47:34	64.4	30.5	30.5	50.4	50.4	58.6	58.6	58.7	58.7	56.3	55.0	58.0	49.5	55.3	55.1	54.2	54.1	54.2	51.7	55.1	54.5	54.4	54.3	51.3	50.0	52.4	51.3	45.5	39.6	34.0	29.2	27.6	25.8
2018/01/11 15:47:35	64.7	30.7	30.7	47.0	47.0	55.5	55.5	55.3	55.3	55.6	54.3	54.9	51.5	57.1	54.5	54.5	55.1	54.8	52.5	55.3	56.1	56.0	52.9	51.2	50.2	50.7	50.2	44.5	38.3	32.7	28.8	27.5	25.1
2018/01/11 15:47:36	69.9	33.4	33.4	49.5	49.5	56.5	56.5	57.5	57.5	57.4	56.4	59.2	53.8	59.3	57.1	56.0	56.8	56.1	57.1	60.8	63.1	62.4	58.3	56.1	55.1	55.1	53.7	48.0	42.1	37.1	34.3	31.4	29.9
2018/01/11 15:47:37	71.0	36.2	36.2	50.3	50.3	60.9	60.9	62.0	62.0	58.4	60.5	58.4	55.9	59.6	58.8	59.2	60.4	58.4	60.0	62.0	63.2	61.1	59.4	58.6	57.4	58.5	56.7	51.8	46.4	43.2	39.8	38.6	37.3
2018/01/11 15:47:38	66.5	34.0	34.0	50.4	50.4	59.2	59.2	59.7	59.7	56.4	56.2	55.3	52.2	58.4	55.3	53.9	56.5	55.6	55.6	58.7	58.1	57.5	54.3	52.8	52.5	52.0	50.8	46.2	40.2	34.6	31.4	27.7	25.1
2018/01/11 15:47:39	65.7	34.8	34.8	50.5	50.5	57.1	57.1	56.9	56.9	54.8	51.6	56.1	53.1	58.3	56.3	53.5	56.0	55.0	55.2	58.4	57.0	55.9	54.4	51.5	51.2	50.3	49.4	45.0	38.4	32.8	28.9	27.5	23.5
2018/01/11 15:47:40	65.8	37.4	37.4	50.2	50.2	56.7	56.7	57.8	57.8	55.6	52.6	55.5	51.6	59.1	55.9	52.2	54.1	54.9	54.8	59.3	57.1	56.0	54.3	51.9	50.7	51.1	49.4	44.7	38.9	33.4	29.6	28.2	25.4
2018/01/11 15:47:41	68.1	34.8	34.8	48.6	48.6	56.8	56.8	59.2	59.2	56.9	54.5	57.9	56.7	58.3	57.9	56.3	53.1	54.9	57.3	60.1	60.9	57.5	56.8	55.9	54.9	54.6	52.8	48.4	42.6	37.1	34.7	34.3	32.2
2018/01/11 15:47:42	69.7	32.9	32.9	47.8	47.8	62.9	62.9	64.7	64.7	57.6	57.1	62.1	66.2	62.4	57.2	54.1	54.8	55.3	59.5	61.3	62.1	58.3	58.4	58.1	56.7	56.1	54.8	50.7	45.0	40.0	37.4	37.8	35.2
2018/01/11 15:47:43	64.8	29.7	29.7	45.5	45.5	54.9	54.9	58.4	58.4	57.3	53.4	55.9	56.2	57.9	54.4	50.9	50.7	52.3	53.1	58.0	56.4	55.6	53.4	51.3	50.6	50.3	48.4	42.9	37.4	31.5	28.7	27.9	25.2
2018/01/11 15:47:44	62.3	29.3	29.3	45.0	45.0	52.8	52.8	55.3	55.3	54.2	51.9	53.4	47.3	53.3	53.1	49.8	49.1	50.3	49.4	54.8	54.9	53.6	51.4	48.5	46.8	46.9	44.6	38.3	32.9	27.1	23.4	23.0	21.3
2018/01/11 15:47:45	60.0	27.8	27.8	45.8	45.8	53.9	53.9	54.3	54.3	52.3	48.5	49.5	45.1	50.5	50.9	48.5	47.6	47.5	47.9	52.1	53.4	51.4	48.7	45.6	43.9	43.9	40.8	34.8	28.3	23.0	21.7	22.0	21.0
2018/01/11 15:47:46	59.6	27.4	27.4	45.6	45.6	54.6	54.6	55.4	55.4	53.6	50.6	48.9	46.0	51.3	50.6	46.9	46.7	46.6	48.6	50.8	52.2	50.9	48.8	45.0	44.0	46.0	43.2	36.7	31.7	23.8	21.9	22.2	20.9
2018/01/11 15:47:47	62.4	31.1	31.1	49.3	49.3	57.6	57.6	56.4	56.4	52.4	50.1	54.6	51.1	53.2	52.0	51.3	53.1	51.2	51.1	53.2	54.6	54.5	51.6	47.9	46.2	46.9	43.0	37.3	33.2	26.2	24.2	23.1	21.3
2018/01/11 15:47:48	71.0	35.7	35.7	57.1	57.1	65.9	65.9	64.0	64.0	59.0	58.8	60.3	57.6	61.5	61.2	60.4	61.4	59.1	59.1	61.1	64.3	61.4	59.7	57.9	56.4	57.1	54.2	51.6	47.2	41.9	38.1	34.9	31.9
2018/01/11 15:47:49	69.7	39.9	39.9	59.6	59.6	68.7	68.7	65.6	65.6	53.8	54.1	59.4	60.1	62.7	62.7	62.9	61.0	56.8	58.6	61.4	62.0	59.5	56.4	54.1	54.0	55.7	54.2	49.8	44.4	39.9	36.3	33.5	30.4
2018/01/11 15:47:50	62.5	28.3	28.3	44.6	44.6	53.3	53.3	53.5	53.5	51.7	52.0	51.9	50.0	54.0	52.2	53.4	54.5	49.5	49.3	52.9	53.0	51.7	50.1	50.2	46.6	50.9	53.3	42.4	37.7	30.5	24.2	23.0	21.3
2018/01/11 15:47:51	62.9	27.5	27.5	45.0	45.0	54.8	54.8	55.1	55.1	49.8	48.1	49.8	46.0	50.4	48.2	51.1	52.7	46.3	47.0	49.7	50.6	49.8	47.7	47.4	55.6	47.3	54.5	55.3	37.4	35.3	24.8	22.7	21.1
2018/01/11 15:47:52	58.4	28.3	28.3	44.6	44.6	54.6	54.6	54.8	54.8	50.9	49.2	48.5	46.2	49.6	48.0	47.7	51.1	45.9	43.9	48.1	47.4	46.7	44.1	46.8	46.5	43.9	50.5	44.8	33.8	25.2	27.8	22.0	20.8
2018/01/11 15:47:53	56.9	25.9	25.9	46.9	46.9	54.7	54.7	52.8	52.8	49.0	46.3	48.1	46.4	50.3	48.3	45.6	47.0	44.0	43.8	45.8	46.6	45.5	44.6	45.6	43.0	41.6	48.9	43.2	31.5	25.1	35.4	21.8	20.8
2018/01/11 15:47:54	57.7	27.7	27.7	45.7	45.7	55.2	55.2	55.4	55.4	50.1	47.7	49.4	46.0	50.2	47.0	45.1	45.7	44.1	45.2	46.5	46.4	47.7	45.9	44.9	47.9	43.3	45.9	48.3	29.5	28.0	29.1	22.0	20.7
2018/01/11 15:47:55	61.1	27.8	27.8	46.3	46.3	56.6	56.6	55.7	55.7	47.6	47.5	49.5	45.9	48.9	48.0	42.9	45.2	47.6	50.2	52.0	51.2	53.1	50.7	49.4	49.3	47.0	46.5	44.6	32.9	28.3	24.3	22.1	21.1
2018/01/11 15:47:56	68.2	35.1	35.1	48.7	48.7	63.5	63.5	64.8	64.8	57.1	53.6	55.6	52.7	53.7	54.1	51.7	51.3	54.9	56.6	59.1	59.5	58.0	59.1	57.5	55.8	56.2	52.7	48.8	42.1	37.7	32.9	30.1	25.1
2018/01/11 15:47:57	73.0	44.1	44.1	56.6	56.6	71.8	71.8	72.8	72.8	61.9	57.4	58.6	58.2	58.7	57.5	53.2	54.4	58.3	61.9	62.2	62.7	63.8	63.8	61.6	61.1	63.1	59.8	56.0	49.3	45.9	43.1	39.2	34.7
2018/01/11 15:47:58	62.8	31.1	31.1	48.5	48.5	58.6	58.6	57.9	57.9	51.7	51.4	52.8	51.0	53.4	55.3	49.5	49.3	48.9	49.9	54.5	54.5	53.9	53.6	51.2	48.7	47.0	44.2	40.1	34.3	28.6	25.1	23.6	21.7
2018/01/11 15:47:59	60.4	28.0	28.0	45.2	45.2	53.6	53.6	52.4	52.4	49.6	48.2	51.2	47.3	51.4	51.5	43.8	45.8	47.7	49.4	51.8	51.2	52.3	50.8	47.9	46.7	44.3	43.0	37.9	30.3	25.3	23.8	31.8	21.5
2018/01/11 15:48:00	65.7	27.0	27.0	44.7	44.7	53.8	53.8	56.5	56.5	57.5	54.5	52.5	50.5	53.5	53.0	50.0	51.9	52.2	54.6	56.5	57.1	56.7	56.6	54.1	52.3	50.9	50.4	45.6	36.5	31.5	28.1	25.4	23.2
2018/01/11 15:48:01	69.4	30.7	30.7	49.0	49.0	57.3	57.3	57.6	57.6	52.5	52.9	53.6	51.3	54.9	55.7	50.6	54.5	59.8	60.1	61.5	59.6	60.2	59.2	57.7	56.1	55.2	54.0	47.8	41.6	37.6	33.4	30.8	28.6
2018/01/11 15:48:02	63.7	27.8	27.8	44.8	44.8	53.4	53.4	53.1	53.1	51.0	49.4	51.2	50.4	56.0	55.4	50.7	51.5	53.8	53.8	54.8	55.1	55.1	53.1	50.9	49.0	47.5	46.0	41.7	34.9	30.8	28.6	28.0	25.0
2018/01/11 15:48:03	57.2	28.2	28.2	43.7	43.7	53.1	53.1	53.8	53.8	50.6	48.3	48.9	48.9	52.4	51.4	45.8	46.7	45.3	47.0	47.4	47.8	48.0	46.6	43.5	43.2	41.8	41.3	37.2	31.2	27.5	25.2	24.7	22.7
2018/01/11 15:48:04	54.5	27.3	27.3	43.1	43.1	51.8	51.8	52.4	52.4	50.3	47.9	48.7	44.1	48.3	47.6	43.6	43.9	43.7	44.2	44.7	45.2	44.0	44.8	41.4	39.8	39.6	38.5	32.9	27.3	23.9	22.6	22.6	21.7
2018/01/11 15:48:05	54.3	27.9	27.9	45.3	45.3	52.7	52.7	52.0	52.0	49.2	50.4	51.4	46.1	48.1	44.4	43.3	43.0	43.1	44.6	44.3	45.0	45.5	43.7	41.2	39.2	38.7	38.7	34.3	28.2	25.4	23.5	23.2	21.8
2018/01/11 15:48:06	57.6	28.3	28.3	46.0	46.0	55.8	55.8	57.1	57.1	53.4	50.2	53.7	48.9	51.3	46.4	44.8	49.3	47.5	48.2	50.0	47.0	48.4	45.2	43.2	42.4	41.8	41.4	37.3	30.7	27.2	24.7	24.1	22.1
2018/01/11 15:48:07	58.0	31.4	31.4	47.9	47.9	57.2	57.2	57.4	57.4	52.5	51.7	53.5	48.0	49.8	49.5	47.2	46.2	45.8	48.7	48.9	47.8	50.0	47.0	44.7	43.7	42.8	41.7	37.1	32.0	26.5	23.6	23.2	21.7
2018/01/11 15:48:08	62.2	33.8	33.8	53.8	53.8	61.6	61.6	59.3	59.3	53.4	53.2	55.5	50.6	52.4	51.5	50.7	51.2	48.4	50.8	51.1	53.7	56.1	50.4	47.8	47.5	47.4	45.2	42.9	35.3	30.3	27.0	24.5	22.7
2018/01/11 15:48:09	67.5	36.3	36.3	54.3	54.3	65.7	65.7	64.9	64.9	57.7	58.2	62.7	56.7	57.5	56.3	52.8	53.2	54.3	58.7	59.3	57.0	58.0	56.7	52.9	54.3	55.1	54.7	50.6	43.2	40.5	39.5	31.5	29.2
2018/01/11 15:48:10	65.8	35.2	35.2	53.6	53.6	61.5	61.5	60.0	60.0	55.6	56.2	59.8	58.3	58.2	52.8	51.1	55.1	54.5	55.9	57.1	55.8	55.1	54.3	51.2	53.3	54.2	53.3	48.6	41.9	37.0	32.8	29.7	27.4
2018/01/11 15:48:11	64.3	32.7	32.7	50.6	50.6	58.6	58.6	57.9	57.9	53.3	51.8	56.9	53.5	57.8	55.0	50.4	51.9	52.1	52.7	55.3	55.5	54.5	54.2	51.3	50.3	50.2	50.8	48.2	40.4	34.9	31.1	29.2	26.9
2018/01/11 15:48:12	64.9	31.3	31.3	50.5	50.5	58.9	58.9	58.3	58.3	53.8	52.5	58.1	51.5	60.1	56.2	49.2	52.7	54.3	54.4	55.2	54.5	55.4	53.4	51.3	50.6	50.9	52.8	52.4	45.1	38.5	35.2	32.9	29.6
2018/01/11 15:48:13	63.9	34.4	34.4	51.3	51.3	58.4	58.4	59.2	59.2	56.1	52.7	53.7	52.4	57.7	55.8	50.0	51.1	51.7	52.5	54.0	54.2	54.1	53.5	52.7	51.7	50.0	50.0	48.4	41.2	35.8	33.8	31.0	28.4
2018/01/11 15:48:14	64.4	37.7	37.7	52.5	52.5	65.1	65.1	66.6	66.6	61.0	54.5	55.8	53.2	57.9	54.2	48.6	49.8	52.5	54.9	55.8	55.1	53.7	54.5	53.0	50.8	48.8	48.7	45.3	38.7	33.9	33.0	32.2	29.8
2018/01/11 15:48:15	63.9	40.7	40.7	58.2	58.2	68.7	68.7	67.9	67.9	61.4	55.4	54.5	51.1	56.0	56.0	49.4	51.2	54.2	53.1	55.2	54.7	54.7	53.6	50.5	49.1	48.9	47.3	43.5	38.4	32.6	30.0	29.6	25.7
2018/01/11 15:48:16	66.3	35.6	35.6	53.8	53.8	63.8	63.8	63.9	63.9	59.1	55.7	53.4	51.2	57.8	57.4	51.1	53.6	55.5	55.7	59.7	56.3	55.4	54.6	54.0	53.0	52.7	51.6	48.9	43.3	35.4	32.0	29.6	27.5
2018/01/11 15:48:17	66.6	38.8	38.8	54.3	54.3	62.5	62.5	63.3	63.3	57.8	53.8	54.2	53.8	60.3	57.1	51.2	53.0	55.8	56.4	59.2	56.9	56.7	54.2	52.5	51.4	50.9	55.4	51.5	46.3	35.5	32.7	31.1	28.2
2018/01/11 15:48:18	70.0	39.2	39.2	53.7	53.7	59.2	59.2	59.2	59.2	58.3	56.1	55.6	55.5	62.1	57.6	51.5	54.5	53.8	54.9	58.6	56.3	56.4	54.9	52.3	51.3	51.2	66.3	61.7	49.2	44.5	36.6	34.7	30.6
2018/01/11 15:48:19	67.7	36.6	36.6	55.7	55.7	61.3	61.3	60.7	60.7	58.1	52.6	57.3	56.8	62.0	56.3	52.3	55.1	56.9	57.6	60.0	57.3	58.1	54.9	53.1	52.5	52.7	57.8	53.6	42.5	37.2	34.9	31.5	29.5
2018/01/11 15:48:20	67.3	33.4	33.4	50.0	50.0	57.8	57.8	57.1	57.1	54.9	53.3	54.4	54.6	58.1	55.5	52.5	55.5	57.5	56.4	59.9	59.3	58.1	56.5	52.4	51.7	52.8	51.7	48.6	39.0	34.2	29.9	26.6	24.3
2018/01/11 15:48:21	69.2	36.2	36.2	52.0	52.0	63.6	63.6	64.2	64.2	58.4	55.1	54.7	52.9	58.4	55.2	54.0	58.4	58.3	59.4	62.2	59.1	60.9	58.4	55.3	54.6	53.8	52.8	48.3	41.0	34.9	31.4	28.8	26.2
2018/01/11 15:48:22	66.0	34.0	34.0	49.8	49.8	60.2	60.2	60.4	60.4	54.1	49.9	52.5	50.4	54.8	56.3	51.6	53.6	56.7	55.1	57.8	57.1	57.8	55.9	52.8	49.7	49.0	49.8	44.0	36.5	31.7	28.1	26.2	23.3
2018/01/11 15:48:23	63.0	30.0	30.0	46.8	46.8	56.3	56.3	57.1	57.1	51.6	49.5	53.1	49.9	54.2	53.2	49.4	52.7	51.3	51.7	53.9	54.8	54.1	52.0	48.5	46.9	46.7	52.2	42.9	38.3	34.4	29.6	31.1	24.0
2018/01/11 15:48:24	63.7	29.0	29.0	48.0	48.0	56.2	56.2	56.0	56.0	52.6	48.8	56.1	50.8	52.3	53.0	48.5	50.4	51.0	53.2	54.0	53.1	54.8	52.3	49.6	48.7	48.9	56.3	44.6	40.7	38.3	35.0	37.9	29.8
2018/01/11 15:48:25	66.8	29.2	29.2	48.0	48.0	55.9	55.9	56.6	56.6	53.6	48.4	56.5	53.5	54.7	53.2	49.8	52.1	54.5	56.0	56.5	55.6	58.1	54.0	52.4	51.3	51.6	60.5	48.3	47.1	45.8	44.0	48.7	41.3
2018/01/11 15:48:26	73.6	29.0	29.0	51.7	51.7	59.7	59.7	59.1	59.1	57.5	53.1	59.2	55.8	57.8	54.8	51.2	55.8	58.5	58.1	59.5	57.6	59.2	56.5	56.0	54.7	56.6	71.2	55.4	56.6	56.8	55.0	60.7	54.3
2018/01/11 15:48:27	72.8	31.5	31.5	53.4	53.4	61.2	61.2	62.3	62.3	63.9	57.8	57.2	56.0	58.9	57.8	53.3	55.4	57.7	56.8	60.2	60.1	60.8	59.6	59.4	58.0	60.6	68.5	57.5	53.8	53.7	53.3	55.7	49.7
2018/01/11 15:48:28	70.6	30.2	30.2	56.5	56.5	63.0	63.0	62.5	62.5	63.5	56.3	59.7	60.2	61.4	59.4	53.7	57.2	58.8	57.8	59.9	60.1	60.6	58.2	58.2	57.4	59.9	62.2	55.1	49.7	46.1	45.0	44.9	39.8
2018/01/11 15:48:29	67.4	32.6	32.6	50.5	50.5	56.9	56.9	60.2	60.2	60.8	54.2	55.3	55.1	58.6	55.3	52.0	52.7	53.3	55.4	56.6	57.9	57.1	56.5	55.3	54.8	56.7	57.7	50.3	43.0	39.0	36.4	35.8	30.6
2018/01/11 15:48:30	65.7	28.8	28.8	47.4	47.4	56.7	56.7	58.3	58.3	58.6	54.2	54.9	55.2	59.3	51.8	51.5	52.1	53.5	57.0	56.3	58.8	55.7	53.4	52.2	50.2	51.1	52.7	45.7	38.5	34.0	44.4	28.4	24.6
2018/01/11 15:48:31	66.8	30.5	30.5	47.3	47.3	55.8	55.8	57.4	57.4	58.3	56.0	58.7	60.8	61.6	50.8	52.2	53.0	55.5	57.7	58.1	58.1	57.3	54.7	53.6	53.0	52.7	53.3	47.7	42.0	37.2	34.7	33.8	30.8
2018/01/11 15:48:32	62.5	29.7	29.7	47.4	47.4	56.1	56.1	59.5	59.5	59.0	52.8	57.1	55.6	54.4	51.2	48.2	47.3	48.3	52.5	54.8	54.3	54.9	49.8	47.9	46.2	46.7	48.1	41.7	35.2	31.3	27.8	25.7	23.2
2018/01/11 15:48:33	63.3	28.6	28.6	45.5	45.5	54.0	54.0	54.8	54.8	51.7	49.2	53.7	48.8	52.5	50.3	47.5	47.5	49.7	52.7	55.7	57.4	55.1	51.0	46.9	46.2	45.6	45.5	39.3	31.9	27.6	24.6	23.3	21.6
2018/01/11 15:48:34	65.6	30.9	30.9	46.7	46.7	56.4	56.4	57.5	57.5	53.2	51.3	51.6	48.6	55.1	52.8	47.9	51.5	55.4	55.2	58.9	58.3	56.6	53.4	50.1	49.6	50.7	49.1	43.4	37.1	33.0	32.5	29.6	27.9
2018/01/11 15:48:35	62.9	29.2	29.2	48.7	48.7	57.1	57.1	57.7	57.7	52.7	49.6	49.7	49.9	57.0	53.0	46.2	49.8	52.6	51.6	55.6	55.3	53.1	51.4	48.4	47.7	47.9	46.6	42.0	35.8	31.2	29.0	27.5	26.3
2018/01/11 15:48:36	62.6	30.3	30.3	47.0	47.0	56.7	56.7	59.1	59.1	54.7	50.3	52.2	52.0	55.7	51.4	48.0	50.0	50.6	51.6	55.0	54.5	53.2	52.2	49.2	49.0	47.6	45.9	41.1	33.3	27.5	23.8	22.9	21.5
2018/01/11 15:48:37	68.0	32.4	32.4	48.4	48.4	59.8	59.8	61.1	61.1	52.5	50.2	55.6	55.4	59.1	55.3	52.4	53.6	57.5	56.8	60.2	60.4	57.5	57.2	56.0	54.2	53.5	51.8	46.3	40.0	35.0	30.0	27.9	25.1
2018/01/11 15:48:38	69.6	38.7	38.7	57.6	57.6	67.7	67.7	66.7	66.7	57.1	52.7	58.9	54.5	60.2	55.5	53.1	58.1	60.3	58.7	63.0	61.1	60.2	57.2	56.8	54.6	54.4	53.5	49.4	44.7	37.5	32.5	30.3	27.2
2018/01/11 15:48:39	68.0	30.5	30.5	52.2	52.2	60.8	60.8	59.0	59.0	56.5	58.5	59.5	56.1	56.1	52.2	50.0	55.8	59.6	59.0	60.7	58.4	58.1	57.4	54.8	53.1	52.6	51.9	47.5	41.0	34.6	30.4	28.5	26.1
2018/01/11 15:48:40	64.4	33.8	33.8	46.3	46.3	55.0	55.0	56.1	56.1	53.7	53.4	53.0	49.2	53.3	51.1	49.9	51.0	54.5	54.9	57.8	56.8	54.8	53.4	50.0	47.7	46.5	46.2	41.4	33.2	27.5	24.4	23.2	21.8
2018/01/11 15:48:41	61.5	28.6	28.6	44.5	44.5	54.2	54.2	55.6	55.6	51.6	47.5	51.3	52.6	53.5	47.8	47.1	48.7	49.1	52.2	53.9	54.1	53.6	50.1	47.2	44.2	43.6	41.6	35.9	28.5	23.7	22.0	22.1	21.1
2018/01/11 15:48:42	60.2	28.3	28.3	44.8	44.8	54.2	54.2	55.3	55.3	49.7	44.7	53.1	53.6	55.3	47.7	47.3	51.3	47.0	50.1	52.5	52.6	51.0	48.3	45.6	44.3	43.7	41.3	35.7	28.8	24.0	22.0	22.1	20.9
2018/01/11 15:48:43	60.1	28.5	28.5	46.0	46.0	56.2	56.2	56.1	56.1	50.9	46.7	52.2	48.4	54.7	50.1	51.0	54.5	48.4	47.7	50.7	50.5	50.3	47.8	46.7	47.0	46.8	45.0	39.2	33.3	27.0	23.8	23.0	21.3
2018/01/11 15:48:44	64.0	29.2	29.2	45.9	45.9	55.4	55.4	54.8	54.8	52.9	53.1	55.0	49.0	56.3	53.3	55.7	54.1	53.1	52.9	53.9	53.5	53.2	52.0	51.4	53.7	52.7	50.0	45.8	39.6	34.5	30.3	27.2	24.9
2018/01/11 15:48:45	69.4	31.9	31.9	47.2	47.2	58.3	58.3	57.7	57.7	59.5	61.6	56.5	51.9	64.2	59.9	59.6	62.8	56.3	57.9	58.2	58.4	56.9	56.1	56.0	58.0	59.0	58.3	54.8	49.0	44.0	40.1	36.9	34.3
2018/01/11 15:48:46	72.8	36.8	36.8	54.0	54.0	63.7	63.7	62.3	62.3	62.3	63.9	63.4	57.4	68.0	65.0	59.3	61.0	62.4	58.8	61.7	61.3	60.0	57.6	60.2	62.8	63.0	63.4	58.3	53.6	49.0	46.0	44.1	41.1
2018/01/11 15:48:47	68.8	36.6	36.6	50.5	50.5	58.6	58.6	59.9	59.9	59.0	59.1	61.4	56.2	63.1	62.5	57.6	62.6	54.8	55.5	59.3	58.3	56.1	55.3	55.9	57.8	57.2	56.1	52.1	45.8	42.1	37.9	35.3	32.3
2018/01/11 15:48:48	64.3	36.3	36.3	48.9	48.9	57.8	57.8	59.2	59.2	55.7	55.3	56.0	53.6	59.4	56.8	52.6	55.8	50.3	52.5	54.7	54.5	52.9	51.3	51.5	54.0	52.7	51.0	46.5	39.9	35.0	30.3	27.3	43.5
2018/01/11 15:48:49	61.2	32.4	32.4	48.3	48.3	57.8	57.8	57.0	57.0	51.5	52.4	55.7	52.3	54.5	51.5	46.9	48.4	49.0	49.5	53.6	51.3	52.1	49.5	49.1	48.0	47.3	46.4	42.8	34.9	30.4	25.5	23.7	22.0
2018/01/11 15:48:50	65.3	32.4	32.4	47.5	47.5	53.9	53.9	54.5	54.5	52.3	53.1	55.0	48.9	54.6	51.0	49.8	52.9	53.3	54.0	58.8	54.9	55.8	54.0	52.8	51.6	52.0	52.0	48.4	40.9	35.9	30.7	28.3	24.8
2018/01/11 15:48:51	65.0	32.3	32.3	49.7	49.7	56.6	56.6	55.6	55.6	53.8	50.3	52.5	47.3	50.6	49.7	48.7	52.5	53.1	54.3	59.2	54.8	55.0	52.9	51.8	51.0	52.0	52.0	48.4	41.2	37.8	33.3	30.9	27.1
2018/01/11 15:48:52	62.4	33.3	33.3	48.1	48.1	55.4	55.4	56.2	56.2	54.1	49.6	49.7	44.9	50.4	47.6	46.4	49.2	48.4	50.1	55.6	55.6	53.2	51.7	48.3	47.6	47.2	46.1	42.1	35.8	30.6	25.8	24.9	23.3
2018/01/11 15:48:53	59.4	32.6	32.6	45.8	45.8	56.0	56.0	57.3	57.3	50.0	45.7	47.6	45.5	47.9	44.6	42.9	45.7	44.5	47.6	51.9	52.8	51.7	48.1	44.7	43.3	42.6	41.2	37.6	30.8	25.5	23.0	22.8	21.7
2018/01/11 15:48:54	58.4	32.1	32.1	46.2	46.2	52.9	52.9	55.9	55.9	53.8	47.7	48.1	43.7	48.9	46.5	44.2	42.1	43.3	45.7	51.3	51.4	50.2	48.1	45.0	42.1	41.3	39.9	35.2	28.4	23.1	21.5	22.1	21.0
2018/01/11 15:48:55	56.6	27.1	27.1	46.0	46.0	54.8	54.8	55.5	55.5	50.1	46.3	45.6	41.7	45.9	44.6	42.6	43.3	42.9	43.7	48.4	48.8	48.3	47.0	43.8	42.1	40.5	37.8	32.8	25.7	21.9	21.3	21.9	21.0
2018/01/11 15:48:56	55.4	30.6	30.6	45.7	45.7	53.0	53.0	54.0	54.0	47.6	44.9	44.2	41.6	44.9	42.4	41.4	43.5	41.8	44.1	46.2	47.2	46.9	45.7	43.4	42.0	39.9	38.2	33.2	25.9	22.7	21.9	22.1	20.7
2018/01/11 15:48:57	57.9	33.0	33.0	43.4	43.4	54.1	54.1	56.4	56.4	50.2	45.6	46.3	40.7	45.7	46.0	42.2	43.6	43.8	45.9	48.0	49.3	49.6	49.9	46.3	44.5	42.4	40.8	35.7	29.1	24.2	22.1	22.2	20.9
2018/01/11 15:48:58	65.1	32.7	32.7	48.5	48.5	56.5	56.5	56.4	56.4	55.8	56.6	58.0	54.0	57.2	54.2	51.4	52.8	51.1	53.6	56.2	56.6	55.3	56.1	53.4	50.7	49.3	49.5	44.5	36.9	32.0	30.4	30.8	27.7
2018/01/11 15:48:59	65.1	38.7	38.7	48.2	48.2	55.8	55.8	55.9	55.9	51.5	54.0	57.9	49.0	53.7	54.7	48.7	49.6	51.8	54.4	56.7	57.9	55.2	54.3	52.9	50.6	50.2	50.6	46.2	39.3	34.9	33.4	33.5	30.1
2018/01/11 15:49:00	58.7	28.6	28.6	44.6	44.6	55.9	55.9	56.3	56.3	47.7	45.8	48.4	43.5	49.6	49.5	45.4	47.9	46.9	46.2	50.4	50.1	49.4	49.3	46.6	44.3	42.9	41.4	35.8	28.1	23.7	22.0	22.3	21.2
2018/01/11 15:49:01	62.4	28.3	28.3	44.1	44.1	55.2	55.2	56.1	56.1	50.9	46.6	47.6	44.9	51.0	49.5	45.7	47.5	49.0	50.2	54.9	54.3	53.8	53.4	50.9	47.1	45.9	43.6	38.3	30.9	25.4	22.6	22.4	21.3
2018/01/11 15:49:02	66.9	30.3	30.3	48.4	48.4	58.4	58.4	57.6	57.6	53.2	50.0	52.1	51.2	54.7	53.1	49.9	51.9	54.6	55.0	59.3	59.4	58.4	57.4	54.5	51.8	50.5	48.7	44.2	37.9	33.2	27.5	25.3	22.1
2018/01/11 15:49:03	72.7	35.4	35.4	60.9	60.9	67.8	67.8	64.3	64.3	58.9	56.4	59.7	54.4	58.8	57.5	55.1	60.0	60.2	61.6	64.7	64.0	63.8	62.3	60.0	58.3	59.8	59.0	55.4	48.4	42.0	39.3	37.9	34.2
2018/01/11 15:49:04	69.9	28.9	28.9	53.4	53.4	60.3	60.3	58.7	58.7	54.4	53.6	58.3	56.5	59.0	54.9	54.3	58.6	58.7	60.1	63.8	60.8	61.3	58.2	55.8	53.9	53.3	54.4	49.9	42.9	39.1	33.7	31.7	28.7
2018/01/11 15:49:05	66.2	29.9	29.9	50.0	50.0	56.9	56.9	56.3	56.3	52.3	49.7	53.3	51.8	52.7	51.9	49.8	51.8	53.3	55.2	60.2	59.6	56.7	54.6	51.6	49.4	48.9	48.3	42.8	35.2	31.8	27.1	25.6	23.6
2018/01/11 15:49:06	64.2	32.0	32.0	46.3	46.3	54.5	54.5	56.0	56.0	51.4	47.6	49.9	48.0	50.6	49.8	52.1	50.7	50.9	52.2	56.4	56.1	56.3	55.0	50.8	49.7	48.3	46.3	40.5	32.6	27.3	23.5	22.6	21.3
2018/01/11 15:49:07	67.3	31.0	31.0	47.5	47.5	55.7	55.7	55.0	55.0	53.4	53.5	52.7	48.8	52.4	52.1	53.3	54.1	53.9	54.2	58.7	59.4	59.0	57.2	55.0	54.5	54.2	51.4	45.7	39.3	35.0	30.7	27.6	24.1
2018/01/11 15:49:08	67.4	32.0	32.0	49.1	49.1	58.6	58.6	57.8	57.8	55.6	56.4	53.7	49.8	55.5	52.2	55.7	56.3	56.2	55.8	59.6	59.1	58.6	56.1	54.9	54.2	53.2	51.2	45.6	40.4	36.0	32.2	28.6	24.7
2018/01/11 15:49:09	66.8	34.0	34.0	47.9	47.9	57.0	57.0	56.7	56.7	52.6	51.8	50.7	48.5	54.4	52.2	53.2	53.4	54.1	55.8	59.9	57.8	57.3	56.5	55.1	53.9	52.4	50.7	45.9	41.1	35.0	30.0	28.1	25.2
2018/01/11 15:49:10	63.9	30.5	30.5	46.5	46.5	55.4	55.4	55.8	55.8	50.7	48.7	51.0	47.2	52.5	48.6	48.2	50.0	52.1	53.2	56.6	55.5	54.8	53.2	52.2	50.6	48.6	47.3	42.5	36.7	31.4	27.0	25.2	23.1
2018/01/11 15:49:11	59.5	31.1	31.1	48.1	48.1	56.3	56.3	55.5	55.5	48.8	46.0	47.8	44.9	49.2	47.4	45.4	45.7	47.3	48.0	51.4	51.7	50.7	50.0	47.5	44.6	42.9	41.2	37.3	30.1	24.9	22.7	22.2	21.2
2018/01/11 15:49:12	56.8	30.9	30.9	46.4	46.4	56.4	56.4	57.0	57.0	50.9	45.9	43.9	43.2	46.1	45.9	44.7	45.4	43.3	46.2	48.5	49.1	47.8	46.4	44.4	41.8	39.5	37.4	32.8	35.9	21.9	21.5	21.7	21.1
2018/01/11 15:49:13	55.9	28.3	28.3	44.7	44.7	55.6	55.6	56.4	56.4	50.8	47.3	45.0	42.8	47.8	45.9	43.0	43.4	42.5	45.1	48.6	48.1	46.9	45.2	43.3	39.6	37.2	36.4	31.4	24.1	21.4	21.2	21.8	21.0
2018/01/11 15:49:14	55.3	27.8	27.8	44.7	44.7	54.9	54.9	55.1	55.1	48.1	43.5	45.3	42.3	45.6	44.8	46.1	43.0	42.2	44.6	47.4	46.8	46.4	45.6	42.3	39.9	38.2	36.1	31.9	38.5	20.9	21.1	21.7	20.7
2018/01/11 15:49:15	58.8	29.5	29.5	45.3	45.3	55.1	55.1	55.0	55.0	49.0	45.3	48.4	43.5	47.8	46.1	44.0	45.2	46.6	48.8	52.5	50.7	50.0	48.3	44.9	42.7	39.7	37.6	32.0	24.7	21.4	20.9	21.7	21.0
2018/01/11 15:49:16	63.3	28.3	28.3	46.3	46.3	56.4	56.4	56.9	56.9	49.8	45.2	48.8	46.7	51.8	47.4	46.1	49.0	49.3	52.4	57.4	53.0	55.7	53.9	49.7	48.3	45.0	42.4	38.1	42.6	23.5	21.6	22.1	20.9
2018/01/11 15:49:17	67.5	28.0	28.0	47.7	47.7	56.1	56.1	55.5	55.5	48.8	47.4	51.5	50.8	53.4	49.8	49.6	52.9	53.6	57.3	61.6	57.3	58.8	58.1	55.1	53.6	50.1	47.2	42.2	35.1	27.8	24.1	23.1	21.1
2018/01/11 15:49:18	71.1	28.6	28.6	48.9	48.9	56.4	56.4	55.6	55.6	53.4	54.9	59.6	56.1	56.5	54.0	52.9	56.2	58.9	61.8	65.1	61.5	61.2	61.5	58.5	57.1	55.3	54.3	49.4	42.5	36.1	30.8	29.0	25.6
2018/01/11 15:49:19	69.1	32.7	32.7	48.3	48.3	56.1	56.1	57.3	57.3	53.8	54.9	55.8	53.0	55.0	52.4	51.8	56.2	58.1	59.2	64.5	59.0	58.2	57.6	55.8	53.6	52.7	51.4	45.0	40.3	31.9	28.8	27.2	24.8
2018/01/11 15:49:20	64.2	29.1	29.1	47.0	47.0	57.2	57.2	57.1	57.1	50.0	46.5	46.7	45.5	49.0	49.4	47.2	50.1	51.8	55.3	59.0	56.3	54.4	51.6	50.1	48.2	46.5	43.3	37.0	29.2	25.4	23.8	23.3	22.3
2018/01/11 15:49:21	63.7	30.5	30.5	46.3	46.3	56.3	56.3	55.6	55.6	48.7	45.7	48.0	46.1	49.6	49.8	47.2	47.2	49.4	52.9	58.0	54.1	55.9	54.4	50.1	48.3	45.5	41.5	34.8	26.9	22.3	21.5	22.2	21.0
2018/01/11 15:49:22	68.5	32.0	32.0	47.9	47.9	58.1	58.1	57.5	57.5	50.5	47.4	47.9	45.0	49.5	50.0	47.3	50.8	55.0	57.8	61.8	57.8	61.6	58.9	56.4	54.4	51.8	48.0	41.7	41.7	27.3	23.2	22.4	21.1
2018/01/11 15:49:23	72.8	36.1	36.1	52.7	52.7	63.6	63.6	61.9	61.9	52.2	53.1	53.7	50.1	54.3	55.1	51.1	57.3	60.4	61.8	66.6	62.6	63.7	63.9	61.1	59.0	57.1	54.7	48.5	41.6	35.5	30.8	27.1	24.4
2018/01/11 15:49:24	72.1	37.1	37.1	56.0	56.0	65.6	65.6	63.2	63.2	52.4	50.2	54.0	50.7	55.6	52.2	51.5	57.7	60.1	61.0	65.9	61.8	63.2	62.3	60.9	59.0	57.3	54.1	48.0	41.9	36.0	32.1	28.9	26.9
2018/01/11 15:49:25	66.4	31.5	31.5	48.3	48.3	57.9	57.9	58.7	58.7	54.1	50.8	49.3	45.8	52.9	52.1	48.6	51.1	52.3	54.2	60.1	59.0	57.3	56.8	53.3	51.1	48.3	44.9	38.9	31.5	25.7	23.7	22.4	21.2
2018/01/11 15:49:26	63.2	32.1	32.1	50.1	50.1	59.7	59.7	59.3	59.3	51.6	47.4	47.5	43.3	49.0	48.9	46.0	48.5	49.0	53.1	57.3	55.1	54.8	52.2	50.3	46.7	45.0	41.5	35.7	32.3	24.1	22.5	22.5	21.1
2018/01/11 15:49:27	63.9	35.3	35.3	50.4	50.4	60.3	60.3	60.1	60.1	53.2	46.5	48.3	47.4	50.9	47.4	48.2	49.1	50.9	52.6	56.5	55.4	56.8	53.5	50.8	48.7	46.9	43.2	38.9	33.8	26.4	23.2	22.4	20.9
2018/01/11 15:49:28	67.2	32.7	32.7	50.6	50.6	60.7	60.7	59.6	59.6	52.2	49.6	52.6	50.5	54.8	53.9	51.4	54.1	55.4	55.7	60.1	58.7	59.1	56.4	54.7	52.0	51.6	48.9	45.2	40.2	33.4	30.0	28.6	25.7
2018/01/11 15:49:29	67.7	33.8	33.8	51.1	51.1	60.9	60.9	61.0	61.0	56.0	53.2	55.4	51.8	56.8	57.6	52.4	55.7	56.9	57.0	61.3	59.1	58.9	55.7	53.7	53.0	52.2	50.9	46.3	40.9	37.1	33.9	31.4	28.5
2018/01/11 15:49:30	68.0	37.7	37.7	53.3	53.3	66.2	66.2	66.8	66.8	56.9	54.2	55.4	53.5	57.8	56.7	52.7	54.5	57.3	57.5	61.1	59.1	59.5	56.9	54.1	53.2	52.4	51.3	46.4	42.0	37.6	35.8	33.3	30.0
2018/01/11 15:49:31	65.9	36.4	36.4	51.9	51.9	63.2	63.2	63.0	63.0	53.4	50.3	51.4	50.8	53.7	55.6	52.0	51.0	55.0	55.7	59.3	57.8	57.0	54.4	51.8	50.3	50.1	48.8	43.7	38.1	33.7	30.9	28.0	25.1
2018/01/11 15:49:32	64.7	32.7	32.7	50.5	50.5	59.0	59.0	58.7	58.7	52.7	52.1	53.5	50.5	54.1	54.7	50.9	51.2	54.1	53.3	56.8	56.3	55.9	53.7	51.4	50.7	50.8	48.8	45.5	38.7	33.0	28.7	25.5	23.7
2018/01/11 15:49:33	66.8	28.7	28.7	49.7	49.7	60.5	60.5	61.5	61.5	55.3	50.8	54.2	53.5	57.3	54.2	53.9	53.8	56.9	55.8	59.0	57.0	57.0	56.3	54.6	53.9	53.8	51.0	47.3	41.6	36.5	31.2	29.1	27.3
2018/01/11 15:49:34	67.1	33.2	33.2	49.7	49.7	60.6	60.6	62.3	62.3	56.3	53.6	55.9	52.1	57.6	53.9	50.7	54.5	55.8	57.8	60.5	58.1	56.6	55.6	54.4	53.2	52.4	50.8	46.6	39.8	35.5	30.7	29.5	25.4
2018/01/11 15:49:35	68.0	30.1	30.1	49.4	49.4	57.0	57.0	61.2	61.2	57.7	51.8	54.8	52.0	59.2	57.7	53.5	53.9	57.0	58.1	60.7	59.6	57.1	57.3	55.9	55.1	53.0	51.8	47.9	41.8	36.7	31.8	29.8	25.5
2018/01/11 15:49:36	68.8	32.8	32.8	51.8	51.8	59.7	59.7	62.8	62.8	58.8	56.2	56.8	53.6	60.3	56.7	52.5	55.9	57.5	58.1	62.1	59.3	58.9	56.6	57.1	56.2	54.4	53.8	50.0	43.7	37.4	33.9	31.7	27.1
2018/01/11 15:49:37	68.4	33.9	33.9	55.1	55.1	62.7	62.7	62.0	62.0	58.1	54.0	57.4	53.4	60.0	57.5	54.5	54.7	56.5	56.7	59.1	59.6	58.3	57.6	57.4	56.3	55.1	55.9	50.4	44.0	39.6	35.3	33.3	28.8
2018/01/11 15:49:38	70.8	36.1	36.1	57.9	57.9	63.2	63.2	62.1	62.1	64.3	59.6	63.2	60.3	61.5	59.5	56.0	56.7	58.4	57.7	61.0	61.2	60.8	58.9	58.8	59.5	58.4	60.1	57.5	49.4	43.9	40.6	41.1	35.5
2018/01/11 15:49:39	74.1	37.2	37.2	65.0	65.0	71.3	71.3	71.1	71.1	72.6	66.6	63.6	62.0	68.3	63.2	62.4	61.2	60.9	61.7	64.0	63.1	62.9	62.9	60.4	62.9	63.5	63.2	60.8	53.2	49.0	45.3	44.5	39.3
2018/01/11 15:49:40	69.1	36.3	36.3	56.4	56.4	65.6	65.6	64.7	64.7	61.9	58.3	61.3	58.7	64.6	60.6	59.1	57.1	56.8	57.6	60.3	59.9	59.0	58.7	55.7	55.9	55.0	54.1	51.4	44.0	38.4	34.8	32.7	27.8
2018/01/11 15:49:41	69.3	40.1	40.1	55.2	55.2	67.0	67.0	66.9	66.9	59.0	58.5	60.6	59.7	59.5	57.9	52.8	57.4	58.8	58.3	60.9	59.5	59.4	58.4	56.5	56.9	55.5	56.2	51.8	45.1	40.6	39.0	36.2	33.1
2018/01/11 15:49:42	70.3	30.8	30.8	49.3	49.3	59.9	59.9	61.8	61.8	58.7	55.7	59.2	58.4	59.9	60.4	55.8	57.6	57.9	59.4	62.4	62.5	61.1	60.1	57.3	55.5	54.3	54.0	49.7	43.9	39.3	34.4	32.0	28.8
2018/01/11 15:49:43	72.1	34.7	34.7	58.2	58.2	66.5	66.5	65.8	65.8	62.7	58.1	57.9	57.2	62.7	61.0	56.0	62.8	61.0	62.0	63.5	63.7	62.0	61.0	60.3	58.5	57.3	57.8	53.2	46.5	40.9	37.5	37.0	34.9
2018/01/11 15:49:44	74.6	37.2	37.2	52.9	52.9	63.2	63.2	71.9	71.9	70.4	58.9	59.4	57.3	61.3	64.2	62.5	62.3	61.9	64.8	67.2	65.7	65.2	64.5	62.4	59.8	58.3	57.0	52.3	44.3	39.1	36.0	33.8	30.9
2018/01/11 15:49:45	73.4	31.5	31.5	47.4	47.4	61.3	61.3	68.4	68.4	64.9	59.2	62.0	57.5	60.7	63.7	62.5	61.0	59.7	60.4	64.5	66.8	63.4	62.8	61.6	59.3	58.6	57.6	53.0	45.9	41.2	39.8	39.1	36.5
2018/01/11 15:49:46	70.8	30.6	30.6	46.8	46.8	58.4	58.4	61.3	61.3	58.4	58.9	62.8	57.1	61.4	62.1	59.1	59.5	57.9	59.7	62.0	62.6	61.6	58.7	58.7	57.5	57.0	55.3	51.2	44.1	39.3	37.6	35.8	33.6
2018/01/11 15:49:47	73.6	36.5	36.5	53.3	53.3	65.0	65.0	68.6	68.6	67.9	71.3	72.4	61.3	66.4	61.4	58.2	60.1	63.1	60.5	61.8	62.7	64.1	62.0	61.2	61.8	63.2	62.3	58.0	50.7	47.1	45.6	44.6	43.6
2018/01/11 15:49:48	71.0	36.0	36.0	53.2	53.2	63.6	63.6	64.7	64.7	60.8	63.3	65.3	60.7	62.0	61.8	61.2	63.7	60.3	59.4	61.1	60.2	60.8	60.0	56.8	57.9	58.7	58.1	53.3	46.7	41.5	37.9	36.7	32.6
2018/01/11 15:49:49	77.9	40.9	40.9	53.4	53.4	68.6	68.6	70.0	70.0	65.2	66.4	68.1	63.4	65.2	63.5	65.6	66.8	64.8	65.4	67.1	67.8	66.4	67.7	65.8	67.6	65.5	66.7	65.3	58.9	54.6	50.1	51.0	45.4
2018/01/11 15:49:50	69.1	37.9	37.9	47.6	47.6	63.7	63.7	65.3	65.3	57.7	56.9	57.2	58.4	57.4	58.1	60.2	62.0	58.2	56.0	58.5	58.8	59.4	57.9	56.3	55.0	56.4	57.0	53.9	47.4	42.4	39.2	37.2	33.2
2018/01/11 15:49:51	61.0	29.0	29.0	42.5	42.5	55.9	55.9	58.7	58.7	53.6	49.2	50.7	45.6	50.2	50.4	47.9	53.0	52.2	50.2	52.7	53.1	51.2	49.3	46.5	46.1	46.7	43.3	39.0	30.1	25.5	22.3	22.3	21.0
2018/01/11 15:49:52	59.1	27.6	27.6	43.0	43.0	52.5	52.5	53.9	53.9	51.2	47.6	47.8	43.8	50.2	52.7	48.8	51.5	50.0	48.2	50.1	51.6	49.4	46.6	44.2	42.3	42.5	41.1	35.4	27.7	22.9	21.7	22.1	21.2
2018/01/11 15:49:53	58.5	27.5	27.5	42.8	42.8	51.8	51.8	53.6	53.6	50.9	46.8	48.6	44.8	50.1	51.7	47.2	50.4	47.5	46.4	49.2	50.2	48.9	48.6	44.8	42.4	43.6	42.3	36.0	27.8	23.9	22.9	22.7	21.2
2018/01/11 15:49:54	58.7	24.3	24.3	43.5	43.5	51.5	51.5	53.8	53.8	52.0	48.0	48.2	43.8	51.6	51.5	49.9	51.7	48.9	47.8	49.4	48.9	47.9	47.6	44.1	43.0	46.0	43.6	38.5	32.5	27.7	25.3	24.8	23.1
2018/01/11 15:49:55	60.9	25.8	25.8	43.1	43.1	50.1	50.1	51.5	51.5	53.0	49.6	52.7	50.3	53.4	54.2	50.1	51.3	49.3	51.9	53.0	50.8	48.4	49.1	46.5	45.8	48.6	48.1	43.6	37.0	32.4	30.0	29.6	26.6
2018/01/11 15:49:56	62.8	26.9	26.9	43.2	43.2	54.6	54.6	55.9	55.9	51.5	50.6	55.5	55.7	56.9	56.6	49.9	51.3	51.7	50.5	52.1	51.4	50.3	51.2	48.9	48.9	52.7	53.4	48.3	42.3	37.6	35.3	35.5	31.8
2018/01/11 15:49:57	61.7	30.4	30.4	43.2	43.2	57.3	57.3	61.6	61.6	56.1	49.6	53.1	54.4	60.3	56.6	50.9	50.3	50.3	50.9	50.9	50.4	49.0	49.0	46.7	48.4	49.7	50.7	46.7	40.7	36.0	34.4	33.1	30.2
2018/01/11 15:49:58	58.0	25.6	25.6	42.1	42.1	52.3	52.3	54.4	54.4	50.2	46.8	50.6	51.9	56.2	55.6	52.3	48.4	46.1	46.7	47.7	47.4	47.0	45.3	43.1	41.8	41.9	41.2	37.2	31.7	26.9	24.9	23.7	22.0
2018/01/11 15:49:59	57.4	27.5	27.5	45.2	45.2	53.0	53.0	53.6	53.6	50.3	45.6	47.5	46.5	52.6	49.8	45.7	46.9	45.6	46.2	48.6	47.9	49.3	45.8	43.6	42.4	42.6	41.2	36.3	30.1	27.9	26.4	28.3	27.0
2018/01/11 15:50:00	59.0	25.7	25.7	43.8	43.8	50.0	50.0	51.5	51.5	51.4	47.4	52.0	45.1	51.9	50.4	43.8	46.8	46.9	49.7	50.3	50.8	50.8	47.4	43.5	43.2	44.1	43.8	37.5	31.6	28.9	26.1	24.6	25.5
2018/01/11 15:50:01	65.5	27.7	27.7	44.6	44.6	56.4	56.4	60.2	60.2	55.6	48.9	53.6	48.7	57.4	52.5	47.4	51.2	53.2	55.0	57.4	55.2	56.9	53.4	51.6	51.0	52.9	55.2	48.7	43.1	42.0	39.1	36.8	36.9
2018/01/11 15:50:02	66.1	34.9	34.9	50.0	50.0	58.0	58.0	60.4	60.4	55.9	54.4	57.8	54.1	61.4	54.0	49.0	54.7	55.8	56.5	57.2	56.3	56.3	54.1	51.6	51.9	53.6	54.3	48.5	44.2	43.2	39.0	37.3	35.6
2018/01/11 15:50:03	57.7	25.9	25.9	41.3	41.3	54.3	54.3	57.2	57.2	52.3	53.7	54.7	47.8	52.4	48.9	47.1	50.4	47.2	45.8	48.6	49.9	47.6	46.1	42.4	41.6	42.3	41.3	37.0	30.8	27.5	24.3	23.0	21.5
