DataTime                     	dB(A)	16	20	25	31.5	40	50	63	80	100	125	160	200	250	315	400	500	630	800	1000	1250	1600	2000	2500	3150	4000	5000	6300	8000	10000	12500	16000	20000
2018/01/11 16:03:22	70.9	34.4	34.4	47.8	47.8	59.2	59.2	63.1	63.1	60.1	56.7	58.7	56.0	60.4	56.6	50.8	59.5	61.0	62.5	63.9	61.9	61.7	60.1	56.1	55.1	55.4	53.8	49.7	43.0	39.4	37.2	34.8	31.6
2018/01/11 16:03:23	75.9	37.8	37.8	53.5	53.5	60.5	60.5	65.1	65.1	63.7	60.8	63.1	59.3	65.3	63.9	58.4	61.5	64.1	67.3	70.1	67.5	65.9	64.7	62.0	59.4	59.6	57.6	52.6	47.0	44.6	42.6	44.6	39.6
2018/01/11 16:03:24	73.5	37.4	37.4	51.7	51.7	63.4	63.4	66.5	66.5	62.9	60.9	63.2	58.9	64.4	64.5	58.7	60.7	61.9	64.3	64.5	65.0	63.4	64.4	61.3	57.9	57.5	57.2	52.8	47.0	41.2	38.6	38.4	32.5
2018/01/11 16:03:25	69.5	33.9	33.9	50.3	50.3	58.6	58.6	64.6	64.6	62.9	54.2	56.2	54.1	58.4	60.0	56.6	58.2	59.5	56.9	61.0	62.5	59.5	60.3	56.5	53.0	52.0	50.0	45.4	38.9	33.9	30.9	29.0	25.7
2018/01/11 16:03:26	76.6	41.1	41.1	59.0	59.0	70.0	70.0	73.4	73.4	71.6	66.6	70.1	64.9	69.9	69.1	64.7	65.5	65.4	65.4	67.6	69.8	65.7	66.3	63.7	60.6	59.9	58.6	53.9	50.9	45.9	42.1	41.1	38.0
2018/01/11 16:03:27	74.0	36.7	36.7	56.3	56.3	68.5	68.5	74.8	74.8	72.2	65.3	66.9	60.8	65.7	61.6	59.2	59.4	60.3	60.8	64.0	66.4	64.9	65.3	61.9	59.3	58.3	57.4	54.5	50.3	45.7	41.3	41.4	37.2
2018/01/11 16:03:28	64.3	34.1	34.1	51.1	51.1	61.2	61.2	66.3	66.3	64.0	57.8	58.3	53.3	54.4	53.6	51.7	50.7	52.2	52.8	57.2	56.6	55.2	54.5	50.3	48.1	46.0	44.4	38.8	33.2	28.0	25.2	24.8	24.2
2018/01/11 16:03:29	67.0	27.9	27.9	46.0	46.0	56.2	56.2	60.3	60.3	58.3	52.4	54.4	49.5	54.3	50.5	48.6	51.3	51.6	53.4	60.5	59.9	58.6	58.1	52.7	50.9	48.2	44.9	38.6	32.8	32.4	29.2	28.4	26.2
2018/01/11 16:03:30	74.4	33.1	33.1	52.3	52.3	62.2	62.2	63.2	63.2	59.2	54.1	60.1	56.2	61.0	58.9	55.8	57.4	60.8	62.4	66.8	68.9	64.9	64.5	61.2	58.1	54.6	52.7	48.0	40.2	35.8	36.1	32.4	29.9
2018/01/11 16:03:31	77.1	33.4	33.4	53.9	53.9	61.8	61.8	61.5	61.5	60.6	61.0	65.2	60.8	64.9	64.3	61.5	61.6	63.7	66.7	70.0	70.0	68.3	67.3	63.9	60.3	59.0	56.7	51.5	45.3	40.7	41.0	36.3	34.3
2018/01/11 16:03:32	65.4	25.8	25.8	45.0	45.0	54.5	54.5	54.9	54.9	52.0	50.4	53.2	49.7	54.6	55.4	52.3	53.3	53.5	56.0	57.9	57.1	55.9	55.7	53.3	50.3	47.1	44.8	40.5	32.9	29.4	27.8	25.8	25.2
2018/01/11 16:03:33	63.9	29.2	29.2	46.7	46.7	56.9	56.9	58.8	58.8	53.9	50.0	49.9	46.9	50.4	49.2	47.0	50.5	52.1	56.6	58.6	54.6	52.3	52.3	51.4	48.4	44.8	43.1	37.8	30.1	25.9	24.9	25.0	23.8
2018/01/11 16:03:34	67.7	28.4	28.4	45.1	45.1	54.3	54.3	55.6	55.6	53.2	52.1	53.6	50.5	55.0	51.6	52.0	53.8	56.4	60.9	62.3	59.1	57.7	54.8	52.5	50.0	47.8	46.4	41.7	34.3	28.5	24.9	24.3	22.8
2018/01/11 16:03:35	72.3	34.5	34.5	51.5	51.5	62.7	62.7	62.7	62.7	57.8	55.4	58.1	54.3	61.1	58.1	56.4	59.1	60.8	65.2	66.3	63.8	61.9	61.3	56.9	55.7	55.2	53.1	48.8	43.6	37.7	33.4	32.0	28.8
2018/01/11 16:03:36	71.2	34.2	34.2	51.8	51.8	61.3	61.3	61.2	61.2	62.0	60.3	62.6	59.0	61.4	57.1	51.0	54.2	63.9	64.0	63.9	63.8	60.9	57.7	54.5	53.1	53.2	52.2	47.1	41.7	36.2	32.5	30.6	27.7
2018/01/11 16:03:37	69.8	26.4	26.4	46.6	46.6	54.0	54.0	54.2	54.2	56.0	54.5	55.3	52.8	55.0	53.0	50.8	51.6	57.6	60.2	60.7	64.0	61.3	59.4	56.3	53.7	51.8	49.9	44.2	37.7	32.5	28.3	25.2	23.3
2018/01/11 16:03:38	76.3	28.8	28.8	57.1	57.1	63.7	63.7	59.5	59.5	63.7	59.8	60.6	57.8	61.2	58.6	56.8	62.8	67.0	67.1	69.4	69.2	67.1	63.6	60.8	59.3	60.1	59.4	54.6	49.6	45.8	43.4	39.2	36.9
2018/01/11 16:03:39	76.1	30.9	30.9	52.4	52.4	59.2	59.2	60.0	60.0	59.8	56.0	58.8	57.6	62.5	60.9	57.2	60.8	66.7	68.7	66.8	69.3	67.3	65.1	62.0	59.1	57.3	56.0	51.1	46.4	40.4	36.8	31.8	29.5
2018/01/11 16:03:40	78.3	32.3	32.3	50.0	50.0	60.2	60.2	64.0	64.0	63.7	58.9	63.9	61.7	65.7	62.4	61.6	63.7	69.8	70.3	69.3	70.6	68.9	68.7	64.8	62.2	60.7	59.5	53.5	47.4	41.7	38.0	34.9	32.3
2018/01/11 16:03:41	77.3	33.6	33.6	47.9	47.9	58.3	58.3	61.4	61.4	59.8	56.7	61.4	59.1	63.9	61.2	58.9	60.4	68.2	70.3	68.3	68.8	68.2	67.7	64.6	61.2	59.2	57.1	50.9	44.8	38.5	34.1	30.7	27.3
2018/01/11 16:03:42	71.9	30.7	30.7	44.5	44.5	52.5	52.5	53.5	53.5	50.3	50.7	54.1	54.6	61.0	58.2	56.2	56.8	59.2	62.8	64.4	64.7	63.1	62.4	58.8	55.1	52.7	48.7	43.7	36.7	30.5	26.7	24.6	22.7
2018/01/11 16:03:43	65.5	29.7	29.7	45.7	45.7	52.4	52.4	53.7	53.7	50.0	46.1	47.3	48.0	52.1	52.1	48.1	52.0	52.1	56.3	56.7	56.5	58.3	56.9	53.5	49.0	45.2	42.0	35.2	28.5	23.9	22.6	22.8	21.8
2018/01/11 16:03:44	61.0	26.0	26.0	44.2	44.2	52.3	52.3	52.2	52.2	47.2	43.3	44.2	43.1	49.2	46.9	43.5	45.8	49.0	53.6	53.7	53.6	51.2	50.8	47.5	43.5	40.1	37.4	30.8	25.0	22.7	22.1	22.4	21.6
2018/01/11 16:03:45	56.8	25.0	25.0	42.0	42.0	52.9	52.9	54.4	54.4	47.9	44.1	43.9	40.5	46.0	43.7	41.6	46.4	47.2	49.4	49.8	49.2	47.3	44.7	41.5	37.9	35.1	32.5	29.8	26.5	25.3	22.7	22.8	21.8
2018/01/11 16:03:46	55.8	28.1	28.1	41.0	41.0	51.5	51.5	53.3	53.3	49.1	43.7	46.3	40.4	44.3	42.1	40.1	43.5	44.8	47.2	50.0	48.4	45.9	43.9	40.8	37.4	35.0	31.5	27.7	24.4	23.3	22.4	23.0	21.9
2018/01/11 16:03:47	55.6	26.6	26.6	41.5	41.5	49.2	49.2	49.7	49.7	47.8	43.9	47.4	43.5	46.0	40.8	40.1	43.8	45.0	48.2	49.1	48.2	45.9	43.1	39.9	36.9	34.3	31.3	27.1	22.9	21.8	21.6	22.6	21.8
2018/01/11 16:03:48	58.8	26.3	26.3	42.8	42.8	51.5	51.5	51.6	51.6	47.9	44.9	47.2	44.2	47.2	50.2	44.1	45.1	47.7	49.6	51.7	51.9	48.7	46.7	44.0	43.6	41.6	39.9	35.8	28.3	25.5	22.9	23.2	22.1
2018/01/11 16:03:49	60.9	30.6	30.6	47.5	47.5	55.6	55.6	56.3	56.3	53.2	47.6	48.2	45.7	48.2	47.1	44.4	46.5	48.9	50.3	54.4	53.6	52.5	50.4	46.3	44.8	41.9	40.0	34.1	27.9	23.9	22.6	23.1	21.8
2018/01/11 16:03:50	64.2	29.5	29.5	50.0	50.0	57.6	57.6	57.1	57.1	53.6	49.3	49.6	48.7	52.8	50.7	46.8	49.5	50.9	53.3	56.5	56.4	55.8	55.2	51.1	48.5	46.7	44.5	39.2	31.9	25.3	23.1	23.3	22.1
2018/01/11 16:03:51	67.8	31.4	31.4	47.6	47.6	57.8	57.8	58.6	58.6	53.8	50.3	53.1	50.9	56.6	54.8	51.5	54.1	55.2	58.0	59.7	60.8	59.2	58.1	53.9	51.6	50.7	48.7	44.3	36.8	31.0	26.8	25.4	23.1
2018/01/11 16:03:52	74.0	35.5	35.5	57.2	57.2	65.8	65.8	63.5	63.5	57.8	57.4	62.7	60.7	64.4	62.3	58.1	60.7	62.7	63.9	66.1	68.5	64.1	61.8	58.5	56.5	56.7	56.7	51.5	45.7	40.6	37.2	34.4	31.9
2018/01/11 16:03:53	70.1	29.1	29.1	52.4	52.4	60.5	60.5	60.7	60.7	59.1	55.2	57.5	55.0	58.8	58.6	57.2	59.3	62.3	60.8	61.7	62.2	59.7	60.1	54.7	53.7	53.4	51.8	47.7	41.8	36.2	32.7	29.0	26.1
2018/01/11 16:03:54	68.5	29.8	29.8	49.3	49.3	60.5	60.5	66.6	66.6	63.5	51.0	54.6	51.4	59.4	55.7	53.9	56.5	58.5	58.2	60.3	61.4	59.0	58.5	54.6	52.1	52.5	50.2	46.0	40.1	33.9	29.4	27.3	24.5
2018/01/11 16:03:55	67.5	30.3	30.3	45.2	45.2	68.4	68.4	74.9	74.9	69.7	50.4	55.3	52.0	56.1	52.9	49.2	56.5	58.2	57.2	59.9	60.6	56.6	56.0	52.7	51.3	51.8	50.5	45.6	39.2	34.0	30.8	28.9	26.5
2018/01/11 16:03:56	64.0	31.8	31.8	46.7	46.7	63.4	63.4	67.1	67.1	59.8	49.3	52.7	50.5	52.7	48.2	47.1	52.9	53.5	52.3	54.3	56.9	53.9	53.6	52.4	50.2	49.9	48.2	42.5	34.9	30.4	25.7	24.6	22.5
2018/01/11 16:03:57	71.9	32.8	32.8	49.6	49.6	59.3	59.3	61.8	61.8	58.2	56.2	60.8	56.6	58.4	58.3	52.0	54.2	57.2	58.5	61.0	62.3	60.9	61.7	61.4	61.7	61.6	60.4	56.2	52.2	47.8	45.5	46.0	40.0
2018/01/11 16:03:58	72.0	35.9	35.9	49.4	49.4	58.8	58.8	61.7	61.7	59.4	59.4	62.1	59.0	61.8	60.4	59.8	58.6	57.5	58.3	60.8	63.0	59.3	62.1	61.5	59.8	60.9	60.7	57.9	52.9	49.3	44.5	45.7	39.9
2018/01/11 16:03:59	68.5	35.8	35.8	51.6	51.6	61.1	61.1	61.7	61.7	58.6	58.4	58.0	53.8	57.1	55.3	53.2	54.6	58.3	57.6	58.7	59.0	58.3	60.5	57.7	55.3	53.5	52.0	47.4	41.2	35.9	33.0	31.0	27.1
2018/01/11 16:04:00	68.4	32.4	32.4	51.6	51.6	60.8	60.8	60.4	60.4	57.1	56.9	57.3	52.9	56.0	53.6	51.6	53.5	57.1	57.1	60.8	60.2	58.2	59.9	56.4	53.4	53.2	51.7	46.6	41.1	32.7	28.1	25.5	23.3
2018/01/11 16:04:01	69.0	28.6	28.6	51.8	51.8	59.6	59.6	58.5	58.5	55.3	54.3	56.3	54.1	58.0	56.1	54.0	55.0	57.3	58.3	60.4	60.5	58.7	59.9	56.3	56.1	56.0	53.0	48.1	50.4	35.1	30.7	28.6	25.0
2018/01/11 16:04:02	68.8	29.9	29.9	50.4	50.4	59.5	59.5	59.3	59.3	56.0	53.5	57.6	54.7	59.4	55.0	50.9	55.6	59.0	59.0	60.7	61.0	58.7	58.8	55.4	55.1	53.9	52.2	46.4	39.9	33.0	29.4	27.1	24.1
2018/01/11 16:04:03	68.1	30.9	30.9	53.0	53.0	61.1	61.1	59.8	59.8	57.3	56.3	56.3	51.0	60.7	57.5	51.6	55.4	58.6	58.7	61.2	59.5	57.7	57.6	54.1	52.9	51.5	49.7	44.1	39.1	32.1	27.8	26.6	23.2
2018/01/11 16:04:04	67.1	31.1	31.1	51.7	51.7	60.8	60.8	61.2	61.2	54.2	50.6	53.8	52.8	56.8	54.0	49.8	54.1	57.0	56.2	59.5	60.0	57.4	57.0	53.3	51.8	50.8	49.2	43.3	35.4	29.5	26.4	25.0	22.1
2018/01/11 16:04:05	70.4	31.1	31.1	51.8	51.8	59.4	59.4	60.8	60.8	57.2	54.0	57.2	56.0	60.6	57.2	50.3	56.6	59.2	61.2	63.8	63.6	60.5	58.8	54.9	54.8	53.3	51.6	46.5	39.6	34.0	30.5	27.2	24.3
2018/01/11 16:04:06	74.8	36.0	36.0	54.0	54.0	60.0	60.0	60.9	60.9	59.7	58.2	60.5	60.7	66.7	62.2	57.1	61.3	63.8	65.0	69.3	67.7	64.2	62.0	58.3	58.2	58.1	57.2	51.4	45.8	40.6	36.3	34.1	30.3
2018/01/11 16:04:07	77.7	38.3	38.3	54.0	54.0	65.1	65.1	66.4	66.4	62.1	60.8	66.3	63.8	67.2	64.3	61.8	65.0	66.8	68.6	70.7	70.0	67.5	66.4	64.0	62.2	62.8	61.8	57.1	51.2	46.4	44.4	40.3	39.1
2018/01/11 16:04:08	73.9	37.0	37.0	56.7	56.7	63.0	63.0	61.7	61.7	59.9	56.5	61.8	60.1	63.3	59.6	58.5	64.1	64.3	64.3	67.0	65.9	63.5	62.4	59.9	58.7	57.5	56.4	52.4	47.0	42.3	39.9	36.4	34.4
2018/01/11 16:04:09	73.3	38.3	38.3	57.0	57.0	62.3	62.3	64.6	64.6	64.6	57.7	61.1	58.7	64.1	59.4	57.8	60.5	63.7	66.0	65.9	66.3	62.2	62.0	58.2	57.1	55.3	54.7	50.9	43.8	38.5	35.2	33.2	29.7
2018/01/11 16:04:10	73.3	33.9	33.9	50.1	50.1	59.9	59.9	62.3	62.3	59.6	57.9	63.8	59.4	63.6	60.5	56.8	58.9	62.9	63.8	65.9	67.1	62.9	62.4	58.3	56.7	56.1	54.5	49.1	42.8	37.2	33.6	32.4	28.9
2018/01/11 16:04:11	72.3	30.8	30.8	51.9	51.9	62.9	62.9	64.7	64.7	60.6	57.6	60.7	57.4	60.9	58.4	55.2	59.0	61.4	60.8	63.0	65.4	63.1	63.7	58.9	56.1	55.5	53.7	48.5	40.7	34.7	30.7	28.7	25.1
2018/01/11 16:04:12	74.8	34.0	34.0	55.2	55.2	62.9	62.9	66.2	66.2	65.8	60.6	59.5	59.1	63.6	62.2	57.2	60.7	64.9	64.4	67.0	68.0	64.7	65.1	59.8	58.7	58.6	56.7	52.5	44.7	39.9	35.7	33.4	30.5
2018/01/11 16:04:13	74.3	32.7	32.7	51.4	51.4	62.8	62.8	65.9	65.9	61.4	55.1	60.7	58.2	64.4	62.8	57.7	61.9	63.9	64.8	66.4	67.1	64.8	63.8	59.2	57.9	57.8	57.2	52.0	45.6	40.0	37.0	35.8	32.0
2018/01/11 16:04:14	70.4	35.0	35.0	48.9	48.9	64.6	64.6	69.5	69.5	63.8	55.0	58.6	55.4	61.1	60.3	56.1	57.8	60.6	61.4	61.1	63.4	61.5	60.0	56.0	53.2	52.7	51.2	46.9	39.9	33.6	30.4	28.4	25.4
2018/01/11 16:04:15	68.3	32.3	32.3	47.8	47.8	64.4	64.4	69.1	69.1	63.3	53.2	54.8	51.5	59.8	55.2	50.8	57.5	60.1	58.2	59.7	61.4	57.3	58.4	54.1	52.2	49.7	48.3	42.9	35.8	30.2	27.1	25.5	23.4
2018/01/11 16:04:16	72.6	31.2	31.2	45.2	45.2	66.8	66.8	72.2	72.2	66.1	54.4	58.4	52.1	59.7	57.8	52.7	60.3	61.3	61.3	62.5	65.6	62.3	64.4	60.0	58.6	57.7	55.0	48.4	42.6	37.2	33.4	32.0	32.2
2018/01/11 16:04:17	74.9	29.6	29.6	45.5	45.5	67.8	67.8	73.2	73.2	67.3	59.6	60.7	57.9	64.1	61.7	58.4	62.3	61.1	66.9	65.0	67.6	65.2	65.0	62.1	59.7	60.4	58.4	52.7	47.2	41.5	38.7	39.7	38.4
2018/01/11 16:04:18	73.2	30.5	30.5	45.1	45.1	67.2	67.2	73.2	73.2	68.0	54.7	59.4	55.1	60.3	60.3	56.1	62.3	61.9	63.1	63.3	65.7	64.9	62.1	59.9	57.9	60.8	57.0	50.8	44.8	39.5	36.9	36.8	36.9
2018/01/11 16:04:19	74.1	35.0	35.0	47.9	47.9	69.7	69.7	75.6	75.6	70.0	58.3	60.8	59.6	66.3	65.1	60.0	63.3	61.6	64.4	64.4	66.7	65.4	64.0	59.0	59.0	59.2	56.8	51.7	46.9	41.7	38.8	41.1	39.1
2018/01/11 16:04:20	71.3	36.6	36.6	50.2	50.2	73.1	73.1	77.7	77.7	70.7	58.7	61.2	58.8	64.9	61.0	57.0	59.5	61.5	62.9	60.7	61.9	60.7	60.3	59.2	57.8	57.6	55.3	51.1	43.6	38.1	34.9	32.9	28.3
2018/01/11 16:04:21	79.4	40.6	40.6	52.8	52.8	74.5	74.5	79.0	79.0	73.7	70.0	71.7	63.6	68.0	64.1	58.6	64.1	65.7	66.9	68.0	71.2	67.4	68.9	68.6	67.0	68.8	68.1	64.1	59.1	54.5	51.3	49.7	47.6
2018/01/11 16:04:22	72.2	36.8	36.8	49.0	49.0	68.9	68.9	73.6	73.6	67.8	63.6	66.8	57.6	61.3	60.4	64.1	62.4	58.9	60.7	62.0	63.2	60.0	61.6	60.7	59.8	59.2	59.7	56.3	51.1	45.9	44.5	41.3	40.6
2018/01/11 16:04:23	68.9	29.9	29.9	46.6	46.6	65.0	65.0	70.0	70.0	64.1	59.3	62.5	57.3	58.7	56.5	59.2	56.5	58.4	58.7	60.2	61.4	58.1	57.2	55.0	55.8	54.6	53.1	48.3	41.8	37.0	34.3	31.9	28.8
2018/01/11 16:04:24	68.0	31.4	31.4	46.3	46.3	57.8	57.8	60.7	60.7	57.1	53.9	58.7	56.8	57.6	57.4	57.3	56.3	54.9	57.6	58.4	58.9	61.3	56.9	54.6	54.3	51.9	49.2	44.9	38.0	32.8	30.2	28.6	27.1
2018/01/11 16:04:25	77.2	39.6	39.6	56.1	56.1	68.1	68.1	68.7	68.7	61.0	58.6	62.4	61.1	67.2	65.7	62.5	62.3	65.2	67.0	68.7	70.3	68.6	67.5	62.6	61.1	60.9	59.7	55.6	49.5	44.0	40.7	38.8	33.6
2018/01/11 16:04:26	70.5	30.5	30.5	45.9	45.9	59.1	59.1	61.4	61.4	56.2	53.4	57.7	54.7	60.5	61.1	61.5	59.5	57.8	58.1	60.1	61.7	62.2	62.4	57.6	54.6	54.0	52.0	47.3	42.0	35.8	32.6	28.2	25.0
2018/01/11 16:04:27	69.9	34.1	34.1	47.0	47.0	61.0	61.0	63.5	63.5	57.7	54.5	56.0	51.2	58.5	60.8	54.6	53.8	54.1	58.0	61.3	60.5	62.3	61.6	58.1	54.5	54.0	50.9	45.7	38.4	33.0	29.8	26.8	24.5
2018/01/11 16:04:28	79.3	38.9	38.9	54.2	54.2	66.8	66.8	66.4	66.4	59.2	58.2	62.0	60.0	65.8	67.5	63.9	65.0	65.2	68.7	71.3	71.5	70.3	70.8	66.6	63.1	62.1	61.5	56.3	49.5	44.3	41.0	39.7	37.5
2018/01/11 16:04:29	76.2	40.9	40.9	59.0	59.0	69.4	69.4	68.8	68.8	61.3	58.6	60.3	58.0	63.5	63.5	61.8	62.1	61.6	65.4	68.8	67.1	67.9	67.3	64.1	61.4	59.8	57.0	51.7	45.1	39.3	35.0	32.0	29.7
2018/01/11 16:04:30	73.3	33.6	33.6	52.0	52.0	61.6	61.6	64.8	64.8	62.5	56.1	57.7	55.3	61.6	61.2	58.6	60.5	61.6	63.8	66.2	64.9	64.5	63.4	60.4	57.6	56.7	54.3	49.3	42.7	37.2	32.1	29.5	25.8
2018/01/11 16:04:31	75.2	35.6	35.6	51.2	51.2	61.8	61.8	65.2	65.2	63.4	57.4	60.3	57.2	62.4	61.7	59.3	61.5	64.1	65.1	67.3	65.1	67.8	66.2	61.6	61.0	58.6	56.4	52.4	45.3	39.3	34.5	30.8	27.8
2018/01/11 16:04:32	79.3	37.6	37.6	52.7	52.7	67.3	67.3	69.8	69.8	63.6	63.8	65.5	59.6	65.8	66.6	62.8	64.4	65.8	69.1	70.8	71.4	71.5	70.7	65.7	62.9	61.5	60.7	55.7	48.8	44.1	41.4	38.9	36.4
2018/01/11 16:04:33	74.4	32.8	32.8	53.7	53.7	64.3	64.3	65.5	65.5	59.4	57.9	61.1	55.5	62.3	63.3	61.6	62.3	62.3	63.0	66.2	66.1	66.3	65.2	61.1	59.4	58.0	56.0	51.9	45.2	39.5	35.5	33.2	30.9
2018/01/11 16:04:34	76.0	36.1	36.1	55.7	55.7	63.8	63.8	65.6	65.6	63.8	62.8	65.0	59.1	65.9	64.7	60.1	61.5	64.2	67.4	68.5	68.5	67.0	64.6	60.3	60.8	60.6	60.3	53.9	48.7	43.4	40.3	38.9	35.4
2018/01/11 16:04:35	74.0	38.6	38.6	54.6	54.6	64.7	64.7	65.6	65.6	63.2	62.5	63.5	59.0	66.7	62.6	60.6	63.6	62.9	64.0	66.1	66.0	65.2	62.6	59.1	58.7	58.3	56.6	51.7	45.7	40.9	37.5	35.3	32.0
2018/01/11 16:04:36	76.0	41.4	41.4	58.6	58.6	70.6	70.6	69.8	69.8	62.9	65.9	63.8	60.3	65.1	64.1	59.2	60.7	62.6	64.4	67.1	68.3	67.6	67.3	63.3	60.9	59.5	58.6	52.4	46.5	40.2	36.2	33.7	31.1
2018/01/11 16:04:37	76.2	48.0	48.0	63.2	63.2	74.8	74.8	73.9	73.9	64.0	62.3	60.7	59.4	64.9	64.8	59.6	64.3	64.9	66.8	67.9	68.8	66.9	66.6	63.4	60.0	59.0	56.8	52.6	46.2	40.0	36.0	33.1	30.3
2018/01/11 16:04:38	76.4	38.4	38.4	60.6	60.6	68.8	68.8	68.0	68.0	67.6	64.8	62.3	60.6	66.8	65.3	60.4	62.4	62.1	66.0	67.7	69.5	68.3	66.2	62.7	60.7	59.6	57.4	54.2	46.8	40.9	38.9	37.4	35.1
2018/01/11 16:04:39	76.2	40.9	40.9	59.1	59.1	68.7	68.7	67.8	67.8	64.6	62.9	64.9	59.4	65.7	65.4	58.8	62.2	62.8	64.8	68.8	69.2	66.3	64.6	61.4	61.7	61.5	62.3	60.1	50.6	45.7	42.4	39.2	37.1
2018/01/11 16:04:40	77.5	44.8	44.8	62.8	62.8	72.1	72.1	69.8	69.8	67.4	65.9	65.3	61.4	67.7	66.5	64.6	65.6	66.1	66.8	69.0	69.4	68.0	67.8	63.2	62.8	62.8	62.8	58.6	50.9	46.6	43.1	41.2	37.6
2018/01/11 16:04:41	71.9	35.7	35.7	53.1	53.1	62.8	62.8	65.5	65.5	65.1	62.8	63.0	59.5	62.1	61.4	56.0	58.3	59.7	62.0	65.2	63.1	63.4	61.0	57.8	56.9	55.0	54.4	48.9	41.8	36.8	32.1	29.3	27.0
2018/01/11 16:04:42	74.4	41.1	41.1	53.0	53.0	65.0	65.0	66.2	66.2	62.2	60.5	62.9	59.6	65.3	63.6	61.3	61.9	62.4	63.0	66.7	67.2	65.4	64.0	60.3	58.2	57.9	57.2	51.9	45.5	41.0	36.5	35.4	33.0
2018/01/11 16:04:43	70.9	35.9	35.9	54.2	54.2	64.0	64.0	66.1	66.1	65.2	64.2	63.7	57.3	61.5	59.5	58.5	59.4	59.0	59.4	63.6	62.9	62.7	60.2	56.4	55.2	53.5	52.0	47.3	40.8	34.7	30.8	27.9	24.6
2018/01/11 16:04:44	75.0	34.7	34.7	53.3	53.3	65.1	65.1	67.2	67.2	64.5	60.7	63.4	60.4	66.2	61.9	60.8	61.0	63.8	66.4	67.9	67.9	65.2	62.8	59.8	59.1	58.3	58.2	52.5	46.4	41.3	38.3	36.8	33.7
2018/01/11 16:04:45	75.3	39.4	39.4	55.1	55.1	62.8	62.8	63.8	63.8	60.9	60.8	63.6	60.9	66.1	63.1	60.5	62.6	63.4	65.8	68.1	67.3	66.1	64.7	60.7	60.2	59.2	57.2	54.0	47.6	42.2	40.3	39.8	35.7
2018/01/11 16:04:46	73.5	35.4	35.4	57.2	57.2	65.1	65.1	64.3	64.3	61.4	60.2	64.6	59.9	65.8	62.3	60.3	60.8	61.6	63.0	66.1	66.4	64.0	61.8	57.7	58.8	56.9	57.3	54.4	49.6	43.7	42.2	42.2	40.2
2018/01/11 16:04:47	72.7	38.2	38.2	58.1	58.1	63.4	63.4	63.6	63.6	63.5	61.1	62.7	59.4	66.4	63.5	59.6	60.7	61.3	62.2	64.3	64.3	63.6	61.3	57.4	60.4	57.0	55.7	53.9	49.0	43.6	42.8	42.0	39.0
2018/01/11 16:04:48	70.8	35.5	35.5	55.4	55.4	62.5	62.5	65.7	65.7	65.3	60.0	62.2	59.4	65.5	62.1	59.8	60.7	59.4	60.0	62.1	63.1	60.9	59.1	55.2	55.9	56.1	54.7	51.0	46.9	43.1	42.2	42.5	37.2
2018/01/11 16:04:49	66.9	30.1	30.1	49.2	49.2	59.3	59.3	59.5	59.5	56.5	54.1	52.2	49.9	57.0	56.9	53.9	54.1	54.1	56.2	60.6	59.4	57.6	56.9	51.1	50.6	48.9	47.1	42.5	36.2	30.4	28.7	26.5	24.3
2018/01/11 16:04:50	66.9	28.4	28.4	46.8	46.8	58.9	58.9	61.2	61.2	56.9	53.7	54.4	49.7	55.2	55.3	52.9	54.2	54.3	56.9	60.3	58.7	58.2	57.0	52.9	50.1	48.3	46.2	41.8	34.4	28.2	25.4	24.5	22.6
2018/01/11 16:04:51	69.5	31.6	31.6	49.5	49.5	58.0	58.0	58.9	58.9	57.5	54.6	55.9	51.1	58.6	57.3	55.0	56.1	55.2	59.1	62.6	60.7	61.6	60.5	55.7	53.4	51.8	49.5	45.3	37.4	30.4	27.2	24.8	23.3
2018/01/11 16:04:52	73.8	30.0	30.0	45.9	45.9	55.9	55.9	58.9	58.9	57.8	54.6	56.6	54.3	62.5	61.0	55.9	56.5	58.0	62.2	67.0	66.0	65.1	65.6	60.0	57.1	57.1	54.0	49.1	41.2	34.4	30.7	26.9	24.5
2018/01/11 16:04:53	77.6	35.4	35.4	50.3	50.3	61.7	61.7	65.8	65.8	64.7	60.1	60.7	58.0	65.9	65.4	60.7	61.6	62.2	66.5	71.7	70.2	67.9	67.8	63.1	62.0	60.9	58.4	52.6	46.5	41.1	36.5	32.9	29.0
2018/01/11 16:04:54	73.8	31.5	31.5	49.8	49.8	60.4	60.4	63.0	63.0	61.0	58.4	59.6	55.0	62.2	62.5	59.3	61.0	60.3	62.5	67.7	65.6	64.7	64.3	59.8	57.6	55.9	53.6	48.6	43.0	36.6	32.7	29.6	26.3
2018/01/11 16:04:55	69.5	30.0	30.0	50.5	50.5	60.5	60.5	62.0	62.0	58.7	54.5	54.5	51.3	58.6	56.3	53.7	53.5	54.9	59.9	63.4	61.6	60.5	58.8	56.1	54.6	53.2	50.5	45.5	38.9	33.1	30.0	27.2	24.2
2018/01/11 16:04:56	68.6	30.6	30.6	51.7	51.7	59.9	59.9	59.1	59.1	55.1	50.1	55.2	52.6	60.9	56.3	49.9	51.6	54.5	58.7	62.5	61.3	59.4	57.5	54.2	52.0	51.4	48.6	42.1	33.9	28.8	24.7	23.5	22.4
2018/01/11 16:04:57	74.6	32.5	32.5	54.7	54.7	63.0	63.0	61.9	61.9	57.0	55.2	61.6	59.9	67.0	65.8	59.9	60.9	62.6	64.2	67.9	67.2	65.5	63.9	59.1	57.7	58.1	55.6	49.3	43.1	37.9	34.0	30.3	27.8
2018/01/11 16:04:58	74.7	34.4	34.4	58.1	58.1	65.0	65.0	62.3	62.3	61.3	57.5	61.3	58.7	64.3	62.3	58.8	60.7	60.5	65.5	69.1	65.0	65.2	64.9	60.3	59.9	57.6	55.1	50.2	44.5	39.1	35.6	32.1	28.3
2018/01/11 16:04:59	73.8	34.5	34.5	51.9	51.9	60.4	60.4	60.3	60.3	62.3	62.0	60.0	58.4	66.1	62.6	59.7	59.8	59.6	63.6	68.1	65.1	64.3	64.3	59.1	57.0	55.5	54.5	51.8	45.7	41.0	35.8	37.0	30.3
2018/01/11 16:05:00	75.8	37.2	37.2	57.3	57.3	65.9	65.9	64.1	64.1	63.6	61.6	62.8	60.9	67.2	63.8	60.4	61.6	61.8	64.9	68.6	69.4	65.7	65.6	61.7	60.3	58.6	56.4	51.9	47.3	39.2	36.9	34.4	31.6
2018/01/11 16:05:01	72.8	29.9	29.9	50.0	50.0	58.1	58.1	59.1	59.1	57.5	54.6	57.6	57.8	62.7	62.1	59.0	62.0	58.7	60.5	65.2	65.4	64.8	62.4	58.2	58.3	55.6	52.7	49.0	43.5	35.4	33.4	30.8	27.2
2018/01/11 16:05:02	70.8	33.2	33.2	49.0	49.0	56.2	56.2	58.7	58.7	58.1	56.7	56.8	54.5	61.4	59.8	57.2	57.8	59.3	60.2	63.5	63.5	61.8	60.4	56.2	55.1	54.2	51.5	46.8	41.7	37.0	34.0	30.8	27.7
2018/01/11 16:05:03	73.6	36.2	36.2	54.2	54.2	63.0	63.0	64.2	64.2	62.0	60.6	60.9	56.9	65.6	63.6	58.2	59.4	59.1	62.7	67.6	66.3	64.1	62.1	57.9	57.6	57.5	55.7	52.1	45.4	42.6	41.1	39.5	36.2
2018/01/11 16:05:04	76.2	39.4	39.4	54.1	54.1	64.0	64.0	64.5	64.5	62.4	63.3	64.7	63.6	68.2	62.9	61.5	63.1	63.6	65.0	69.9	68.9	66.9	65.5	61.1	59.8	59.8	58.4	54.1	47.8	42.7	39.2	36.8	33.7
2018/01/11 16:05:05	76.9	42.0	42.0	59.0	59.0	69.9	69.9	69.3	69.3	65.9	67.2	65.3	63.1	67.7	64.8	61.3	60.5	62.7	66.4	70.4	69.6	68.5	66.6	60.7	60.5	59.4	58.1	53.4	48.0	41.7	38.2	36.8	33.4
2018/01/11 16:05:06	75.0	39.5	39.5	56.2	56.2	66.4	66.4	69.0	69.0	68.3	66.4	67.8	63.1	67.7	62.7	57.7	57.7	60.8	65.8	68.8	67.3	65.1	64.7	59.7	58.3	57.4	56.0	50.7	45.2	40.5	36.7	33.7	30.4
2018/01/11 16:05:07	74.8	38.2	38.2	57.8	57.8	68.0	68.0	67.9	67.9	63.2	64.5	64.6	65.1	67.2	63.3	59.9	62.4	60.8	63.2	68.9	68.0	64.4	63.4	59.9	57.8	57.7	56.4	52.8	47.1	41.4	38.2	36.6	34.0
2018/01/11 16:05:08	72.2	41.7	41.7	61.8	61.8	66.7	66.7	62.9	62.9	61.1	60.1	61.6	58.0	64.5	60.5	59.9	60.1	60.1	60.5	65.0	66.0	62.9	60.2	56.5	55.7	55.7	54.0	49.9	45.1	39.8	36.5	35.6	33.1
2018/01/11 16:05:09	68.6	35.0	35.0	53.8	53.8	62.6	62.6	62.0	62.0	58.1	55.4	56.3	54.5	60.6	55.8	53.6	54.0	54.9	57.3	61.6	61.5	59.8	58.3	54.4	52.8	52.4	50.9	47.0	40.8	36.0	31.8	28.5	26.2
2018/01/11 16:05:10	69.0	33.3	33.3	52.3	52.3	60.9	60.9	58.6	58.6	54.5	54.7	57.0	54.3	58.2	56.1	53.8	53.3	54.3	56.2	60.9	61.5	62.0	59.1	54.5	53.2	52.8	51.2	46.7	39.2	33.6	29.9	27.8	26.4
2018/01/11 16:05:11	71.7	33.0	33.0	52.5	52.5	62.2	62.2	61.0	61.0	56.6	57.0	58.1	55.4	62.4	57.8	52.6	55.5	58.8	60.5	63.8	63.6	63.7	62.7	57.5	56.1	56.3	55.7	51.1	43.3	37.7	33.3	31.5	28.9
2018/01/11 16:05:12	74.5	33.6	33.6	51.6	51.6	59.4	59.4	63.2	63.2	61.0	56.4	59.8	58.9	64.6	61.5	57.3	60.8	59.1	62.7	68.4	66.1	66.6	65.0	59.1	57.8	57.4	56.1	52.2	45.0	39.4	35.0	33.0	29.8
2018/01/11 16:05:13	75.9	31.1	31.1	49.6	49.6	61.6	61.6	64.6	64.6	60.6	59.0	63.4	62.3	67.1	63.5	61.8	61.8	62.2	64.6	69.3	68.0	67.9	66.1	60.5	58.7	57.9	56.6	52.3	46.4	40.8	36.8	33.5	30.1
2018/01/11 16:05:14	74.5	37.5	37.5	52.7	52.7	64.3	64.3	64.7	64.7	61.4	60.0	64.1	63.8	65.9	61.4	59.6	61.3	61.1	63.1	70.0	66.6	64.7	62.5	57.9	56.4	55.5	52.9	48.2	43.2	37.5	33.5	30.4	27.5
2018/01/11 16:05:15	68.7	33.3	33.3	50.8	50.8	59.3	59.3	59.8	59.8	56.5	58.5	64.8	64.1	60.6	60.1	62.4	57.0	57.6	59.8	62.3	58.8	58.3	56.6	53.3	50.6	49.5	47.3	42.9	36.8	29.4	27.3	23.3	21.7
2018/01/11 16:05:16	72.2	30.9	30.9	49.4	49.4	57.3	57.3	59.9	59.9	59.2	60.4	71.2	68.5	64.4	66.4	67.0	60.8	60.8	64.5	64.9	61.7	60.4	57.9	56.0	53.1	54.3	52.8	50.2	44.5	36.6	32.2	27.6	24.6
2018/01/11 16:05:17	78.4	40.9	40.9	58.0	58.0	64.0	64.0	68.3	68.3	70.9	73.1	80.1	74.6	72.6	73.0	69.6	69.1	68.4	69.3	68.4	65.9	65.6	65.5	63.5	62.9	64.4	63.9	64.3	58.3	51.6	49.4	44.2	41.5
2018/01/11 16:05:18	71.4	32.9	32.9	50.4	50.4	59.7	59.7	64.8	64.8	65.6	65.6	67.8	62.9	65.8	61.9	58.5	59.8	58.5	64.7	63.8	62.7	60.0	59.2	56.3	55.7	55.1	53.5	50.4	43.9	36.6	33.1	31.2	26.9
2018/01/11 16:05:19	71.8	30.4	30.4	46.8	46.8	60.5	60.5	63.7	63.7	63.0	64.9	64.7	57.1	60.9	60.6	56.8	58.8	57.9	60.8	63.6	62.7	62.9	63.2	58.7	57.9	56.2	54.3	49.5	42.3	36.4	31.7	29.0	25.6
2018/01/11 16:05:20	75.7	33.6	33.6	49.3	49.3	62.7	62.7	65.9	65.9	63.0	61.9	63.0	59.1	66.6	65.5	59.1	57.8	61.2	64.0	69.0	68.5	66.3	66.0	62.3	59.1	60.6	57.9	52.8	48.5	41.4	36.6	33.8	31.4
2018/01/11 16:05:21	76.5	35.0	35.0	51.9	51.9	57.8	57.8	60.0	60.0	59.8	61.4	65.1	60.2	66.8	66.4	61.6	65.1	65.6	66.5	69.5	68.4	66.9	66.9	61.9	59.0	59.4	57.6	52.0	47.9	41.2	37.1	35.6	32.8
2018/01/11 16:05:22	68.1	36.4	36.4	54.4	54.4	58.5	58.5	56.9	56.9	56.3	53.9	55.4	50.1	56.8	56.6	52.2	52.1	54.1	57.2	60.7	59.5	59.5	60.2	54.6	51.1	49.5	49.5	42.5	36.2	31.3	27.2	25.1	23.0
2018/01/11 16:05:23	73.7	31.8	31.8	48.9	48.9	56.7	56.7	57.5	57.5	55.7	56.3	58.9	57.4	65.5	62.7	59.0	57.9	58.9	61.9	65.7	66.3	65.7	64.6	59.6	58.0	56.5	55.0	49.9	42.6	38.1	34.7	33.4	30.9
2018/01/11 16:05:24	68.0	27.5	27.5	44.9	44.9	57.2	57.2	59.1	59.1	53.3	52.3	54.7	54.9	59.3	58.4	55.7	56.0	55.8	55.4	57.6	58.9	61.5	59.3	55.2	50.8	49.5	47.3	41.4	35.1	28.8	26.4	26.1	23.7
2018/01/11 16:05:25	61.8	25.4	25.4	42.7	42.7	53.3	53.3	54.4	54.4	53.5	53.6	51.7	50.7	53.7	52.1	47.4	49.9	51.6	50.5	53.3	53.8	52.9	52.3	49.6	45.1	43.6	41.0	34.8	28.5	24.2	22.9	22.7	21.7
2018/01/11 16:05:26	59.3	26.2	26.2	42.2	42.2	53.2	53.2	56.0	56.0	53.7	52.2	54.0	54.1	55.4	50.1	45.4	48.5	51.5	51.1	52.5	49.6	47.5	45.6	42.5	42.5	42.9	39.4	35.1	28.8	25.8	23.7	23.1	21.7
2018/01/11 16:05:27	62.2	26.5	26.5	41.3	41.3	51.9	51.9	54.1	54.1	54.3	52.6	54.2	52.1	57.6	52.2	45.1	48.8	57.3	56.7	55.0	51.0	47.8	45.9	44.1	44.9	44.2	41.6	39.7	34.0	30.6	27.9	25.5	22.6
2018/01/11 16:05:28	69.6	30.5	30.5	46.1	46.1	55.4	55.4	58.0	58.0	58.4	56.5	60.3	63.6	65.5	58.3	53.4	57.3	65.4	63.8	62.9	57.1	55.1	53.8	50.1	48.6	49.3	50.5	46.6	40.1	36.1	34.9	32.0	28.7
2018/01/11 16:05:29	81.8	50.2	50.2	70.1	70.1	79.4	79.4	76.9	76.9	68.5	65.6	70.2	70.1	78.4	72.4	70.4	73.4	75.0	74.0	72.8	70.8	69.4	70.7	64.9	63.6	67.3	65.5	61.7	58.2	55.6	55.4	54.5	52.5
2018/01/11 16:05:30	78.4	49.7	49.7	71.6	71.6	80.1	80.1	76.9	76.9	71.3	69.8	69.6	68.1	72.9	70.6	70.8	72.0	68.5	66.2	65.2	64.1	67.8	69.9	62.7	62.8	67.2	64.5	62.0	57.2	53.5	52.2	49.7	46.1
2018/01/11 16:05:31	65.0	40.5	40.5	61.3	61.3	70.5	70.5	68.1	68.1	58.6	58.3	57.8	54.5	60.3	58.2	57.1	58.9	57.0	57.2	55.7	53.8	51.8	50.9	48.2	48.7	50.8	48.5	46.4	41.4	35.5	33.1	29.3	25.5
2018/01/11 16:05:32	62.3	38.4	38.4	55.6	55.6	65.4	65.4	65.5	65.5	62.9	61.3	57.0	50.9	57.6	58.3	54.9	53.5	51.0	54.2	52.0	51.4	50.0	47.7	44.6	46.8	49.3	47.3	46.1	37.0	32.2	25.1	23.5	22.0
2018/01/11 16:05:33	59.4	38.0	38.0	56.4	56.4	65.3	65.3	65.9	65.9	64.9	63.1	62.5	56.2	56.6	54.8	52.1	50.0	47.8	49.8	48.4	45.4	45.2	44.1	40.5	42.5	44.3	43.0	40.0	31.7	26.5	22.6	22.7	21.9
2018/01/11 16:05:34	56.4	36.2	36.2	53.1	53.1	62.2	62.2	63.5	63.5	61.2	59.2	58.0	50.5	54.6	51.2	47.2	48.7	47.8	47.6	46.2	41.9	42.1	41.5	38.2	38.7	41.5	38.3	36.1	29.2	23.9	21.8	22.4	21.7
2018/01/11 16:05:35	54.0	33.6	33.6	48.4	48.4	59.4	59.4	59.9	59.9	55.5	54.2	50.8	46.5	50.6	50.0	42.9	45.7	48.2	46.7	45.5	40.4	37.9	37.6	34.3	33.7	37.8	34.5	30.2	25.3	21.9	21.3	22.3	21.8
2018/01/11 16:05:36	52.8	31.1	31.1	48.1	48.1	57.8	57.8	60.2	60.2	59.9	57.3	53.6	46.9	49.7	47.0	40.9	43.6	46.1	44.5	43.8	40.5	37.8	36.1	32.7	31.7	33.4	31.3	27.1	23.3	22.3	22.1	22.8	21.8
2018/01/11 16:05:37	50.6	26.9	26.9	42.2	42.2	52.4	52.4	53.6	53.6	51.1	49.3	47.3	43.1	47.6	45.5	40.2	43.0	42.1	43.9	42.9	39.7	37.0	35.5	30.5	29.4	29.5	27.5	24.9	22.1	21.9	22.0	22.6	21.9
2018/01/11 16:05:38	49.7	27.6	27.6	42.9	42.9	51.0	51.0	50.0	50.0	49.1	45.9	46.4	42.1	46.0	42.4	38.1	42.2	40.7	42.9	40.8	39.2	37.5	37.2	32.2	31.1	32.1	31.8	29.7	26.0	23.6	22.8	23.3	22.7
2018/01/11 16:05:39	50.7	26.6	26.6	41.1	41.1	50.7	50.7	51.3	51.3	50.2	46.5	47.2	43.1	47.0	44.5	38.6	40.9	40.0	41.1	42.7	40.0	39.9	39.1	33.7	34.2	36.1	35.7	33.4	28.5	25.9	24.5	24.4	23.5
2018/01/11 16:05:40	51.8	30.5	30.5	44.2	44.2	54.0	54.0	55.3	55.3	54.7	53.0	52.9	45.3	50.0	44.7	38.9	43.0	39.5	41.4	41.9	42.8	40.7	40.2	34.9	33.9	32.8	31.6	29.0	25.4	23.4	22.4	23.2	22.2
2018/01/11 16:05:41	53.1	29.8	29.8	45.6	45.6	54.7	54.7	56.3	56.3	54.8	51.5	49.4	43.1	47.2	42.3	40.0	42.3	40.5	42.0	43.1	45.5	44.1	44.1	37.1	37.2	35.4	31.5	25.8	21.6	21.9	21.6	22.6	21.6
2018/01/11 16:05:42	55.9	28.6	28.6	47.1	47.1	55.9	55.9	57.6	57.6	55.1	47.5	48.5	43.2	47.9	44.0	40.4	43.5	42.3	43.9	47.2	49.3	47.1	46.9	40.1	40.3	38.7	33.7	28.4	22.2	21.6	21.3	22.4	21.7
2018/01/11 16:05:43	58.2	25.7	25.7	42.6	42.6	51.8	51.8	54.5	54.5	53.8	48.4	47.8	44.0	50.0	46.1	42.0	45.2	43.6	46.4	48.7	52.0	49.1	48.9	43.7	44.6	42.1	38.5	32.9	25.2	22.4	21.7	22.4	21.7
2018/01/11 16:05:44	61.4	26.8	26.8	48.1	48.1	55.1	55.1	55.1	55.1	54.3	49.4	50.1	47.6	51.2	49.4	45.4	47.5	47.5	48.0	51.5	54.7	51.5	52.2	48.9	49.6	47.8	43.5	38.0	29.8	24.6	23.0	23.1	22.1
2018/01/11 16:05:45	66.7	27.0	27.0	43.6	43.6	53.8	53.8	58.1	58.1	57.6	52.9	53.3	51.1	58.2	57.3	51.5	53.8	52.4	54.9	57.5	59.1	57.1	58.2	53.6	53.5	52.3	49.2	45.2	37.0	31.4	27.7	25.6	23.6
2018/01/11 16:05:46	75.8	26.8	26.8	44.5	44.5	57.3	57.3	63.1	63.1	62.1	57.4	62.5	60.6	67.6	62.8	57.3	61.1	63.3	64.5	67.1	69.3	66.1	65.3	61.1	62.3	61.3	60.5	57.3	51.6	46.4	43.7	43.3	39.9
2018/01/11 16:05:47	74.5	30.5	30.5	47.4	47.4	60.8	60.8	67.4	67.4	63.9	55.7	62.9	59.3	65.8	63.1	60.0	61.6	60.8	60.4	63.8	68.5	65.8	64.6	60.2	60.1	59.3	60.1	55.0	48.8	43.1	39.8	37.5	33.1
2018/01/11 16:05:48	67.0	28.9	28.9	48.2	48.2	57.0	57.0	61.1	61.1	58.3	52.5	57.4	55.3	58.9	52.8	48.6	52.5	55.3	55.7	58.5	60.6	57.7	56.1	54.0	53.5	51.3	49.1	45.5	38.3	33.1	29.0	26.7	23.3
2018/01/11 16:05:49	72.8	37.2	37.2	51.0	51.0	61.4	61.4	66.1	66.1	64.9	63.2	66.9	60.9	64.2	58.8	56.1	58.7	60.9	61.7	64.0	66.8	62.4	60.9	58.2	59.3	58.2	56.4	54.0	48.4	42.9	44.6	43.8	33.5
2018/01/11 16:05:50	66.8	27.2	27.2	45.9	45.9	56.2	56.2	58.6	58.6	55.3	57.5	61.1	50.2	56.4	52.7	53.4	53.8	55.1	57.1	57.8	59.9	57.7	56.4	53.1	52.0	51.0	48.8	45.5	39.4	32.8	27.5	26.0	23.7
2018/01/11 16:05:51	68.6	28.4	28.4	44.7	44.7	56.2	56.2	57.7	57.7	51.9	53.0	55.6	51.2	55.3	52.2	47.8	51.1	56.2	61.1	60.0	61.8	60.6	57.7	52.7	52.5	51.0	49.3	44.4	36.6	30.4	25.6	24.6	23.0
2018/01/11 16:05:52	77.9	34.8	34.8	50.4	50.4	63.1	63.1	62.8	62.8	58.9	63.4	60.8	57.9	65.6	60.4	56.0	61.5	69.2	71.1	70.5	70.1	68.0	67.1	62.0	62.1	59.8	57.5	54.2	47.0	42.7	38.4	37.7	36.3
2018/01/11 16:05:53	77.5	35.9	35.9	52.4	52.4	64.1	64.1	65.0	65.0	61.2	60.4	60.9	61.3	66.6	64.0	62.0	63.0	65.7	70.0	70.9	69.9	67.3	66.7	62.9	61.6	59.3	57.2	53.6	46.7	41.3	36.0	35.6	32.2
2018/01/11 16:05:54	71.2	34.4	34.4	49.4	49.4	62.1	62.1	63.0	63.0	58.8	59.2	60.3	56.3	60.8	58.7	52.0	56.7	60.5	63.3	62.3	64.3	62.4	59.8	56.5	55.3	54.7	52.5	47.1	41.0	34.0	29.9	27.6	24.3
2018/01/11 16:05:55	77.0	37.7	37.7	55.5	55.5	68.2	68.2	68.0	68.0	62.1	63.0	64.4	61.5	66.6	62.4	60.5	62.8	65.5	67.7	70.8	69.6	67.7	64.9	61.4	61.6	61.7	58.7	54.5	48.5	44.0	39.5	35.4	31.7
2018/01/11 16:05:56	68.4	29.0	29.0	46.5	46.5	56.8	56.8	57.5	57.5	56.6	56.2	58.8	57.4	59.3	52.7	52.0	57.3	57.1	58.5	61.3	62.3	58.2	56.9	52.6	51.7	51.2	48.8	44.1	38.6	31.1	27.0	24.4	22.3
2018/01/11 16:05:57	62.8	27.8	27.8	44.0	44.0	56.1	56.1	57.1	57.1	55.5	54.7	54.1	49.1	53.6	48.9	46.0	50.8	50.4	53.8	55.9	56.2	52.9	50.2	47.5	47.2	46.1	42.5	37.3	31.1	25.4	22.6	22.3	21.2
2018/01/11 16:05:58	66.8	28.7	28.7	44.6	44.6	58.1	58.1	61.8	61.8	58.7	58.6	58.6	56.1	55.6	53.9	50.6	52.4	54.5	57.8	62.6	58.9	55.0	53.6	50.4	49.7	48.7	46.5	40.8	34.9	29.7	26.3	24.2	22.3
2018/01/11 16:05:59	69.4	29.3	29.3	46.9	46.9	58.0	58.0	59.6	59.6	56.8	55.3	57.4	52.5	57.3	55.7	53.1	53.3	57.6	61.1	64.2	61.6	57.8	57.4	54.1	53.4	53.0	50.9	47.5	41.9	36.4	32.3	29.6	26.0
2018/01/11 16:06:00	67.0	26.9	26.9	46.1	46.1	54.7	54.7	55.5	55.5	52.1	50.4	54.5	50.5	54.5	50.1	45.3	50.7	55.0	57.1	59.0	60.8	56.8	57.0	54.1	52.1	50.0	47.7	42.8	37.5	32.1	27.6	24.8	22.6
2018/01/11 16:06:01	69.1	27.1	27.1	45.5	45.5	54.1	54.1	55.8	55.8	53.7	52.5	54.3	49.1	55.3	51.1	47.8	52.6	56.7	58.0	59.1	62.6	60.4	61.4	55.6	52.2	50.3	48.0	42.7	34.5	27.4	23.9	22.7	21.4
2018/01/11 16:06:02	77.5	29.1	29.1	47.4	47.4	57.7	57.7	60.3	60.3	59.8	60.4	61.4	55.7	62.8	60.9	55.9	60.8	67.2	68.8	68.5	71.4	68.4	67.1	62.9	61.3	59.2	58.1	53.4	46.3	40.9	37.5	36.0	33.3
2018/01/11 16:06:03	75.4	33.7	33.7	54.7	54.7	64.3	64.3	65.2	65.2	60.7	56.5	60.2	56.3	63.3	64.0	61.1	60.6	64.5	65.9	67.8	67.7	66.2	65.7	61.4	59.3	58.2	55.8	52.2	45.8	39.7	36.2	36.2	32.2
2018/01/11 16:06:04	65.6	31.4	31.4	50.9	50.9	60.8	60.8	62.3	62.3	58.3	54.8	55.1	52.1	55.2	54.4	50.2	54.6	54.8	56.7	57.0	58.5	56.4	54.4	51.1	50.4	49.3	48.2	43.0	35.4	28.7	24.8	23.8	22.8
2018/01/11 16:06:05	61.3	29.5	29.5	46.8	46.8	57.8	57.8	58.4	58.4	56.0	56.3	53.3	51.7	54.7	49.0	47.2	49.7	52.3	52.9	52.3	54.3	50.7	49.8	46.5	45.3	44.2	41.6	36.7	28.2	23.0	21.6	22.3	21.5
2018/01/11 16:06:06	60.0	30.5	30.5	46.0	46.0	57.3	57.3	57.3	57.3	56.9	57.7	56.1	52.1	54.8	48.1	49.6	48.2	51.4	50.3	51.6	52.6	48.6	48.2	45.0	43.9	42.4	39.1	33.3	25.2	21.8	21.3	22.5	21.6
2018/01/11 16:06:07	61.8	33.0	33.0	48.7	48.7	60.7	60.7	62.0	62.0	59.1	59.0	57.6	51.9	56.8	49.7	49.5	49.0	52.3	52.0	52.0	54.3	50.5	51.8	48.9	47.0	45.4	41.2	34.7	27.1	22.9	21.9	22.5	21.7
2018/01/11 16:06:08	65.0	34.5	34.5	49.8	49.8	61.9	61.9	63.0	63.0	61.4	61.7	57.9	52.1	61.5	52.3	51.5	51.2	56.9	55.7	54.8	56.2	52.7	55.8	52.5	50.8	49.2	45.7	39.3	31.3	25.7	22.7	22.8	21.6
2018/01/11 16:06:09	69.1	36.1	36.1	51.3	51.3	63.7	63.7	64.0	64.0	64.3	67.4	62.3	58.2	66.4	54.6	55.0	54.5	59.0	59.4	58.7	62.4	58.0	59.1	55.0	54.5	53.5	50.4	44.6	36.8	30.3	26.0	24.4	22.3
2018/01/11 16:06:10	75.7	41.4	41.4	57.6	57.6	69.3	69.3	69.3	69.3	72.0	73.8	72.7	68.5	73.7	61.9	59.0	61.3	67.4	66.5	65.4	68.5	62.6	63.5	60.7	61.5	60.6	58.8	54.1	47.3	42.4	39.6	37.6	33.9
2018/01/11 16:06:11	79.9	45.9	45.9	64.4	64.4	74.2	74.2	72.2	72.2	73.7	75.5	79.3	71.7	74.7	69.3	66.5	66.6	69.3	70.5	69.5	71.4	67.1	67.2	65.8	67.4	68.1	66.8	62.9	56.6	50.9	48.2	47.1	43.9
2018/01/11 16:06:12	78.0	42.9	42.9	62.8	62.8	72.4	72.4	71.8	71.8	70.2	68.9	74.1	69.1	72.7	65.5	65.4	66.9	70.1	68.6	68.2	70.1	67.4	67.6	63.4	62.8	62.2	60.2	56.2	50.8	44.8	41.1	37.8	34.1
2018/01/11 16:06:13	78.3	44.3	44.3	62.9	62.9	72.8	72.8	72.0	72.0	71.8	72.3	68.6	67.5	71.3	67.0	68.4	67.2	70.2	70.2	69.2	69.4	67.1	66.3	65.0	64.3	63.5	61.6	57.7	51.8	47.7	44.1	40.0	36.2
2018/01/11 16:06:14	75.8	44.7	44.7	59.8	59.8	71.5	71.5	71.1	71.1	69.4	71.1	69.5	65.9	67.7	60.4	60.1	64.8	69.4	67.9	65.8	67.2	64.5	65.2	61.4	61.3	60.7	58.1	53.4	46.2	40.6	37.6	32.5	29.1
2018/01/11 16:06:15	75.7	41.9	41.9	58.4	58.4	70.1	70.1	70.0	70.0	66.6	71.5	68.8	62.0	66.3	64.2	60.4	62.7	65.5	67.1	67.2	67.5	65.6	65.1	62.4	62.0	60.9	59.0	55.4	47.8	42.8	40.6	37.6	33.9
2018/01/11 16:06:16	73.0	40.1	40.1	56.0	56.0	69.6	69.6	70.6	70.6	60.7	65.3	64.6	60.5	63.6	61.4	57.4	59.0	62.4	63.6	64.3	65.3	63.4	62.8	60.0	58.1	57.4	54.7	50.6	43.4	38.1	34.1	31.5	28.8
2018/01/11 16:06:17	71.4	41.4	41.4	55.5	55.5	70.1	70.1	71.3	71.3	62.5	59.3	59.3	57.5	60.5	57.2	54.5	58.3	61.4	61.8	62.9	63.8	62.4	60.9	58.2	57.0	55.2	53.8	49.2	41.5	36.6	32.4	28.8	26.6
2018/01/11 16:06:18	74.9	45.9	45.9	60.2	60.2	74.5	74.5	75.6	75.6	65.6	63.1	63.9	60.1	63.0	60.5	55.9	61.9	65.0	65.0	66.8	66.8	64.7	64.9	61.8	60.7	60.6	59.7	55.7	49.0	45.2	41.7	37.5	35.3
2018/01/11 16:06:19	74.7	44.2	44.2	60.8	60.8	73.3	73.3	73.1	73.1	62.7	62.6	62.0	60.9	65.1	64.6	60.2	61.5	64.8	66.0	66.2	66.6	64.3	63.6	60.5	60.6	60.5	59.4	56.8	50.3	45.7	42.0	38.9	36.0
2018/01/11 16:06:20	71.0	36.5	36.5	51.2	51.2	63.4	63.4	64.5	64.5	58.8	57.7	59.9	55.7	60.4	57.9	55.2	57.1	59.9	59.9	62.8	62.9	61.1	61.8	58.7	57.4	56.1	54.0	50.1	43.2	37.7	35.9	30.4	27.1
2018/01/11 16:06:21	68.8	40.4	40.4	53.3	53.3	66.5	66.5	66.9	66.9	57.8	55.2	56.0	54.7	57.7	55.3	52.6	55.6	57.3	58.2	59.7	61.0	59.8	59.3	56.8	54.7	52.8	50.5	46.0	39.0	32.7	28.6	26.2	23.7
2018/01/11 16:06:22	69.6	30.0	30.0	49.5	49.5	60.8	60.8	61.6	61.6	58.1	57.1	58.1	55.9	59.3	57.1	53.1	55.2	58.1	59.1	59.6	60.2	61.7	61.0	57.8	56.0	54.2	52.4	47.9	41.7	34.7	31.0	28.5	26.8
2018/01/11 16:06:23	73.6	32.8	32.8	47.9	47.9	60.5	60.5	63.5	63.5	60.1	58.2	59.5	56.2	60.4	59.1	55.6	58.3	64.2	63.5	63.3	66.4	65.0	63.2	61.3	58.9	57.8	56.5	52.7	45.7	40.2	36.7	34.6	31.4
2018/01/11 16:06:24	77.1	34.1	34.1	47.0	47.0	61.0	61.0	65.9	65.9	63.7	61.0	63.7	58.5	65.5	63.6	59.3	61.9	65.6	67.3	69.5	70.5	67.9	66.9	63.0	61.1	59.5	58.1	54.7	48.4	43.3	39.7	37.5	34.1
2018/01/11 16:06:25	67.8	29.3	29.3	48.3	48.3	59.3	59.3	60.1	60.1	55.2	54.9	60.3	54.8	58.5	57.0	54.1	53.8	56.1	57.3	58.7	60.3	59.3	58.3	54.3	52.2	51.1	49.3	44.3	38.8	32.5	28.6	25.7	23.6
2018/01/11 16:06:26	64.3	35.4	35.4	52.7	52.7	61.2	61.2	61.8	61.8	61.6	59.7	60.6	54.4	57.2	54.1	48.8	49.5	53.7	56.0	56.3	55.9	55.8	52.8	49.2	48.1	46.9	44.3	39.3	33.7	27.3	23.8	22.7	21.8
2018/01/11 16:06:27	66.2	33.4	33.4	51.1	51.1	62.6	62.6	64.2	64.2	60.1	58.2	58.3	52.7	58.5	55.8	48.8	50.8	55.7	58.6	59.2	56.8	58.2	53.8	50.7	49.9	48.0	45.3	40.5	33.9	26.7	24.7	23.2	22.0
2018/01/11 16:06:28	76.6	38.3	38.3	53.4	53.4	64.5	64.5	63.6	63.6	59.4	59.5	63.3	59.1	67.3	64.0	59.7	59.1	63.9	68.9	72.0	68.2	65.6	62.8	58.5	60.0	60.9	58.1	53.4	47.1	42.6	41.1	39.0	37.0
2018/01/11 16:06:29	73.1	30.6	30.6	52.2	52.2	61.0	61.0	60.8	60.8	59.1	56.2	59.8	57.6	63.3	59.9	58.4	61.1	62.4	65.8	66.2	65.7	64.2	59.7	56.2	55.1	55.6	53.5	49.3	44.0	37.5	35.2	32.2	30.4
2018/01/11 16:06:30	73.5	33.3	33.3	59.3	59.3	65.8	65.8	61.8	61.8	62.1	60.8	63.1	60.1	63.0	59.6	57.7	59.8	63.6	68.0	67.0	64.9	63.2	58.5	57.8	56.8	55.4	54.4	50.3	43.3	37.4	34.0	33.4	28.8
2018/01/11 16:06:31	72.5	30.6	30.6	49.6	49.6	58.8	58.8	61.0	61.0	59.6	56.0	58.9	57.0	60.9	57.7	57.5	58.9	60.2	63.2	65.4	65.1	64.3	60.6	57.7	56.8	56.0	54.7	49.8	42.5	37.7	34.0	32.4	27.5
2018/01/11 16:06:32	77.8	33.9	33.9	52.1	52.1	63.5	63.5	63.8	63.8	58.7	58.8	63.5	59.5	65.6	65.6	59.8	61.4	64.6	65.1	70.7	70.3	70.3	67.4	63.9	62.6	61.2	57.6	52.4	46.3	42.5	40.2	37.0	31.8
2018/01/11 16:06:33	77.1	35.9	35.9	52.3	52.3	62.4	62.4	65.3	65.3	63.8	62.0	64.5	61.2	67.6	65.6	63.2	63.8	63.5	65.8	68.2	70.0	68.7	68.3	63.0	61.7	60.9	57.2	52.5	46.2	42.0	38.0	33.7	30.0
2018/01/11 16:06:34	72.4	37.9	37.9	55.2	55.2	66.7	66.7	67.9	67.9	67.7	66.5	63.0	59.0	63.7	62.5	58.3	61.1	61.3	62.1	63.9	64.4	63.6	62.0	57.8	56.8	57.0	54.8	49.8	44.0	38.6	34.4	30.4	27.5
2018/01/11 16:06:35	70.6	36.7	36.7	53.3	53.3	67.7	67.7	69.0	69.0	63.6	63.1	62.2	59.3	63.0	60.0	54.9	56.4	59.8	60.5	62.7	61.6	61.5	59.5	57.5	56.9	55.9	53.6	48.3	41.1	35.2	31.4	28.1	25.3
2018/01/11 16:06:36	72.3	31.1	31.1	51.0	51.0	61.2	61.2	64.5	64.5	61.0	59.6	62.8	57.5	63.9	60.9	56.1	56.8	60.9	63.2	64.7	63.6	64.7	60.3	58.0	57.3	56.7	53.5	48.9	41.8	35.5	30.4	26.8	24.3
2018/01/11 16:06:37	76.6	39.6	39.6	57.7	57.7	64.2	64.2	64.8	64.8	63.0	61.3	64.5	61.6	66.4	64.8	60.7	61.8	65.1	67.2	69.8	70.1	67.3	63.5	61.2	59.9	59.5	57.4	53.6	47.3	42.8	38.1	33.6	29.4
2018/01/11 16:06:38	75.5	34.0	34.0	56.9	56.9	63.7	63.7	62.2	62.2	60.8	60.3	62.7	60.1	66.1	61.7	57.9	59.4	64.8	68.0	67.9	65.7	67.4	63.7	60.8	61.4	60.7	58.5	53.4	47.1	42.7	38.8	36.5	33.2
2018/01/11 16:06:39	74.5	38.2	38.2	53.9	53.9	63.0	63.0	65.8	65.8	64.7	63.6	64.5	61.5	64.4	61.5	58.5	58.8	62.3	64.9	66.7	67.0	66.7	63.5	60.5	59.1	57.8	56.1	51.6	44.7	39.4	35.3	32.6	29.3
2018/01/11 16:06:40	77.9	39.7	39.7	57.9	57.9	67.2	67.2	69.1	69.1	68.8	66.8	68.3	67.0	69.6	64.9	60.4	61.6	67.6	70.7	71.6	69.2	68.8	65.4	61.6	60.8	59.8	58.3	55.1	48.2	42.3	40.4	36.1	32.1
2018/01/11 16:06:41	75.4	35.2	35.2	55.3	55.3	62.8	62.8	63.6	63.6	64.3	64.8	66.1	62.6	66.3	64.6	61.5	61.2	64.1	66.9	68.4	66.7	67.3	63.7	59.5	58.9	58.8	56.8	52.6	46.7	40.5	37.6	34.7	31.5
2018/01/11 16:06:42	76.6	36.3	36.3	61.4	61.4	69.4	69.4	67.9	67.9	64.3	62.3	64.3	63.2	67.3	65.2	60.2	61.9	65.5	69.3	70.4	69.1	66.9	64.2	60.0	59.2	58.1	56.7	52.5	45.9	41.1	37.9	35.5	31.5
2018/01/11 16:06:43	75.8	34.8	34.8	55.1	55.1	63.3	63.3	62.3	62.3	62.3	60.7	63.2	62.1	68.6	64.1	61.1	63.1	64.6	68.1	69.1	68.1	65.9	63.8	59.3	58.3	58.9	57.7	54.8	48.5	42.8	38.9	37.5	33.2
2018/01/11 16:06:44	74.9	37.4	37.4	55.1	55.1	64.6	64.6	64.4	64.4	60.1	58.9	64.4	62.7	66.3	63.3	60.8	59.7	64.9	68.1	68.6	66.7	65.3	61.3	57.3	58.3	58.3	56.1	51.2	44.3	39.4	35.5	33.7	28.3
2018/01/11 16:06:45	72.6	39.3	39.3	59.6	59.6	68.2	68.2	65.4	65.4	58.9	57.0	61.7	57.3	61.4	59.5	57.2	60.0	61.6	63.5	64.3	65.0	64.3	61.2	57.2	57.1	57.9	57.2	51.6	45.3	40.3	37.5	35.9	31.3
2018/01/11 16:06:46	74.6	35.4	35.4	57.8	57.8	62.9	62.9	60.9	60.9	59.2	56.1	59.4	57.4	63.6	63.0	59.0	61.2	63.8	67.9	67.9	66.3	65.6	62.2	57.9	57.4	56.5	54.1	49.9	43.4	38.5	36.3	35.8	30.3
2018/01/11 16:06:47	72.4	37.9	37.9	54.3	54.3	59.5	59.5	58.1	58.1	55.9	53.9	57.9	54.5	61.9	59.5	55.8	59.2	60.8	63.5	65.4	64.5	65.1	60.8	56.7	54.4	53.0	50.6	45.3	38.8	32.6	29.5	27.7	24.1
2018/01/11 16:06:48	76.5	44.6	44.6	59.3	59.3	63.2	63.2	65.5	65.5	63.0	58.6	62.8	60.5	67.7	63.6	60.7	60.9	63.6	68.7	70.3	67.6	68.4	64.7	60.1	60.7	59.1	57.0	53.0	46.9	41.3	39.8	36.7	33.2
2018/01/11 16:06:49	75.7	40.4	40.4	54.2	54.2	64.4	64.4	66.0	66.0	62.3	60.6	62.7	61.8	67.9	64.5	60.8	61.9	64.3	67.4	68.3	67.4	66.8	64.5	60.9	60.2	60.1	58.1	54.0	48.5	47.2	44.0	42.3	36.5
2018/01/11 16:06:50	79.6	39.3	39.3	58.3	58.3	68.3	68.3	67.4	67.4	63.3	61.8	63.8	61.9	68.3	64.0	63.0	63.6	66.7	69.6	70.7	71.1	70.7	70.3	68.3	66.9	64.8	61.7	58.1	51.6	47.1	43.9	40.9	36.7
2018/01/11 16:06:51	77.7	39.7	39.7	54.1	54.1	65.9	65.9	68.6	68.6	64.2	64.2	65.3	58.6	64.5	63.9	61.7	62.8	64.7	68.0	68.9	70.1	68.3	68.5	65.1	64.4	62.1	59.5	55.3	48.7	43.4	39.4	37.0	33.4
2018/01/11 16:06:52	75.2	39.1	39.1	55.9	55.9	66.7	66.7	68.9	68.9	66.2	64.1	66.1	61.0	66.2	64.4	60.0	61.0	63.6	66.0	68.1	66.8	66.4	63.9	61.1	61.0	59.1	56.7	53.0	47.1	40.4	38.1	35.9	34.3
2018/01/11 16:06:53	76.5	37.5	37.5	65.3	65.3	71.4	71.4	70.5	70.5	69.6	65.5	67.2	62.9	67.8	66.0	61.0	62.0	63.1	65.5	68.7	69.0	66.8	66.6	62.6	63.1	61.5	59.9	56.8	51.5	46.5	42.6	40.6	38.4
2018/01/11 16:06:54	73.0	36.8	36.8	61.7	61.7	67.4	67.4	65.7	65.7	63.8	60.7	60.9	58.6	62.9	61.0	56.9	58.2	61.6	63.7	65.4	65.0	64.0	62.2	60.2	58.7	57.6	55.3	50.9	45.0	38.7	36.0	31.1	28.8
2018/01/11 16:06:55	72.4	33.5	33.5	52.6	52.6	60.8	60.8	61.3	61.3	60.4	57.5	61.0	59.5	60.9	59.8	56.4	56.6	59.7	62.4	64.6	64.9	63.9	61.2	58.0	58.5	58.9	55.1	50.8	44.6	39.9	38.3	37.5	32.4
2018/01/11 16:06:56	70.8	33.6	33.6	50.1	50.1	58.8	58.8	59.7	59.7	58.7	55.3	59.4	59.6	62.7	59.9	56.9	56.2	59.1	60.5	62.4	62.5	63.0	59.8	57.1	56.2	56.2	53.5	49.3	43.1	38.0	35.0	32.9	29.7
2018/01/11 16:06:57	72.0	36.6	36.6	53.8	53.8	63.2	63.2	68.3	68.3	68.5	63.9	65.0	59.5	63.1	60.2	55.7	55.8	60.5	61.6	64.4	62.3	62.3	61.0	58.7	58.9	59.1	57.6	55.0	47.9	42.4	40.5	39.4	34.9
2018/01/11 16:06:58	68.7	33.4	33.4	49.5	49.5	57.9	57.9	61.6	61.6	60.5	56.9	59.2	51.9	59.6	57.9	53.1	56.4	56.7	57.9	60.9	59.9	61.1	57.3	54.6	53.8	52.9	52.0	47.3	41.2	34.9	32.7	29.9	26.3
2018/01/11 16:06:59	73.7	34.0	34.0	52.8	52.8	61.1	61.1	60.4	60.4	58.0	56.5	59.7	57.0	64.7	63.0	59.0	59.5	62.0	64.3	66.5	65.6	65.1	62.8	57.4	58.6	57.8	55.7	51.1	44.9	40.8	37.3	35.3	33.5
2018/01/11 16:07:00	74.4	36.9	36.9	58.0	58.0	65.6	65.6	63.8	63.8	62.4	60.8	62.7	59.6	66.0	64.7	59.0	60.2	63.2	65.3	69.1	65.2	65.4	62.1	57.6	57.1	57.4	55.7	52.0	44.7	38.7	34.5	32.8	30.0
2018/01/11 16:07:01	76.4	38.6	38.6	54.9	54.9	62.5	62.5	63.4	63.4	63.6	63.8	64.0	59.8	67.4	66.7	64.0	63.8	65.2	69.2	70.1	67.7	65.2	64.1	60.3	60.7	61.3	59.8	57.2	49.6	44.1	39.1	37.3	32.1
2018/01/11 16:07:02	71.5	33.8	33.8	52.0	52.0	62.0	62.0	64.4	64.4	61.4	59.0	60.0	56.5	60.7	56.9	54.6	57.5	62.2	65.8	64.2	62.6	60.9	58.8	56.0	56.0	55.4	53.4	50.0	42.7	37.8	33.5	30.1	26.2
2018/01/11 16:07:03	65.5	31.1	31.1	47.8	47.8	59.0	59.0	61.3	61.3	57.1	52.5	53.2	50.4	56.7	53.6	49.3	50.7	56.2	58.7	59.0	56.8	55.9	51.9	50.5	49.6	48.3	47.1	43.6	35.6	30.7	27.6	26.7	24.4
2018/01/11 16:07:04	62.8	32.1	32.1	47.7	47.7	57.2	57.2	58.2	58.2	56.4	54.2	53.3	48.5	51.9	49.1	45.7	46.7	50.5	55.8	56.5	54.3	53.6	51.0	47.2	45.7	44.2	42.5	39.8	31.0	27.2	25.0	25.2	23.8
2018/01/11 16:07:05	62.1	26.2	26.2	42.1	42.1	50.0	50.0	50.7	50.7	46.9	45.2	48.9	45.7	49.8	48.0	45.0	47.9	49.7	53.7	56.6	54.4	52.9	49.6	46.1	45.0	44.0	42.2	37.5	29.9	26.1	22.8	23.0	22.2
2018/01/11 16:07:06	62.9	26.5	26.5	41.0	41.0	50.3	50.3	51.3	51.3	49.0	46.8	47.7	43.3	52.2	51.0	49.3	51.1	50.5	51.8	54.6	56.0	55.6	52.2	48.3	46.1	43.7	42.5	35.6	28.4	23.3	22.1	22.6	21.6
2018/01/11 16:07:07	66.9	25.6	25.6	42.1	42.1	51.2	51.2	53.6	53.6	51.9	49.3	51.5	47.8	54.4	52.7	51.8	53.7	52.2	54.8	56.0	59.2	60.9	57.4	54.7	50.8	50.1	45.6	39.8	32.1	25.9	23.2	22.5	21.6
2018/01/11 16:07:08	73.1	24.1	24.1	44.1	44.1	54.3	54.3	57.6	57.6	56.8	55.0	57.2	54.2	60.9	61.3	57.4	60.1	59.5	61.2	62.9	66.0	66.8	61.6	61.0	58.2	55.9	52.6	46.9	39.8	34.4	30.1	27.2	24.1
2018/01/11 16:07:09	76.7	31.0	31.0	46.8	46.8	58.6	58.6	62.4	62.4	62.9	60.3	62.7	61.2	65.6	64.2	61.4	64.0	63.0	65.4	66.9	70.8	69.2	64.1	62.6	62.1	59.6	58.1	54.0	47.3	42.4	38.3	36.0	31.9
2018/01/11 16:07:10	72.1	29.4	29.4	46.9	46.9	57.8	57.8	59.4	59.4	57.7	58.8	58.4	55.8	63.6	61.2	60.1	61.6	59.9	60.5	62.4	64.8	65.6	61.1	56.6	55.5	53.8	51.7	47.0	39.6	33.3	30.1	28.3	23.9
2018/01/11 16:07:11	69.8	28.5	28.5	44.6	44.6	55.1	55.1	58.0	58.0	54.4	51.8	55.1	54.4	58.9	57.0	57.2	57.9	57.6	59.2	61.5	62.5	61.8	57.9	55.5	55.6	54.3	52.2	47.7	41.3	35.0	32.8	29.5	25.6
2018/01/11 16:07:12	69.3	28.2	28.2	47.1	47.1	55.6	55.6	56.5	56.5	55.5	53.6	57.3	56.4	61.6	59.2	58.0	59.1	57.1	58.7	60.8	61.6	61.4	56.6	55.0	54.9	53.4	52.2	48.1	41.3	35.7	31.3	28.9	24.7
2018/01/11 16:07:13	69.3	28.3	28.3	50.8	50.8	58.0	58.0	56.8	56.8	54.4	52.4	58.2	56.4	61.5	59.1	57.2	57.8	56.4	57.5	61.2	62.2	61.2	57.9	55.0	54.7	52.8	50.8	46.0	39.3	33.7	28.7	25.9	23.5
2018/01/11 16:07:14	69.8	29.3	29.3	53.2	53.2	60.6	60.6	58.2	58.2	53.8	52.6	57.0	54.5	61.1	58.9	56.1	57.8	57.4	60.2	61.0	62.2	62.8	58.5	55.1	53.7	52.3	49.7	44.5	37.9	32.0	27.0	25.0	23.5
2018/01/11 16:07:15	75.8	32.7	32.7	59.5	59.5	65.7	65.7	62.1	62.1	57.8	56.3	60.4	59.1	68.3	64.4	63.5	65.9	66.3	68.3	64.3	67.4	68.3	64.2	60.5	59.2	58.8	56.8	53.2	46.0	40.7	35.7	35.4	32.3
2018/01/11 16:07:16	75.0	31.9	31.9	50.4	50.4	59.6	59.6	59.9	59.9	59.3	57.8	62.1	60.7	66.0	64.3	64.3	65.1	65.0	68.4	66.3	66.3	66.6	62.1	59.0	58.5	57.3	55.8	52.2	45.1	40.1	34.3	33.1	29.4
2018/01/11 16:07:17	72.9	32.2	32.2	53.1	53.1	61.1	61.1	61.3	61.3	59.4	57.4	60.0	57.7	64.8	61.3	60.9	62.0	60.3	62.3	64.5	65.0	66.1	61.7	58.1	56.6	54.6	52.3	47.5	41.5	36.9	32.8	28.7	25.6
2018/01/11 16:07:18	76.6	34.4	34.4	53.9	53.9	61.8	61.8	63.0	63.0	62.4	60.0	63.1	60.4	68.5	65.6	66.3	68.1	65.1	67.8	68.2	70.0	67.1	63.9	61.4	59.5	58.4	56.9	53.1	47.0	41.7	37.0	34.5	33.6
2018/01/11 16:07:19	74.9	40.2	40.2	57.3	57.3	63.2	63.2	61.8	61.8	61.3	61.3	63.6	62.5	66.9	64.8	63.3	64.9	63.5	66.0	66.7	67.6	66.5	62.2	59.7	59.0	56.8	55.9	51.6	45.4	39.8	35.7	33.2	31.2
2018/01/11 16:07:20	74.2	37.5	37.5	55.6	55.6	62.6	62.6	62.5	62.5	61.1	59.5	62.8	61.3	65.3	63.3	61.8	62.7	60.1	64.6	66.2	66.5	66.1	62.6	60.0	60.0	57.0	56.1	50.5	44.1	39.2	34.8	32.8	29.7
2018/01/11 16:07:21	71.0	29.8	29.8	48.9	48.9	58.7	58.7	62.9	62.9	59.3	57.5	60.6	58.3	62.4	61.5	58.6	58.0	57.5	58.5	61.3	63.4	63.9	59.8	58.3	56.9	55.3	52.9	47.2	40.1	33.8	29.2	26.4	24.1
2018/01/11 16:07:22	74.3	33.0	33.0	51.0	51.0	60.3	60.3	62.3	62.3	61.2	58.0	62.7	60.8	67.3	66.2	62.9	61.6	61.8	63.1	63.4	66.5	67.7	63.1	59.8	58.4	58.5	54.8	49.6	43.6	39.9	37.1	34.4	31.7
2018/01/11 16:07:23	75.9	36.1	36.1	54.5	54.5	62.2	62.2	63.5	63.5	64.5	63.1	65.3	63.2	70.1	68.8	65.4	66.3	64.5	65.4	65.5	67.4	68.6	63.5	62.3	60.8	60.3	57.5	54.2	47.3	42.5	38.5	35.8	32.4
2018/01/11 16:07:24	75.1	37.8	37.8	53.2	53.2	64.3	64.3	65.6	65.6	62.9	63.8	65.3	61.0	68.1	66.7	64.7	64.6	63.4	63.5	65.5	67.1	67.2	62.3	61.2	61.1	60.2	58.8	54.1	47.2	43.0	41.4	37.1	33.2
2018/01/11 16:07:25	74.9	36.4	36.4	55.8	55.8	65.8	65.8	68.5	68.5	67.4	65.6	66.0	61.5	69.3	67.4	66.3	67.3	65.6	64.8	64.3	65.8	66.3	62.2	60.1	59.8	59.5	57.8	52.2	45.3	40.3	37.8	36.6	32.6
2018/01/11 16:07:26	72.9	40.9	40.9	57.3	57.3	68.3	68.3	70.8	70.8	66.9	66.1	69.0	66.3	71.2	69.2	67.7	65.8	63.5	64.2	61.7	61.9	62.4	55.8	55.1	55.5	55.7	54.8	50.9	43.0	39.5	34.7	32.2	30.5
2018/01/11 16:07:27	68.2	32.1	32.1	51.0	51.0	59.2	59.2	61.7	61.7	60.7	63.2	63.6	59.1	65.8	60.8	57.6	56.5	60.9	56.3	57.0	59.3	59.1	55.8	53.8	53.7	53.4	51.9	47.2	40.1	33.4	29.4	27.4	25.7
2018/01/11 16:07:28	67.4	29.2	29.2	46.2	46.2	55.1	55.1	58.8	58.8	57.4	57.6	59.1	55.1	60.2	56.9	55.2	56.4	55.3	54.6	58.5	59.5	60.4	55.6	52.7	52.2	52.1	49.6	44.0	36.5	29.9	25.7	24.4	22.5
2018/01/11 16:07:29	70.5	31.3	31.3	48.9	48.9	59.4	59.4	62.1	62.1	59.6	58.5	59.2	57.2	62.8	62.3	58.5	57.1	56.5	59.3	60.8	62.5	63.1	59.4	57.0	55.3	56.2	53.6	50.0	43.3	36.6	33.4	31.5	26.9
2018/01/11 16:07:30	74.8	36.2	36.2	51.7	51.7	65.3	65.3	68.9	68.9	65.8	62.5	64.3	62.1	67.9	64.2	62.6	63.3	61.6	63.0	62.0	67.0	67.3	64.3	60.7	60.3	61.2	60.2	57.3	50.8	44.6	42.1	40.8	35.8
2018/01/11 16:07:31	72.9	33.0	33.0	50.5	50.5	58.3	58.3	61.2	61.2	59.9	58.2	59.9	55.9	62.2	60.9	59.5	61.5	59.1	59.5	62.5	63.7	66.1	63.9	60.7	60.0	56.6	54.2	49.1	41.1	34.2	29.4	26.6	23.7
2018/01/11 16:07:32	75.9	34.9	34.9	49.1	49.1	61.0	61.0	64.8	64.8	60.9	59.0	62.9	60.0	66.3	64.8	63.6	65.8	63.3	64.5	64.8	67.1	69.2	65.5	63.3	61.7	60.1	57.3	51.6	44.2	39.1	35.0	32.0	28.7
2018/01/11 16:07:33	75.2	33.8	33.8	50.6	50.6	63.0	63.0	66.7	66.7	62.3	58.9	64.9	61.1	69.5	66.7	66.1	69.0	63.3	62.1	63.4	66.8	67.9	64.4	60.6	58.7	58.4	56.6	52.5	46.4	41.6	40.2	37.3	36.3
2018/01/11 16:07:34	75.7	36.0	36.0	56.6	56.6	66.1	66.1	68.2	68.2	63.8	62.5	66.8	64.9	71.1	67.5	68.0	66.5	63.0	66.2	64.7	67.5	67.3	63.6	60.2	59.1	59.9	59.7	55.7	48.5	44.2	42.3	38.9	36.1
2018/01/11 16:07:35	73.6	30.6	30.6	54.8	54.8	62.2	62.2	62.8	62.8	61.6	60.3	63.0	60.6	66.7	63.9	63.2	64.0	60.5	61.4	62.4	65.3	67.0	62.8	59.1	57.7	58.7	57.9	52.9	46.9	42.0	38.2	34.2	30.4
2018/01/11 16:07:36	74.5	32.1	32.1	51.9	51.9	61.0	61.0	62.4	62.4	58.7	56.9	63.8	60.6	68.1	65.3	63.4	63.7	62.5	63.4	64.7	66.6	67.3	64.2	59.4	58.5	58.1	55.8	52.2	45.7	40.0	37.5	35.9	32.3
2018/01/11 16:07:37	68.6	31.3	31.3	48.1	48.1	58.3	58.3	60.3	60.3	56.9	55.1	58.3	54.2	61.9	59.3	57.4	57.7	55.9	58.2	59.6	60.3	61.1	57.2	55.3	53.3	52.4	51.2	46.2	39.4	33.8	29.1	26.0	23.4
2018/01/11 16:07:38	68.1	29.6	29.6	48.3	48.3	57.9	57.9	59.8	59.8	57.2	56.0	59.0	55.5	61.9	57.7	56.0	57.3	56.9	56.9	59.3	60.8	60.1	55.8	53.6	52.4	51.8	50.9	45.2	38.2	32.6	28.1	25.8	23.8
2018/01/11 16:07:39	66.4	26.9	26.9	46.8	46.8	57.9	57.9	61.5	61.5	58.5	54.5	58.6	56.2	59.0	56.9	56.1	54.7	52.7	54.5	57.1	60.0	58.8	53.6	51.7	50.9	49.6	48.2	42.9	35.4	29.9	25.7	24.1	22.9
2018/01/11 16:07:40	63.4	33.9	33.9	51.3	51.3	61.2	61.2	62.7	62.7	61.4	60.2	57.8	51.7	56.7	53.7	51.2	51.0	48.4	47.1	50.2	56.7	56.5	52.9	50.6	47.3	45.9	43.3	36.7	29.1	24.8	22.7	22.7	22.0
2018/01/11 16:07:41	64.7	30.6	30.6	50.2	50.2	60.8	60.8	62.6	62.6	59.5	57.1	56.0	50.2	54.9	52.8	51.5	50.0	47.2	47.2	50.7	57.5	58.9	55.5	52.7	48.9	47.4	44.6	37.7	31.2	26.5	24.4	24.2	22.8
2018/01/11 16:07:42	71.1	31.2	31.2	46.1	46.1	56.2	56.2	56.7	56.7	53.1	53.2	56.6	53.3	57.3	57.7	50.4	53.1	55.9	58.2	62.6	62.1	63.9	62.2	60.0	58.0	54.9	52.9	47.9	40.2	35.3	32.1	32.2	27.4
2018/01/11 16:07:43	73.4	33.4	33.4	54.5	54.5	63.4	63.4	61.7	61.7	55.4	54.9	60.0	56.4	63.1	62.9	62.2	61.2	60.5	59.0	62.2	66.9	65.7	63.9	60.6	58.1	55.5	53.8	48.4	41.6	36.4	33.8	35.1	28.9
2018/01/11 16:07:44	64.9	30.2	30.2	45.3	45.3	58.2	58.2	61.1	61.1	53.8	49.7	53.1	51.9	56.8	53.8	55.0	52.5	52.0	55.7	56.7	55.5	56.9	55.1	53.2	48.8	44.9	42.6	36.7	28.9	24.3	22.6	22.8	21.4
2018/01/11 16:07:45	69.1	29.7	29.7	47.8	47.8	61.0	61.0	62.5	62.5	56.0	55.2	56.8	54.4	61.5	56.0	51.3	51.3	55.6	60.7	63.8	59.5	61.7	56.3	52.7	51.4	48.7	46.9	42.3	34.3	29.2	25.5	25.5	22.6
2018/01/11 16:07:46	73.1	35.5	35.5	48.3	48.3	62.3	62.3	63.1	63.1	58.4	58.8	62.8	60.1	65.1	62.7	62.6	60.6	60.8	63.6	67.6	65.5	64.1	59.7	56.1	54.6	52.5	51.4	46.6	39.1	33.9	30.6	29.2	25.8
2018/01/11 16:07:47	70.1	39.4	39.4	55.4	55.4	67.4	67.4	66.8	66.8	59.3	60.5	61.0	58.9	61.4	59.3	53.6	55.0	57.9	62.1	65.3	60.2	61.3	56.1	53.0	52.8	50.4	48.9	46.3	38.3	31.9	27.7	25.4	23.4
2018/01/11 16:07:48	76.2	45.5	45.5	64.3	64.3	74.1	74.1	71.8	71.8	66.8	66.8	66.0	61.3	67.2	66.5	62.8	61.8	64.6	67.5	70.3	67.0	66.0	64.2	61.3	61.4	60.1	60.0	56.2	49.5	43.8	40.2	37.3	34.9
2018/01/11 16:07:49	77.5	38.3	38.3	55.6	55.6	62.0	62.0	65.1	65.1	65.7	63.0	67.5	62.5	67.7	62.5	61.4	63.3	62.2	62.4	66.2	67.3	70.0	66.9	65.5	67.0	65.3	64.9	62.1	56.1	51.3	48.6	49.1	52.3
2018/01/11 16:07:50	65.9	33.4	33.4	50.1	50.1	58.3	58.3	55.4	55.4	56.7	57.2	60.9	53.1	56.8	53.1	55.2	55.3	56.4	54.3	57.1	55.9	57.5	54.6	53.5	51.9	50.9	51.4	47.5	41.5	34.1	31.8	30.1	32.4
2018/01/11 16:07:51	61.1	31.8	31.8	46.6	46.6	57.2	57.2	57.8	57.8	51.6	52.7	53.6	47.5	51.8	48.6	47.3	50.8	49.4	50.4	53.5	51.0	53.0	51.5	48.3	45.5	43.9	43.3	39.1	32.2	26.1	22.9	23.2	22.8
2018/01/11 16:07:52	62.4	31.8	31.8	48.7	48.7	59.0	59.0	60.0	60.0	55.8	56.3	56.5	48.8	51.9	47.7	47.1	51.1	49.6	51.5	53.7	52.9	53.7	52.4	49.8	48.1	50.2	48.3	42.4	34.3	26.5	22.6	22.7	21.6
2018/01/11 16:07:53	66.4	29.5	29.5	46.0	46.0	56.1	56.1	56.7	56.7	53.8	53.3	53.6	48.3	52.7	51.0	52.3	54.0	53.2	55.1	59.2	57.3	58.0	57.1	52.9	52.7	51.5	48.6	45.0	39.4	32.0	27.9	25.3	23.0
2018/01/11 16:07:54	67.8	35.2	35.2	47.7	47.7	64.8	64.8	67.3	67.3	58.8	57.6	58.4	55.0	59.0	55.9	53.5	54.0	55.3	57.9	60.8	59.9	58.0	56.3	54.4	53.9	53.0	52.3	47.1	40.8	36.0	32.8	31.7	28.7
2018/01/11 16:07:55	64.5	30.4	30.4	44.4	44.4	59.5	59.5	62.1	62.1	55.5	56.3	57.2	54.3	57.2	50.5	48.0	52.6	55.3	53.9	57.7	54.3	55.5	52.3	51.6	50.5	50.0	49.3	43.0	35.4	30.5	28.0	26.1	23.5
2018/01/11 16:07:56	63.1	27.1	27.1	41.7	41.7	51.7	51.7	56.1	56.1	53.6	52.4	52.9	47.7	55.9	53.0	49.7	52.0	51.0	53.0	56.4	53.6	54.3	51.1	48.8	48.8	48.5	45.4	41.2	33.4	27.2	23.9	23.1	21.8
2018/01/11 16:07:57	66.3	29.3	29.3	46.4	46.4	57.5	57.5	58.8	58.8	55.9	56.5	56.4	51.8	57.5	57.0	52.0	52.3	55.2	59.6	60.5	56.7	54.8	53.3	51.5	51.5	49.8	48.4	44.0	37.4	32.0	28.2	27.0	23.4
2018/01/11 16:07:58	63.7	26.5	26.5	46.3	46.3	57.2	57.2	58.6	58.6	57.4	56.0	59.1	55.9	58.0	51.3	45.9	50.9	54.1	55.8	57.9	53.9	53.9	50.0	48.5	46.6	45.4	45.1	39.7	32.8	28.7	28.6	24.3	22.8
2018/01/11 16:07:59	60.4	25.9	25.9	40.6	40.6	51.6	51.6	52.7	52.7	49.2	47.0	49.2	43.5	50.1	46.3	43.7	46.8	47.5	51.7	54.9	50.7	51.7	49.7	45.9	44.8	43.3	41.2	35.2	26.9	23.1	22.2	22.4	21.5
2018/01/11 16:08:00	62.9	26.4	26.4	42.0	42.0	50.1	50.1	52.7	52.7	52.0	47.9	49.7	46.4	50.0	48.1	44.9	47.0	47.3	51.7	53.9	53.1	55.1	53.0	50.9	48.7	50.5	51.1	42.3	31.6	23.8	21.8	22.5	21.5
2018/01/11 16:08:01	65.3	25.1	25.1	40.4	40.4	49.1	49.1	52.1	52.1	50.4	48.9	51.6	48.3	53.6	52.3	48.6	50.0	51.1	54.0	57.5	54.6	57.7	55.9	53.4	51.5	51.9	49.6	42.6	33.0	25.9	23.0	22.7	21.6
2018/01/11 16:08:02	69.3	27.6	27.6	45.1	45.1	52.9	52.9	55.1	55.1	56.2	55.2	54.3	51.6	57.7	56.9	51.3	53.7	53.7	58.1	62.1	59.8	60.9	60.2	56.4	55.1	55.2	52.8	46.0	38.0	31.5	27.2	25.3	23.2
2018/01/11 16:08:03	74.7	27.9	27.9	45.6	45.6	56.1	56.1	59.5	59.5	58.8	57.1	59.5	55.6	63.4	60.4	55.0	56.9	58.9	64.0	69.3	67.0	64.4	64.7	60.9	60.3	58.2	56.5	51.4	44.7	40.5	38.6	35.6	33.3
2018/01/11 16:08:04	76.4	30.5	30.5	48.3	48.3	56.2	56.2	62.1	62.1	62.6	57.8	60.2	58.3	64.3	60.5	57.3	59.5	62.4	65.4	70.4	68.9	67.1	65.8	63.0	62.2	59.9	58.1	53.1	48.6	45.7	45.2	43.1	40.2
2018/01/11 16:08:05	78.3	27.9	27.9	45.5	45.5	56.7	56.7	62.9	62.9	62.8	59.3	60.0	56.6	64.4	63.0	60.3	60.7	64.6	68.1	72.8	70.8	68.8	67.0	65.2	63.6	60.4	58.3	53.1	47.5	42.4	39.5	37.5	36.1
2018/01/11 16:08:06	77.6	30.6	30.6	46.7	46.7	58.5	58.5	61.4	61.4	58.0	58.1	62.9	58.3	65.9	62.0	59.8	61.4	63.7	67.0	71.4	68.6	69.6	67.4	65.0	62.4	59.4	57.1	54.2	48.9	44.7	41.1	38.5	34.7
2018/01/11 16:08:07	72.5	28.3	28.3	43.8	43.8	55.2	55.2	57.2	57.2	53.3	51.8	55.9	53.1	61.0	59.4	58.6	59.6	59.0	61.6	64.8	64.4	64.7	63.1	59.5	56.1	53.5	51.7	51.2	43.8	39.5	34.8	32.8	28.3
2018/01/11 16:08:08	68.6	25.3	25.3	42.2	42.2	53.2	53.2	55.9	55.9	51.4	50.2	54.3	51.3	55.2	54.4	53.1	54.7	54.2	55.5	60.5	59.0	61.3	61.0	55.9	52.9	50.2	48.0	42.9	35.3	29.2	24.7	23.2	21.6
2018/01/11 16:08:09	75.1	28.8	28.8	49.1	49.1	56.9	56.9	58.5	58.5	59.3	57.0	59.6	56.0	61.3	60.5	56.8	58.6	58.7	64.2	68.9	65.7	66.9	65.5	62.5	61.3	58.6	56.4	51.2	45.6	40.5	37.5	34.6	31.7
2018/01/11 16:08:10	73.6	29.0	29.0	49.6	49.6	59.2	59.2	61.6	61.6	59.8	58.1	60.6	56.6	63.2	61.2	59.6	59.3	59.0	63.2	67.1	65.2	64.9	63.0	61.0	58.7	56.9	54.1	49.0	43.3	36.8	34.3	31.7	30.0
2018/01/11 16:08:11	70.9	31.7	31.7	50.8	50.8	59.0	59.0	60.4	60.4	58.8	56.0	59.6	53.8	61.1	59.3	54.0	57.8	57.9	59.8	64.0	62.3	63.4	60.4	56.9	54.4	53.9	52.1	46.4	38.8	32.6	28.5	25.4	23.3
2018/01/11 16:08:12	78.8	29.2	29.2	46.4	46.4	57.8	57.8	62.0	62.0	59.8	61.6	67.3	62.1	68.9	67.1	64.1	65.4	63.9	67.0	73.1	70.9	70.7	66.9	62.7	63.4	60.9	59.9	55.4	49.2	45.0	41.4	39.5	35.2
2018/01/11 16:08:13	73.3	29.6	29.6	46.3	46.3	58.4	58.4	61.2	61.2	57.8	62.7	66.3	59.0	65.4	63.8	62.8	63.9	62.0	61.2	65.2	65.9	65.2	62.1	57.9	56.0	55.3	54.1	50.3	42.8	37.8	34.5	31.3	28.2
2018/01/11 16:08:14	69.0	29.3	29.3	47.3	47.3	58.8	58.8	59.2	59.2	50.9	54.5	56.6	50.5	56.7	55.7	53.7	55.2	55.5	57.4	61.4	59.8	60.2	57.4	55.1	53.2	52.3	58.6	57.3	37.9	30.9	26.3	24.4	23.0
2018/01/11 16:08:15	76.1	41.2	41.2	54.0	54.0	68.9	68.9	70.3	70.3	63.5	67.3	66.1	60.7	66.7	61.4	59.1	61.2	62.3	66.1	69.3	67.2	65.9	63.4	62.7	62.9	60.7	63.8	64.2	48.6	44.0	38.8	36.6	33.2
2018/01/11 16:08:16	74.6	33.3	33.3	51.4	51.4	64.0	64.0	64.3	64.3	60.0	62.5	62.7	59.0	65.5	62.1	61.1	62.7	63.0	64.5	67.9	66.4	64.7	62.4	60.2	60.6	59.5	61.0	53.0	47.1	42.3	37.6	35.4	32.2
2018/01/11 16:08:17	69.4	28.2	28.2	45.0	45.0	54.2	54.2	55.4	55.4	53.0	54.1	56.0	52.2	59.8	56.1	51.1	54.4	56.1	59.8	63.6	60.1	60.8	58.2	55.6	52.3	52.9	56.1	43.3	34.8	28.3	23.8	23.0	21.6
2018/01/11 16:08:18	75.5	28.0	28.0	44.6	44.6	55.1	55.1	56.8	56.8	54.9	59.5	61.2	59.6	65.5	62.3	58.3	59.2	62.5	66.9	71.5	66.1	64.1	63.9	59.7	57.9	56.6	54.1	50.1	43.3	37.5	33.2	29.7	27.5
2018/01/11 16:08:19	74.7	32.4	32.4	48.6	48.6	57.7	57.7	57.4	57.4	53.0	55.6	59.0	59.1	64.5	62.6	60.6	60.8	62.2	65.8	68.5	66.8	65.5	63.2	60.3	58.8	56.9	55.1	50.9	44.2	38.2	33.9	31.5	29.1
2018/01/11 16:08:20	70.4	31.7	31.7	49.4	49.4	59.7	59.7	62.5	62.5	60.6	59.9	60.2	56.2	60.9	57.9	55.8	57.5	58.1	61.5	63.8	62.5	62.0	59.3	55.4	53.5	52.7	50.2	45.7	38.7	32.5	28.4	25.4	23.2
2018/01/11 16:08:21	70.5	31.4	31.4	52.5	52.5	61.3	61.3	61.0	61.0	55.7	50.6	55.2	54.4	60.1	58.4	54.7	56.6	58.1	60.0	62.5	62.8	62.4	60.8	56.7	54.8	53.8	51.8	47.5	41.2	35.9	32.2	29.2	25.9
2018/01/11 16:08:22	71.0	31.1	31.1	52.4	52.4	58.7	58.7	57.6	57.6	55.2	52.8	55.6	53.1	59.4	57.8	53.5	55.5	57.0	62.0	65.7	63.0	61.2	59.9	56.6	55.2	52.4	50.8	46.3	40.8	34.6	31.1	28.1	25.6
2018/01/11 16:08:23	67.0	31.2	31.2	47.7	47.7	56.2	56.2	57.7	57.7	52.3	49.4	51.7	49.7	56.4	53.6	49.2	51.1	53.6	56.6	60.9	59.5	57.6	56.8	53.8	52.3	48.6	45.7	40.1	33.8	28.6	25.1	24.1	22.8
2018/01/11 16:08:24	68.2	32.1	32.1	52.1	52.1	59.4	59.4	60.0	60.0	54.8	49.6	53.0	51.1	56.4	54.4	51.3	51.6	53.3	56.5	62.5	61.6	59.4	57.3	53.5	51.1	49.6	46.9	41.0	34.4	29.3	24.5	23.4	21.8
2018/01/11 16:08:25	72.4	33.3	33.3	52.4	52.4	59.0	59.0	59.8	59.8	58.3	55.2	54.3	54.6	62.2	59.7	56.0	54.8	57.7	61.4	66.1	66.3	62.1	61.7	58.0	55.9	54.8	53.4	48.7	44.6	39.3	34.4	32.8	30.8
2018/01/11 16:08:26	74.6	39.0	39.0	56.1	56.1	62.3	62.3	60.5	60.5	58.2	58.7	60.6	58.3	67.7	63.9	63.1	63.2	61.9	64.2	67.8	67.0	66.3	62.1	58.3	58.7	57.1	57.2	53.2	47.2	42.3	40.3	37.0	34.7
