DataTime                     	dB(A)	16	20	25	31.5	40	50	63	80	100	125	160	200	250	315	400	500	630	800	1000	1250	1600	2000	2500	3150	4000	5000	6300	8000	10000	12500	16000	20000
2018/01/18 17:39:20	65.9	37.6	37.6	54.8	54.8	65.7	65.7	66.9	66.9	59.4	57.7	59.2	56.1	59.7	58.1	56.8	55.5	56.5	55.7	57.9	56.1	53.6	53.5	52.3	52.9	52.9	51.2	44.7	40.1	36.0	31.1	29.9	28.3
2018/01/18 17:39:21	68.4	37.5	37.5	54.1	54.1	65.0	65.0	65.5	65.5	61.1	56.3	57.5	53.7	59.7	59.2	57.5	58.6	58.7	57.8	61.3	59.9	57.1	56.0	54.3	53.3	54.0	54.2	50.5	43.4	38.9	35.0	33.2	31.5
2018/01/18 17:39:22	61.6	33.0	33.0	48.9	48.9	57.8	57.8	59.2	59.2	59.0	53.4	53.7	51.0	54.9	54.4	52.7	53.4	52.1	52.8	53.7	51.1	49.7	48.3	48.3	46.2	48.5	44.2	39.7	40.0	33.4	33.2	28.8	25.1
2018/01/18 17:39:23	58.5	36.1	36.1	49.6	49.6	59.9	59.9	59.9	59.9	55.0	52.6	53.0	48.7	52.3	51.9	50.0	50.5	49.6	49.8	50.2	47.5	46.9	46.0	44.6	43.0	42.5	41.1	37.0	30.8	27.2	31.1	25.4	24.3
2018/01/18 17:39:24	57.8	34.0	34.0	49.1	49.1	59.1	59.1	59.7	59.7	56.1	52.8	51.8	48.9	52.6	52.4	49.6	50.2	48.8	49.2	48.2	45.9	45.9	44.9	43.1	42.8	43.9	43.3	36.0	28.5	22.9	22.4	22.8	21.6
2018/01/18 17:39:25	56.7	31.3	31.3	49.8	49.8	58.6	58.6	57.9	57.9	52.8	50.5	52.7	49.6	52.1	50.1	48.5	48.5	48.6	49.1	47.4	44.5	44.5	43.3	41.3	40.7	40.8	42.0	36.4	29.4	25.0	22.3	24.3	21.3
2018/01/18 17:39:26	56.3	31.6	31.6	49.3	49.3	59.2	59.2	59.1	59.1	52.9	48.5	53.2	49.2	50.7	49.2	47.5	47.6	47.8	48.9	46.0	44.8	45.4	44.7	42.7	40.7	39.0	35.1	31.5	24.5	22.4	21.7	22.5	21.3
2018/01/18 17:39:27	57.2	33.6	33.6	50.6	50.6	60.6	60.6	60.5	60.5	53.6	49.4	53.9	49.1	51.0	50.0	49.1	48.8	48.2	47.6	48.4	47.0	45.8	46.0	44.4	41.4	40.0	36.4	35.8	26.6	23.9	22.1	22.7	21.5
2018/01/18 17:39:28	60.7	33.9	33.9	51.1	51.1	62.7	62.7	62.5	62.5	54.5	51.8	52.9	48.6	52.5	53.0	52.7	51.2	51.5	53.1	52.2	49.1	49.6	49.4	47.4	46.1	45.5	40.8	44.2	33.6	28.3	23.1	22.3	21.4
2018/01/18 17:39:29	67.6	34.2	34.2	53.0	53.0	64.0	64.0	62.9	62.9	54.0	54.9	56.7	52.9	57.3	55.9	55.8	57.5	58.3	59.3	61.4	54.1	56.4	56.6	54.8	54.6	53.2	48.8	51.1	41.6	33.9	27.6	23.7	22.7
2018/01/18 17:39:30	70.6	37.0	37.0	55.5	55.5	64.7	64.7	63.9	63.9	57.7	58.9	60.2	56.3	62.9	60.0	59.4	60.8	62.7	64.3	64.6	59.5	56.1	55.8	55.6	55.4	55.3	53.9	48.7	43.5	36.2	30.3	28.6	27.3
2018/01/18 17:39:31	62.0	34.8	34.8	51.5	51.5	62.8	62.8	63.1	63.1	55.4	53.8	56.8	53.0	54.3	53.6	52.6	52.4	53.3	53.1	54.4	50.4	50.4	51.0	48.2	50.0	44.3	41.9	40.9	30.3	26.1	23.3	23.8	23.1
2018/01/18 17:39:32	65.9	33.3	33.3	49.6	49.6	61.8	61.8	63.9	63.9	58.1	54.4	59.2	52.6	58.7	59.7	56.0	57.5	59.5	57.8	56.2	51.9	54.0	54.9	51.9	52.9	49.6	47.2	49.8	37.7	32.5	26.7	24.9	22.8
2018/01/18 17:39:33	73.1	34.7	34.7	49.4	49.4	62.3	62.3	67.7	67.7	65.8	59.8	64.7	60.3	66.9	65.2	65.8	65.5	65.4	65.0	62.6	57.3	60.3	60.7	59.6	60.9	60.2	57.5	56.0	49.8	43.8	37.4	39.7	32.3
2018/01/18 17:39:34	76.0	34.2	34.2	52.1	52.1	63.5	63.5	68.8	68.8	68.3	64.2	71.4	63.9	66.4	66.6	65.2	66.5	67.0	69.3	67.8	64.9	62.5	62.0	61.5	63.3	62.4	63.3	58.2	52.2	46.3	44.2	42.7	39.4
2018/01/18 17:39:35	63.0	32.3	32.3	47.7	47.7	59.2	59.2	63.2	63.2	62.2	56.4	62.8	55.3	57.0	56.3	55.2	53.9	53.5	56.1	53.6	50.3	50.1	49.5	49.9	48.5	47.7	45.8	39.9	31.8	25.7	23.2	22.7	21.4
2018/01/18 17:39:36	59.6	31.2	31.2	46.8	46.8	57.9	57.9	58.7	58.7	56.9	55.0	58.9	52.4	54.2	52.1	52.4	51.3	50.6	52.0	50.3	47.3	47.7	46.8	47.1	43.8	43.4	40.9	35.4	25.9	22.0	21.6	22.2	21.1
2018/01/18 17:39:37	58.1	34.7	34.7	47.7	47.7	56.9	56.9	57.7	57.7	57.0	54.0	58.7	53.7	53.5	50.5	50.2	49.0	49.9	49.8	49.5	46.8	45.6	44.5	43.5	42.3	42.1	38.9	35.0	27.6	23.5	22.8	22.6	21.4
2018/01/18 17:39:38	56.6	39.4	39.4	54.1	54.1	58.5	58.5	56.4	56.4	55.2	51.8	56.0	51.5	51.2	51.4	47.9	48.6	48.5	49.3	47.2	44.3	42.9	43.1	41.0	41.5	41.9	38.0	32.3	25.0	22.3	21.9	22.5	21.2
2018/01/18 17:39:39	56.9	38.3	38.3	62.1	62.1	68.0	68.0	63.4	63.4	56.6	52.6	55.1	50.5	52.4	48.9	48.0	51.5	49.4	50.2	47.5	44.4	40.9	41.0	40.4	40.0	40.5	38.9	36.5	29.9	24.7	22.1	22.0	20.8
2018/01/18 17:39:40	57.7	41.7	41.7	56.8	56.8	67.0	67.0	66.1	66.1	58.4	57.0	56.4	51.9	52.6	54.8	47.9	50.7	51.0	48.5	48.5	44.7	43.4	42.1	41.6	41.0	39.9	38.0	33.0	25.9	22.5	21.8	22.0	20.7
2018/01/18 17:39:41	59.1	38.4	38.4	61.5	61.5	70.7	70.7	71.7	71.7	63.8	56.4	57.6	53.1	54.6	56.6	51.7	52.0	50.9	48.7	47.7	43.5	45.5	41.9	41.0	42.7	42.0	40.7	36.3	26.3	23.0	21.5	21.8	21.0
2018/01/18 17:39:42	61.5	41.5	41.5	60.5	60.5	71.4	71.4	72.6	72.6	65.8	57.1	59.2	56.6	59.1	56.1	55.5	54.5	54.0	51.9	49.9	46.8	45.8	47.1	44.4	45.6	46.6	44.4	40.2	33.3	26.8	25.2	23.4	21.1
2018/01/18 17:39:43	65.3	38.9	38.9	54.5	54.5	66.8	66.8	70.5	70.5	68.1	60.0	62.6	59.3	61.9	60.3	57.7	60.0	56.5	56.7	53.5	50.3	49.8	50.4	49.5	51.5	53.0	50.1	46.4	40.8	32.5	25.2	23.5	21.4
2018/01/18 17:39:44	69.9	38.2	38.2	55.4	55.4	65.1	65.1	70.0	70.0	73.5	68.3	66.2	65.1	65.4	63.7	60.0	64.4	61.9	61.5	57.8	54.3	54.4	54.5	55.0	58.1	57.6	54.6	50.7	44.7	37.8	31.2	28.1	25.5
2018/01/18 17:39:45	69.7	42.6	42.6	57.2	57.2	73.0	73.0	76.6	76.6	70.8	64.7	66.7	60.1	63.9	62.3	61.0	63.9	62.5	60.8	58.6	55.1	53.9	55.1	54.6	56.1	57.7	54.9	52.9	47.6	42.6	36.6	31.6	27.3
2018/01/18 17:39:46	72.6	47.2	47.2	60.5	60.5	76.8	76.8	79.4	79.4	71.6	72.3	70.2	62.6	68.0	66.9	62.9	63.8	64.8	63.6	62.6	57.3	56.8	59.2	57.1	60.3	59.8	57.4	57.3	54.2	50.7	43.8	41.5	35.8
2018/01/18 17:39:47	79.1	52.0	52.0	63.7	63.7	83.1	83.1	86.3	86.3	79.4	71.8	71.2	66.0	68.9	72.6	68.6	68.6	69.1	67.7	66.6	67.2	67.2	65.5	64.1	65.9	68.7	68.0	65.3	67.1	62.3	57.6	56.5	49.2
2018/01/18 17:39:48	69.3	40.6	40.6	60.0	60.0	78.2	78.2	82.4	82.4	76.6	67.7	66.8	61.4	64.2	64.1	61.6	60.0	61.4	58.7	56.0	56.5	55.7	54.6	53.4	54.5	55.3	53.5	49.0	47.8	41.2	36.5	35.2	29.0
2018/01/18 17:39:49	69.1	41.9	41.9	59.8	59.8	69.4	69.4	76.4	76.4	76.4	69.5	68.1	64.0	66.4	62.8	61.2	61.2	63.4	58.8	55.0	53.3	54.4	55.7	54.3	54.2	54.7	51.8	48.0	42.6	37.5	30.9	27.3	23.0
2018/01/18 17:39:50	73.4	42.5	42.5	60.5	60.5	72.0	72.0	78.6	78.6	80.2	72.9	71.0	66.5	71.6	66.2	65.1	69.1	66.2	63.8	60.2	55.9	58.9	58.9	57.4	58.0	58.6	56.6	53.8	45.1	45.0	34.6	32.4	28.8
2018/01/18 17:39:51	78.8	52.3	52.3	65.3	65.3	81.5	81.5	88.9	88.9	86.0	75.2	74.0	75.6	73.1	70.9	69.8	71.0	70.4	67.3	65.5	64.2	64.4	65.6	64.7	65.0	67.0	67.2	61.8	57.0	52.3	47.4	45.3	43.7
2018/01/18 17:39:52	71.6	50.0	50.0	62.7	62.7	80.2	80.2	88.3	88.3	84.9	69.3	69.8	68.1	64.7	63.2	60.4	60.7	59.2	55.5	55.1	55.7	56.5	56.7	55.2	54.3	56.6	54.3	49.6	42.6	36.3	30.4	30.5	28.5
2018/01/18 17:39:53	66.9	46.4	46.4	59.3	59.3	71.0	71.0	80.0	80.0	78.5	64.8	68.4	68.4	61.4	57.2	58.1	57.6	55.7	55.0	51.9	50.9	50.3	52.0	51.5	49.9	51.9	48.1	43.8	36.4	29.4	25.9	22.7	21.3
2018/01/18 17:39:54	65.2	39.6	39.6	56.0	56.0	67.6	67.6	71.8	71.8	70.0	62.3	61.8	62.2	60.7	57.2	57.4	57.1	58.2	54.5	51.8	50.2	51.3	53.4	54.4	51.3	50.6	46.8	46.0	37.6	33.8	30.9	24.2	23.0
2018/01/18 17:39:55	68.0	41.5	41.5	57.5	57.5	69.2	69.2	72.9	72.9	70.9	62.6	61.4	58.5	59.4	57.7	59.3	59.9	63.2	57.7	55.0	52.4	55.1	57.1	55.9	54.6	53.7	49.2	49.5	45.3	39.4	36.0	28.0	26.8
2018/01/18 17:39:56	72.6	41.7	41.7	62.1	62.1	70.1	70.1	71.8	71.8	69.4	62.7	61.3	56.9	64.0	62.9	63.3	65.1	65.0	65.3	61.9	59.1	59.3	61.1	58.7	58.0	59.3	59.8	57.2	52.1	48.3	41.8	39.4	38.3
2018/01/18 17:39:57	68.0	38.5	38.5	61.1	61.1	68.0	68.0	68.3	68.3	66.6	61.7	64.1	55.4	61.8	60.6	57.0	59.0	59.3	60.0	59.1	57.9	56.5	54.5	54.0	53.3	53.3	52.9	49.5	42.1	39.2	32.6	31.5	30.4
2018/01/18 17:39:58	64.6	36.3	36.3	55.7	55.7	64.3	64.3	67.2	67.2	65.7	60.7	60.1	54.8	60.0	57.1	58.5	58.7	55.5	54.1	53.2	51.2	52.3	54.2	50.6	50.6	48.5	46.4	47.6	33.5	30.9	27.0	23.7	21.3
2018/01/18 17:39:59	69.0	38.0	38.0	56.5	56.5	66.2	66.2	67.4	67.4	64.2	63.1	64.1	62.9	63.8	63.5	64.3	62.7	60.4	59.2	57.8	53.6	56.6	57.3	54.8	54.8	54.3	51.5	53.1	42.3	40.9	36.6	33.5	26.1
2018/01/18 17:40:00	75.3	37.4	37.4	57.1	57.1	67.8	67.8	69.5	69.5	63.6	61.3	65.6	60.3	67.4	68.8	68.2	69.0	67.8	67.4	66.3	61.3	60.7	61.9	60.4	61.6	62.0	61.0	59.0	53.6	48.6	43.3	40.3	36.2
2018/01/18 17:40:01	65.6	36.1	36.1	53.9	53.9	66.3	66.3	68.8	68.8	64.4	61.1	62.2	56.1	61.4	58.8	57.3	57.4	57.4	58.7	55.5	54.8	53.1	51.8	49.5	49.8	49.8	47.1	44.3	37.9	35.2	29.0	26.1	23.0
2018/01/18 17:40:02	61.4	31.4	31.4	52.2	52.2	60.7	60.7	62.5	62.5	60.8	54.6	58.1	55.4	58.2	55.1	55.2	54.4	53.6	53.3	51.3	48.3	48.4	48.0	46.9	46.2	44.7	41.7	40.1	31.1	27.6	23.2	22.4	21.3
2018/01/18 17:40:03	64.0	39.5	39.5	57.3	57.3	66.7	66.7	65.3	65.3	57.8	53.1	54.6	53.4	60.1	57.1	56.0	57.2	57.0	56.7	52.9	49.7	52.7	51.9	49.3	49.1	47.2	43.5	46.6	37.6	34.3	27.6	23.9	21.7
2018/01/18 17:40:04	69.0	45.6	45.6	61.2	61.2	72.2	72.2	71.4	71.4	62.3	58.3	58.5	55.2	62.9	61.8	59.9	62.3	61.2	61.6	59.0	52.9	56.5	57.5	55.6	55.2	54.4	52.0	51.8	44.6	41.7	37.4	31.5	28.0
2018/01/18 17:40:05	69.0	33.6	33.6	58.8	58.8	65.2	65.2	64.5	64.5	64.2	57.1	57.5	56.4	59.8	58.2	54.8	61.2	60.2	62.4	60.9	56.6	56.5	56.1	55.0	56.8	54.3	54.5	51.2	43.7	40.8	37.9	33.5	30.6
2018/01/18 17:40:06	66.2	29.3	29.3	50.8	50.8	57.1	57.1	58.5	58.5	58.1	56.2	57.2	52.8	57.7	59.3	54.3	55.9	58.2	55.9	55.7	53.0	56.0	56.2	55.4	53.5	52.5	49.2	46.6	39.9	38.0	32.2	30.7	28.4
2018/01/18 17:40:07	72.3	34.2	34.2	50.3	50.3	58.8	58.8	61.6	61.6	61.9	60.2	62.1	59.0	63.6	65.6	62.2	64.7	62.0	62.5	62.8	60.8	60.0	60.9	60.4	59.2	58.8	59.8	53.9	49.9	46.4	42.3	40.8	40.2
2018/01/18 17:40:08	61.9	31.2	31.2	49.4	49.4	58.4	58.4	59.3	59.3	56.1	54.8	55.4	53.7	57.3	57.3	53.1	52.9	51.6	53.2	53.6	52.0	50.6	49.7	46.6	46.0	45.9	44.5	38.9	31.2	26.4	23.6	23.2	21.9
2018/01/18 17:40:09	57.0	33.5	33.5	47.7	47.7	55.0	55.0	55.2	55.2	51.3	53.1	55.5	51.0	53.1	50.5	50.3	49.2	48.3	48.5	47.5	45.6	44.8	44.9	41.8	40.9	40.8	38.2	33.2	27.4	24.0	24.4	24.0	23.0
2018/01/18 17:40:10	55.9	31.3	31.3	48.3	48.3	55.6	55.6	57.6	57.6	55.6	51.6	51.1	48.0	53.7	50.7	47.1	48.7	46.9	47.4	46.3	44.5	43.7	43.9	40.4	39.2	39.2	35.6	31.7	24.2	21.6	21.6	22.0	20.9
2018/01/18 17:40:11	55.0	33.9	33.9	49.0	49.0	58.2	58.2	60.0	60.0	56.5	51.6	51.5	46.1	51.4	49.3	46.8	47.6	46.8	45.2	45.2	43.2	42.6	43.1	40.6	39.2	39.5	36.7	34.0	26.9	23.2	22.8	22.9	21.9
2018/01/18 17:40:12	54.4	30.2	30.2	47.5	47.5	56.5	56.5	56.6	56.6	52.1	50.0	49.8	46.7	50.6	47.2	46.4	48.7	45.7	44.5	43.5	41.8	42.6	43.8	40.8	38.9	39.0	35.8	31.9	24.5	21.9	21.5	22.3	21.1
2018/01/18 17:40:13	54.1	30.0	30.0	48.0	48.0	55.9	55.9	55.1	55.1	51.3	49.0	48.1	46.9	51.8	48.7	47.2	47.3	46.4	45.1	43.8	41.0	41.0	42.5	38.6	38.3	39.2	35.8	31.9	24.8	22.0	21.6	22.0	20.9
2018/01/18 17:40:14	54.3	25.8	25.8	48.2	48.2	56.7	56.7	57.3	57.3	52.4	47.5	50.4	47.7	50.9	47.9	46.5	48.0	47.2	44.4	43.4	40.9	41.7	43.1	39.1	38.3	39.9	36.6	31.4	25.2	23.0	22.1	22.4	21.2
2018/01/18 17:40:15	54.6	31.0	31.0	48.5	48.5	55.3	55.3	54.0	54.0	50.5	47.2	51.8	46.9	51.1	48.3	46.7	50.9	46.1	44.1	43.5	41.3	41.4	43.4	39.0	38.0	38.9	35.7	32.2	26.4	23.1	21.9	22.5	21.6
2018/01/18 17:40:16	53.4	29.5	29.5	43.7	43.7	53.4	53.4	53.8	53.8	49.0	47.2	49.8	45.0	49.6	48.0	47.4	47.7	45.6	43.9	41.8	40.2	40.2	42.4	37.7	36.8	38.1	35.4	30.6	23.9	22.0	21.6	22.0	20.9
2018/01/18 17:40:17	52.4	26.7	26.7	44.0	44.0	54.0	54.0	54.7	54.7	49.9	47.0	47.7	45.0	48.9	46.4	46.6	45.9	43.9	42.9	41.7	39.0	39.0	42.7	36.7	35.6	37.6	34.0	29.6	23.3	21.3	21.3	22.0	20.8
2018/01/18 17:40:18	52.1	26.9	26.9	43.4	43.4	52.0	52.0	51.3	51.3	46.5	46.8	49.6	44.0	48.4	45.0	45.7	45.8	43.9	43.0	41.0	38.9	39.2	41.9	37.0	35.2	37.6	34.1	30.6	26.7	24.3	23.7	22.6	21.2
2018/01/18 17:40:19	52.4	29.8	29.8	44.6	44.6	54.5	54.5	54.9	54.9	50.2	48.1	48.8	44.4	48.9	45.6	46.0	45.8	44.3	44.7	41.4	39.1	38.6	41.2	36.4	35.9	38.1	35.7	31.0	25.0	22.0	22.0	22.4	21.0
2018/01/18 17:40:20	52.0	29.4	29.4	44.1	44.1	53.9	53.9	55.0	55.0	50.3	47.2	47.9	44.5	49.1	45.0	43.7	46.5	43.7	42.9	41.0	38.3	38.7	41.3	36.5	35.5	37.6	35.0	31.7	24.7	22.0	22.3	23.2	22.1
2018/01/18 17:40:21	52.0	30.3	30.3	46.7	46.7	57.6	57.6	57.9	57.9	50.8	46.9	46.8	43.0	47.7	44.6	44.0	46.4	43.0	42.4	41.3	38.7	39.3	42.0	36.5	35.7	37.9	34.4	29.5	23.6	21.0	21.7	22.0	20.9
2018/01/18 17:40:22	52.3	32.9	32.9	51.0	51.0	59.9	59.9	59.6	59.6	55.9	51.7	49.8	44.7	48.0	44.0	43.8	47.7	43.7	42.1	40.8	38.5	38.3	41.7	36.2	35.9	37.9	34.3	29.1	24.3	21.8	21.7	22.0	20.8
2018/01/18 17:40:23	52.1	31.5	31.5	48.8	48.8	57.1	57.1	55.7	55.7	50.1	49.5	49.0	41.9	46.7	42.7	42.8	48.4	44.1	42.3	40.7	38.3	38.5	41.5	35.9	36.5	37.9	35.4	29.7	25.8	22.0	21.5	22.0	20.8
2018/01/18 17:40:24	53.2	35.7	35.7	51.7	51.7	61.7	61.7	61.3	61.3	57.5	53.7	52.1	45.5	49.4	44.9	44.0	49.3	46.1	42.5	40.5	38.3	38.2	41.6	36.1	36.0	37.8	34.3	29.4	23.8	21.5	21.0	22.1	20.7
2018/01/18 17:40:25	52.6	34.2	34.2	53.8	53.8	63.3	63.3	62.1	62.1	54.5	49.6	49.9	45.2	49.1	47.0	45.0	47.3	43.9	42.7	41.1	38.2	38.6	41.6	36.2	35.9	38.0	35.3	30.0	24.0	21.4	21.4	21.9	20.8
2018/01/18 17:40:26	52.5	31.4	31.4	48.2	48.2	59.6	59.6	61.3	61.3	54.7	49.9	50.2	44.6	47.2	45.0	45.2	47.7	43.2	41.1	41.2	38.7	38.9	41.6	36.6	37.5	38.5	36.1	32.3	26.2	23.1	21.3	21.8	20.7
2018/01/18 17:40:27	52.6	28.3	28.3	48.6	48.6	58.9	58.9	59.7	59.7	52.7	49.4	48.9	44.4	47.2	45.7	44.6	47.1	43.5	41.5	42.8	39.1	38.5	41.5	38.0	37.8	39.6	36.9	32.8	27.4	23.8	21.8	22.0	20.7
2018/01/18 17:40:28	52.3	30.7	30.7	47.2	47.2	56.7	56.7	56.8	56.8	50.6	49.4	47.2	43.5	47.2	44.6	43.8	47.0	42.8	40.8	42.5	39.5	38.8	41.7	37.4	37.7	39.6	38.0	33.1	28.2	24.6	22.3	22.2	21.1
2018/01/18 17:40:29	53.6	30.1	30.1	46.7	46.7	56.7	56.7	56.3	56.3	50.5	47.7	48.8	45.0	47.4	45.6	43.7	48.0	46.1	41.6	42.6	38.8	39.1	41.7	37.5	40.1	43.3	41.7	36.3	32.5	28.6	25.1	24.3	22.6
2018/01/18 17:40:30	54.1	31.4	31.4	48.2	48.2	58.5	58.5	58.3	58.3	52.7	51.8	53.4	48.6	50.6	47.8	43.9	48.3	44.5	42.1	43.5	40.0	39.1	41.7	38.9	41.7	41.2	40.9	38.2	33.4	30.3	26.9	25.9	24.1
2018/01/18 17:40:31	52.9	31.6	31.6	50.0	50.0	60.3	60.3	60.6	60.6	53.6	51.1	52.8	47.1	48.1	47.0	44.0	47.7	42.4	41.7	42.2	39.2	38.6	41.7	36.6	38.0	39.5	37.7	32.5	25.6	22.5	21.7	22.1	20.9
2018/01/18 17:40:32	53.3	34.1	34.1	50.9	50.9	61.6	61.6	62.2	62.2	53.8	50.7	50.7	45.5	50.0	44.9	43.7	48.9	46.0	42.0	41.4	38.9	38.5	42.5	36.8	37.5	38.9	36.5	34.9	24.8	21.9	21.3	22.1	20.9
2018/01/18 17:40:33	54.3	33.7	33.7	49.4	49.4	59.8	59.8	60.0	60.0	53.9	49.1	49.5	46.6	49.5	48.2	47.0	48.9	46.2	44.7	42.8	39.3	39.7	42.3	38.2	38.8	41.4	40.6	37.2	26.2	22.4	21.5	21.9	20.9
2018/01/18 17:40:34	55.0	33.8	33.8	52.8	52.8	62.9	62.9	64.2	64.2	57.6	50.9	51.8	48.1	50.9	48.4	48.5	50.8	46.7	42.9	43.5	40.9	40.3	43.2	38.7	38.6	40.6	38.4	33.2	27.5	22.6	21.9	22.3	20.8
2018/01/18 17:40:35	55.8	35.5	35.5	54.7	54.7	64.4	64.4	65.4	65.4	59.0	50.3	53.4	49.1	51.3	47.7	48.2	50.4	46.6	44.5	45.4	42.4	41.7	44.5	40.8	40.7	41.6	39.9	34.3	26.8	22.8	21.1	21.7	20.6
2018/01/18 17:40:36	57.2	33.7	33.7	51.4	51.4	60.9	60.9	60.3	60.3	58.1	55.9	55.1	53.2	54.4	48.9	48.8	50.5	47.8	45.3	45.9	44.4	45.6	45.8	43.4	44.0	43.2	39.6	34.2	26.7	22.3	21.3	21.6	20.5
2018/01/18 17:40:37	58.9	34.5	34.5	49.4	49.4	61.8	61.8	63.0	63.0	61.7	60.7	55.0	52.1	54.0	51.5	53.3	52.6	49.7	48.7	47.2	44.6	45.8	47.6	45.3	44.8	44.3	40.1	34.7	27.9	23.0	21.7	22.0	20.8
2018/01/18 17:40:38	60.8	32.2	32.2	48.7	48.7	58.8	58.8	59.3	59.3	54.0	53.0	56.0	50.0	55.8	52.4	52.7	54.7	51.5	49.8	48.7	46.7	49.3	49.7	49.1	48.6	49.3	43.7	38.6	32.8	28.0	22.8	22.3	21.0
2018/01/18 17:40:39	63.7	31.5	31.5	51.4	51.4	60.9	60.9	60.3	60.3	57.4	55.1	58.0	53.9	55.5	55.9	54.3	55.4	54.6	53.5	53.6	50.5	53.9	54.1	51.9	50.7	49.4	44.7	39.7	30.8	27.4	23.7	22.8	21.4
2018/01/18 17:40:40	68.4	32.0	32.0	52.8	52.8	63.5	63.5	65.7	65.7	64.5	61.7	59.4	57.6	59.7	57.9	57.6	58.7	58.8	56.8	57.8	53.3	58.4	59.9	57.1	56.6	55.7	50.0	48.6	38.5	35.0	30.9	24.3	22.6
2018/01/18 17:40:41	74.6	31.3	31.3	51.7	51.7	62.4	62.4	66.9	66.9	65.9	60.0	64.1	59.6	63.1	64.3	64.9	66.9	64.9	64.0	66.5	60.5	62.9	64.6	62.1	61.8	63.6	59.9	55.5	53.5	47.4	43.5	36.7	31.9
2018/01/18 17:40:42	74.5	36.4	36.4	52.0	52.0	66.6	66.6	71.2	71.2	67.2	59.9	62.4	58.0	64.0	63.9	64.3	65.5	65.4	65.1	67.4	63.2	62.5	63.6	61.1	60.5	61.3	58.4	56.6	51.4	46.4	40.6	36.3	33.0
2018/01/18 17:40:43	76.0	39.6	39.6	55.2	55.2	71.6	71.6	74.8	74.8	67.7	64.1	65.9	65.1	66.7	65.5	66.9	64.9	65.7	66.4	67.9	64.3	64.2	64.7	62.7	63.4	63.6	63.3	59.5	54.0	48.6	44.3	41.4	41.1
2018/01/18 17:40:44	64.9	35.7	35.7	54.9	54.9	65.8	65.8	67.4	67.4	60.9	57.9	60.0	55.5	59.9	57.8	57.0	58.0	55.0	55.2	56.0	53.8	53.9	54.0	51.7	50.0	48.6	44.8	41.2	31.9	26.6	23.2	22.4	21.0
2018/01/18 17:40:45	69.4	34.3	34.3	49.8	49.8	58.5	58.5	60.4	60.4	59.3	57.6	59.7	55.3	60.6	58.7	58.8	60.5	60.6	60.8	63.1	57.6	56.5	57.9	56.2	54.8	54.4	52.6	48.5	42.8	37.4	31.6	28.4	25.6
2018/01/18 17:40:46	70.4	34.3	34.3	50.4	50.4	61.1	61.1	63.5	63.5	60.6	57.7	59.8	54.5	60.3	59.3	58.6	59.8	60.4	61.0	61.9	59.9	59.7	60.3	58.8	57.6	57.3	53.9	50.0	42.9	38.5	33.0	30.7	27.9
2018/01/18 17:40:47	71.9	36.5	36.5	51.9	51.9	62.3	62.3	63.1	63.1	61.5	59.3	60.4	56.0	62.1	61.6	60.3	61.7	62.6	63.1	63.7	60.7	59.7	60.9	59.9	59.4	59.3	57.5	50.9	45.7	41.3	37.9	35.6	33.3
2018/01/18 17:40:48	74.1	43.7	43.7	62.3	62.3	72.8	72.8	74.4	74.4	73.4	71.8	72.8	69.0	74.2	70.7	67.3	67.7	66.0	64.6	63.7	58.8	58.6	58.4	57.3	57.8	57.4	57.1	52.8	47.7	41.6	34.8	31.2	29.1
2018/01/18 17:40:49	76.4	42.8	42.8	58.0	58.0	71.1	71.1	72.7	72.7	67.9	65.5	67.6	64.3	67.6	66.0	66.4	69.1	67.7	67.1	68.2	62.4	60.8	62.0	62.0	63.4	64.1	66.6	62.0	56.4	50.6	46.5	42.1	38.8
2018/01/18 17:40:50	64.5	34.8	34.8	53.6	53.6	63.8	63.8	64.2	64.2	60.0	60.8	60.2	54.9	59.7	57.5	54.7	57.3	56.4	55.4	56.8	52.5	50.9	52.1	49.9	49.9	48.8	49.4	44.8	35.7	28.7	24.7	23.0	21.5
2018/01/18 17:40:51	62.7	32.4	32.4	54.3	54.3	63.3	63.3	62.1	62.1	57.5	58.2	56.3	51.6	55.8	54.3	53.2	55.9	53.7	53.6	54.4	52.4	51.3	51.0	48.5	47.7	46.9	45.9	41.6	30.9	24.7	22.3	22.1	20.8
2018/01/18 17:40:52	61.7	35.2	35.2	52.7	52.7	62.5	62.5	63.0	63.0	58.3	56.8	56.6	51.4	55.9	54.4	51.7	54.4	53.2	52.6	53.7	51.1	50.2	49.9	46.7	45.7	45.1	43.2	38.7	29.4	23.5	21.9	22.2	21.0
2018/01/18 17:40:53	65.4	44.4	44.4	59.5	59.5	68.6	68.6	70.8	70.8	68.7	66.2	67.2	62.5	65.6	62.0	60.7	57.1	54.0	53.2	54.0	52.4	50.4	50.6	48.3	46.7	46.4	44.6	38.5	30.2	23.8	22.1	22.2	21.1
2018/01/18 17:40:54	63.5	40.6	40.6	57.4	57.4	66.5	66.5	65.8	65.8	56.9	55.4	59.4	53.6	59.7	57.7	55.1	56.8	55.1	54.8	55.7	51.3	49.4	50.4	48.3	48.4	47.9	46.0	38.5	31.9	24.4	21.8	22.0	20.8
2018/01/18 17:40:55	63.6	38.4	38.4	54.3	54.3	65.3	65.3	68.1	68.1	63.8	59.0	61.3	56.0	61.4	58.2	54.1	56.5	55.0	55.0	54.3	51.7	50.4	50.3	49.3	48.2	48.2	45.2	39.3	31.0	24.0	21.6	22.1	20.7
2018/01/18 17:40:56	63.5	34.3	34.3	50.8	50.8	59.5	59.5	64.8	64.8	61.3	56.4	59.6	55.2	60.3	58.3	56.4	56.5	55.3	54.1	55.0	51.6	49.8	49.8	47.8	48.6	48.8	45.3	39.6	32.1	24.8	22.5	22.4	21.0
2018/01/18 17:40:57	63.1	33.8	33.8	52.3	52.3	60.7	60.7	63.0	63.0	60.1	55.9	58.9	56.5	59.7	55.2	54.0	55.6	54.8	54.7	54.1	50.5	50.9	50.4	48.4	49.3	48.2	46.5	41.8	34.1	26.3	22.8	22.4	20.9
2018/01/18 17:40:58	63.3	31.5	31.5	49.0	49.0	56.9	56.9	61.4	61.4	60.4	55.7	57.6	54.3	59.9	57.4	54.5	56.8	55.2	54.6	52.6	50.9	50.7	50.2	48.0	49.1	49.2	49.5	45.2	38.7	31.5	25.9	24.3	22.4
2018/01/18 17:40:59	65.8	29.6	29.6	51.4	51.4	59.3	59.3	60.4	60.4	59.4	55.7	57.5	55.3	65.1	61.0	53.9	60.0	60.1	54.5	54.1	52.4	51.8	50.3	51.9	50.4	49.8	52.4	47.3	42.5	33.4	27.9	24.6	23.0
2018/01/18 17:41:00	64.5	30.6	30.6	48.6	48.6	57.1	57.1	59.8	59.8	60.5	57.8	59.4	58.8	64.5	55.8	55.7	57.4	57.3	55.4	53.1	50.6	51.5	50.5	49.2	50.2	50.1	51.7	47.6	39.8	32.3	26.9	25.1	23.2
2018/01/18 17:41:01	65.4	35.6	35.6	50.2	50.2	58.9	58.9	63.7	63.7	62.4	59.3	60.1	60.4	65.4	56.9	57.7	56.9	59.5	56.3	54.0	52.8	50.3	50.3	50.2	50.3	51.4	51.9	46.3	40.4	33.7	27.7	25.1	23.7
2018/01/18 17:41:02	68.0	33.5	33.5	52.6	52.6	59.5	59.5	63.8	63.8	62.9	59.0	62.7	68.8	70.6	59.1	60.0	59.9	61.5	58.4	56.1	53.3	51.0	50.6	51.6	50.1	52.6	52.2	44.8	40.8	32.3	27.0	24.5	22.7
2018/01/18 17:41:03	67.9	35.7	35.7	52.1	52.1	59.0	59.0	62.6	62.6	63.9	60.7	62.9	71.0	70.1	59.3	59.7	58.4	62.0	58.5	54.7	53.9	51.4	50.7	51.2	48.9	49.3	48.2	43.7	37.5	29.7	25.3	24.1	22.3
2018/01/18 17:41:04	66.7	37.2	37.2	52.2	52.2	59.1	59.1	62.8	62.8	63.7	61.8	64.7	69.5	66.9	58.4	59.5	59.3	60.0	57.0	55.0	53.1	50.3	50.2	50.1	49.4	50.1	47.7	42.7	36.0	29.6	24.0	23.2	22.2
2018/01/18 17:41:05	64.4	34.3	34.3	50.3	50.3	60.0	60.0	64.0	64.0	61.4	57.4	60.9	64.5	62.5	55.6	57.0	57.4	58.2	55.2	55.1	52.3	49.7	49.0	48.0	46.9	47.4	46.4	41.6	35.0	30.6	25.2	23.5	21.8
2018/01/18 17:41:06	63.8	37.0	37.0	48.8	48.8	60.8	60.8	66.2	66.2	62.3	57.4	61.1	63.7	60.8	56.7	55.5	57.1	56.2	55.1	52.9	51.4	48.5	49.1	47.9	48.5	51.3	46.8	41.8	35.2	30.6	24.4	22.8	21.4
2018/01/18 17:41:07	63.6	33.8	33.8	49.1	49.1	59.9	59.9	64.4	64.4	60.3	56.5	61.3	63.2	60.2	56.9	57.0	56.7	55.7	53.5	53.0	49.8	48.8	50.7	48.8	49.7	50.2	45.9	42.5	39.1	34.4	28.2	26.6	24.4
2018/01/18 17:41:08	66.5	31.8	31.8	48.4	48.4	59.8	59.8	64.4	64.4	60.7	57.3	59.5	60.4	59.1	58.6	57.8	57.5	58.4	56.4	57.7	55.3	52.8	53.4	53.2	52.2	53.9	54.0	48.8	46.2	40.3	36.6	34.9	34.5
2018/01/18 17:41:09	61.5	34.5	34.5	49.8	49.8	63.1	63.1	66.9	66.9	62.5	57.4	57.3	57.3	57.2	55.6	52.1	53.5	53.3	52.3	52.8	51.5	48.4	47.6	46.6	45.5	45.7	42.7	38.3	30.7	25.5	23.1	23.2	21.8
2018/01/18 17:41:10	58.9	32.4	32.4	47.6	47.6	59.5	59.5	66.6	66.6	63.0	59.7	61.5	53.9	53.3	52.1	51.6	51.9	50.8	48.7	49.4	47.0	45.7	45.7	42.5	41.2	41.7	37.9	32.6	25.1	21.7	21.2	21.8	20.8
2018/01/18 17:41:11	58.5	34.0	34.0	53.6	53.6	62.9	62.9	64.9	64.9	59.7	54.1	57.2	52.4	54.4	54.5	50.5	51.4	50.0	48.6	50.1	46.3	45.3	45.4	42.1	41.1	41.2	39.2	34.2	27.2	22.6	21.8	22.0	20.7
2018/01/18 17:41:12	59.0	32.5	32.5	50.5	50.5	59.4	59.4	61.4	61.4	57.5	52.6	56.5	52.5	54.0	52.6	49.3	50.8	50.6	50.4	50.9	47.2	45.8	46.3	42.9	42.1	42.0	47.3	34.4	26.9	24.3	21.5	21.9	20.6
2018/01/18 17:41:13	58.4	32.2	32.2	51.6	51.6	61.0	61.0	61.7	61.7	56.3	50.5	54.3	53.1	55.4	49.7	48.9	52.1	50.4	49.2	50.5	46.6	45.7	45.5	42.1	41.7	42.3	42.9	35.6	28.7	23.1	21.6	22.1	21.0
2018/01/18 17:41:14	57.6	30.7	30.7	51.5	51.5	62.3	62.3	64.2	64.2	58.0	50.4	53.2	51.5	54.5	51.8	50.1	51.0	50.0	48.6	48.0	45.2	44.7	44.3	42.2	40.9	41.9	40.1	35.2	27.6	23.0	21.6	22.2	20.9
2018/01/18 17:41:15	57.3	31.8	31.8	51.3	51.3	62.1	62.1	63.7	63.7	57.9	51.9	53.7	51.2	54.3	51.0	50.3	51.1	48.7	48.5	48.1	45.0	43.8	43.5	41.5	41.0	41.5	39.2	34.5	28.1	24.2	24.7	23.4	21.8
2018/01/18 17:41:16	58.7	32.1	32.1	51.0	51.0	61.3	61.3	62.2	62.2	56.7	50.9	54.6	52.2	54.4	50.0	49.2	51.6	48.6	52.1	49.6	48.0	44.1	45.9	44.2	45.0	41.9	40.4	34.4	27.5	23.8	21.9	22.5	21.1
2018/01/18 17:41:17	57.2	29.9	29.9	49.7	49.7	60.3	60.3	62.5	62.5	57.2	50.6	55.3	51.7	53.3	52.5	50.2	50.8	49.8	47.3	47.4	44.7	43.1	43.8	42.1	40.8	41.8	39.1	33.7	27.6	24.2	24.2	22.6	21.4
2018/01/18 17:41:18	57.7	32.4	32.4	49.1	49.1	61.8	61.8	64.1	64.1	58.5	54.2	54.8	52.1	53.9	51.2	51.9	51.1	48.5	47.5	47.6	44.8	44.2	44.7	42.2	44.5	43.0	39.0	35.2	28.8	25.0	25.0	22.7	21.1
2018/01/18 17:41:19	61.0	35.3	35.3	51.6	51.6	61.4	61.4	62.3	62.3	58.3	54.3	58.4	55.0	56.6	53.0	56.3	53.7	52.2	52.0	48.9	45.6	45.5	48.9	46.8	48.0	49.7	45.1	43.0	35.4	30.3	27.4	24.3	22.2
2018/01/18 17:41:20	65.6	32.6	32.6	55.5	55.5	63.1	63.1	61.4	61.4	56.2	52.5	55.6	52.8	55.1	59.7	62.5	59.2	56.5	56.6	51.8	47.9	49.3	52.2	51.5	53.3	54.8	49.2	51.4	41.2	44.3	35.1	30.8	28.7
2018/01/18 17:41:21	70.0	39.6	39.6	60.1	60.1	66.4	66.4	63.6	63.6	58.6	56.7	58.6	57.4	63.4	61.6	64.9	63.4	58.8	59.0	57.1	51.6	52.1	57.2	56.8	59.8	59.8	57.6	55.8	56.9	49.0	46.5	42.6	40.6
2018/01/18 17:41:22	72.7	45.3	45.3	63.1	63.1	73.6	73.6	72.0	72.0	60.5	59.5	60.7	57.6	66.8	63.1	63.9	64.9	58.6	61.1	60.4	58.5	55.7	58.8	58.5	61.9	62.9	62.2	58.9	63.7	49.4	50.0	52.1	47.9
2018/01/18 17:41:23	61.5	37.6	37.6	55.1	55.1	62.4	62.4	60.9	60.9	55.9	53.0	54.5	51.0	55.6	51.3	49.9	50.8	51.2	49.4	48.4	46.9	45.3	45.6	43.6	45.0	45.2	43.1	47.7	58.8	30.7	23.6	22.6	21.1
2018/01/18 17:41:24	56.6	35.6	35.6	54.9	54.9	63.5	63.5	62.2	62.2	56.1	50.7	51.1	49.1	54.6	50.3	47.2	47.8	50.0	47.3	47.1	44.4	42.9	42.4	40.7	42.3	42.7	41.1	36.8	33.5	24.7	23.0	22.8	21.3
2018/01/18 17:41:25	56.4	40.5	40.5	54.2	54.2	65.9	65.9	65.6	65.6	57.6	51.9	51.6	48.9	52.1	49.7	45.5	47.6	47.9	47.5	45.7	44.7	44.0	42.3	42.0	43.7	43.2	42.2	36.4	29.5	24.9	22.3	22.5	21.1
2018/01/18 17:41:26	54.8	36.5	36.5	50.1	50.1	59.9	59.9	59.4	59.4	54.1	50.6	52.9	48.7	50.4	49.0	46.5	47.4	48.0	47.3	43.6	41.6	41.0	40.4	38.5	39.3	40.2	38.9	35.2	29.8	22.7	21.9	22.2	20.8
2018/01/18 17:41:27	55.6	34.9	34.9	50.6	50.6	59.6	59.6	59.7	59.7	56.8	52.7	52.4	46.6	50.8	49.0	46.7	49.0	47.7	47.8	44.6	43.9	43.1	41.9	40.1	40.1	40.9	40.3	34.8	28.8	23.6	22.5	22.2	21.3
2018/01/18 17:41:28	56.1	34.7	34.7	52.3	52.3	61.3	61.3	60.4	60.4	55.3	51.6	55.4	46.6	50.6	48.0	46.9	48.2	50.4	48.7	46.7	42.5	43.5	41.7	40.2	40.0	40.0	38.0	33.7	25.3	22.6	21.5	21.9	20.7
2018/01/18 17:41:29	57.3	32.8	32.8	54.3	54.3	62.3	62.3	59.7	59.7	56.1	51.9	57.1	50.0	51.6	49.1	48.2	50.1	51.9	51.0	45.2	42.6	43.8	43.3	41.8	41.0	41.7	39.2	37.5	28.4	25.8	22.8	22.2	21.3
2018/01/18 17:41:30	60.2	38.5	38.5	54.1	54.1	64.2	64.2	63.1	63.1	56.7	52.8	59.4	53.1	54.1	51.9	50.6	52.9	54.6	54.6	48.1	45.4	46.5	46.6	44.8	43.8	44.2	42.3	40.2	30.2	27.6	23.9	22.1	21.0
2018/01/18 17:41:31	62.5	38.2	38.2	56.6	56.6	66.3	66.3	64.7	64.7	58.4	54.1	61.5	55.0	55.8	54.3	51.0	54.0	57.2	56.2	51.2	48.6	49.6	49.1	47.5	46.0	46.2	45.1	41.9	33.5	30.7	25.8	23.4	21.7
2018/01/18 17:41:32	66.9	43.0	43.0	60.2	60.2	71.0	71.0	69.3	69.3	59.1	57.4	66.5	60.2	59.1	57.7	56.8	59.3	61.0	58.7	54.9	50.4	53.8	54.0	52.4	53.3	54.1	52.4	50.3	43.1	38.0	32.4	30.0	27.0
2018/01/18 17:41:33	70.9	46.7	46.7	64.9	64.9	74.3	74.3	72.1	72.1	65.1	64.6	67.9	61.9	62.8	61.0	60.6	62.7	62.8	63.8	61.3	56.3	57.1	57.9	56.6	56.4	58.6	59.7	54.1	49.8	42.2	39.4	38.7	37.1
2018/01/18 17:41:34	68.0	38.4	38.4	53.1	53.1	63.7	63.7	63.9	63.9	64.1	61.0	61.4	56.1	60.5	59.4	57.1	56.9	58.7	59.9	60.9	56.9	54.5	55.8	54.1	55.1	55.1	52.4	46.8	42.3	39.0	34.2	31.5	30.9
2018/01/18 17:41:35	66.1	37.2	37.2	53.8	53.8	64.2	64.2	64.6	64.6	59.0	57.2	58.7	53.1	55.2	57.2	55.9	56.3	55.9	57.9	58.0	55.0	55.5	55.2	52.8	53.0	51.6	49.2	45.5	39.1	34.3	31.3	28.2	25.8
2018/01/18 17:41:36	67.1	35.1	35.1	50.2	50.2	61.1	61.1	63.0	63.0	58.1	55.5	58.2	54.0	57.3	57.0	56.8	57.0	58.0	59.1	59.1	54.8	52.6	56.6	55.2	55.2	54.0	50.7	43.4	39.5	34.1	29.4	27.6	26.2
2018/01/18 17:41:37	66.8	35.2	35.2	49.9	49.9	60.2	60.2	61.7	61.7	56.3	54.8	57.1	53.0	57.8	56.9	52.9	54.6	56.4	59.0	60.7	56.7	53.4	55.0	53.8	53.4	52.3	49.8	44.0	37.5	32.8	28.8	27.8	26.9
2018/01/18 17:41:38	63.9	37.3	37.3	50.5	50.5	61.9	61.9	63.1	63.1	57.0	52.0	55.3	53.1	56.4	55.6	54.4	54.5	54.7	56.0	53.6	51.4	52.4	54.1	52.0	50.7	49.9	45.7	42.5	32.7	28.6	23.5	22.8	21.2
2018/01/18 17:41:39	69.1	43.1	43.1	60.4	60.4	65.7	65.7	63.9	63.9	59.8	55.8	57.5	55.1	60.1	59.3	58.0	61.3	59.7	60.1	62.2	59.6	55.3	56.1	55.7	54.9	55.5	53.6	49.8	42.9	38.0	32.9	31.3	29.6
2018/01/18 17:41:40	69.2	36.8	36.8	60.1	60.1	67.3	67.3	64.2	64.2	60.8	58.2	60.8	57.9	62.1	61.6	60.1	62.4	62.2	63.4	60.2	56.0	54.3	54.4	53.3	53.3	54.8	53.6	50.7	43.7	38.0	32.1	28.4	26.0
2018/01/18 17:41:41	65.6	41.7	41.7	60.4	60.4	70.7	70.7	69.1	69.1	61.4	58.2	58.1	55.3	62.3	59.8	56.7	58.6	58.3	58.6	56.7	54.4	51.8	49.1	48.5	48.7	50.1	47.9	43.7	36.9	36.0	28.6	26.9	27.2
2018/01/18 17:41:42	62.0	51.4	51.4	64.3	64.3	77.7	77.7	77.7	77.7	65.6	59.7	60.4	57.1	57.2	57.2	54.2	55.3	51.6	51.5	49.5	47.4	47.2	45.8	44.6	45.9	46.0	43.1	39.0	31.0	32.8	22.9	22.4	21.3
2018/01/18 17:41:43	63.3	46.9	46.9	59.2	59.2	76.4	76.4	78.3	78.3	68.9	66.1	65.1	55.6	57.5	58.0	55.2	55.4	52.8	53.8	49.5	48.2	49.7	45.8	48.2	47.3	48.2	44.3	39.8	32.2	33.6	21.8	22.1	20.7
2018/01/18 17:41:44	66.4	43.0	43.0	56.3	56.3	80.3	80.3	85.1	85.1	77.9	60.7	63.4	54.2	60.6	57.9	53.7	54.5	54.4	51.5	50.5	49.1	53.4	50.0	48.7	49.5	50.4	46.5	41.4	33.7	36.2	27.4	23.7	21.0
2018/01/18 17:41:45	69.0	44.5	44.5	55.8	55.8	77.4	77.4	85.1	85.1	81.2	65.5	66.1	58.5	61.0	60.5	58.9	59.4	60.1	55.0	54.3	52.8	52.5	57.4	51.7	52.4	55.5	50.1	47.5	38.2	31.6	26.1	24.1	22.1
2018/01/18 17:41:46	74.2	51.3	51.3	60.0	60.0	77.8	77.8	88.3	88.3	86.6	72.3	72.5	70.7	66.7	64.5	62.2	65.5	64.5	58.9	56.7	55.5	58.2	65.2	57.2	58.3	60.0	55.4	54.4	45.5	39.9	33.6	29.4	26.9
2018/01/18 17:41:47	80.6	55.1	55.1	63.4	63.4	79.3	79.3	90.6	90.6	90.5	78.8	75.5	70.8	72.7	72.9	69.9	71.3	70.0	65.5	64.0	61.4	65.5	71.4	65.5	68.3	70.7	66.6	64.9	59.6	53.2	48.0	44.9	42.0
2018/01/18 17:41:48	82.8	55.2	55.2	67.0	67.0	81.6	81.6	92.3	92.3	91.3	77.3	74.3	70.3	67.8	69.7	64.8	65.6	67.6	64.4	65.4	66.0	69.4	77.3	67.5	69.7	72.3	69.6	68.4	61.6	55.7	51.4	48.8	46.9
2018/01/18 17:41:49	69.7	48.0	48.0	60.0	60.0	73.7	73.7	84.1	84.1	82.6	67.5	67.1	66.4	63.3	60.7	57.3	58.7	58.5	57.4	54.1	51.9	53.9	60.4	51.7	52.9	53.8	49.6	47.5	37.0	33.5	26.9	24.3	23.0
2018/01/18 17:41:50	69.7	41.4	41.4	55.2	55.2	69.6	69.6	78.9	78.9	77.2	63.9	63.3	60.8	62.5	61.2	62.5	61.2	62.0	61.7	57.4	53.4	55.2	59.3	54.1	55.4	56.4	52.8	50.7	45.0	42.7	35.9	30.2	34.7
2018/01/18 17:41:51	69.7	40.1	40.1	51.8	51.8	71.6	71.6	76.4	76.4	70.5	61.8	62.6	56.3	62.2	60.3	60.8	62.4	61.9	63.8	60.1	57.1	55.1	54.5	54.1	54.0	55.7	55.6	52.1	46.5	44.4	40.1	34.8	34.0
2018/01/18 17:41:52	62.1	32.8	32.8	49.8	49.8	69.6	69.6	74.4	74.4	68.1	59.0	59.6	51.2	56.0	55.4	53.4	54.9	53.5	54.4	50.7	48.9	50.1	47.4	46.0	45.6	47.0	43.1	37.1	29.4	23.9	21.8	22.0	20.7
2018/01/18 17:41:53	61.3	32.3	32.3	48.8	48.8	71.3	71.3	76.6	76.6	69.9	56.2	56.1	50.8	56.9	54.7	53.1	53.9	51.1	52.6	50.5	47.6	47.4	45.4	44.5	43.3	45.3	40.6	34.8	27.2	22.4	21.8	22.1	20.8
2018/01/18 17:41:54	59.4	34.7	34.7	48.9	48.9	68.1	68.1	73.0	73.0	66.3	56.5	56.5	52.7	54.3	53.4	49.8	52.7	50.6	50.8	48.7	46.5	47.3	43.8	42.7	42.3	42.8	39.0	33.5	25.8	22.6	21.7	22.2	20.9
2018/01/18 17:41:55	58.9	34.9	34.9	50.8	50.8	68.8	68.8	72.8	72.8	65.4	54.6	55.4	52.1	55.0	53.4	50.3	51.4	50.0	50.0	47.0	46.0	47.5	43.2	42.3	41.6	40.4	38.0	32.1	25.0	22.0	21.4	22.1	20.8
2018/01/18 17:41:56	58.2	32.9	32.9	49.6	49.6	62.8	62.8	65.2	65.2	58.5	53.0	54.9	49.9	53.5	53.1	52.2	51.1	50.2	49.6	47.8	46.2	46.7	43.4	42.8	42.0	41.6	39.7	33.8	28.3	23.1	21.9	21.9	21.0
2018/01/18 17:41:57	58.2	37.3	37.3	51.1	51.1	68.2	68.2	70.9	70.9	62.5	56.5	56.1	50.1	52.9	52.0	50.1	50.3	50.0	49.5	48.4	46.4	46.0	43.9	42.1	41.0	39.0	37.6	31.6	25.1	21.6	21.1	22.1	20.9
2018/01/18 17:41:58	59.5	43.8	43.8	56.4	56.4	75.0	75.0	77.5	77.5	67.7	54.5	55.1	48.6	52.6	51.0	49.2	50.0	49.4	50.0	47.9	46.1	45.8	43.4	41.2	39.8	38.4	37.2	31.1	24.4	21.3	21.1	21.9	20.8
2018/01/18 17:41:59	57.5	39.6	39.6	50.5	50.5	69.6	69.6	72.4	72.4	63.0	53.5	53.5	48.5	52.3	51.9	49.1	49.0	47.9	47.9	47.2	44.0	45.8	44.6	41.5	40.4	38.7	37.0	32.0	24.5	21.6	21.0	21.7	20.7
2018/01/18 17:42:00	58.0	33.6	33.6	47.9	47.9	67.8	67.8	71.9	71.9	64.3	55.4	55.1	47.4	51.3	49.9	49.2	51.7	48.9	47.6	47.3	42.9	46.2	46.7	42.9	42.6	40.8	38.0	32.6	25.2	22.2	21.3	22.2	20.9
2018/01/18 17:42:01	59.7	31.9	31.9	49.0	49.0	69.9	69.9	74.6	74.6	67.9	52.9	55.1	47.6	52.7	51.4	49.8	51.8	49.7	50.4	48.4	44.3	45.9	48.8	44.9	44.5	43.8	39.4	34.2	27.5	23.8	22.0	22.4	21.0
2018/01/18 17:42:02	60.2	31.6	31.6	49.0	49.0	61.5	61.5	66.2	66.2	61.7	53.0	53.8	50.1	53.9	51.8	50.3	51.4	51.1	52.0	51.2	46.4	48.4	50.0	45.6	45.7	47.2	43.4	37.3	29.5	26.0	23.5	22.8	20.9
2018/01/18 17:42:03	62.9	35.1	35.1	52.6	52.6	62.7	62.7	65.5	65.5	61.5	56.1	54.3	49.8	55.0	54.1	53.0	53.8	52.3	53.5	53.1	47.8	51.7	54.1	50.6	49.3	50.8	48.3	42.8	38.7	33.1	27.2	25.1	21.4
2018/01/18 17:42:04	68.8	36.9	36.9	52.8	52.8	66.0	66.0	68.5	68.5	63.5	59.4	57.2	55.5	60.2	59.3	56.0	59.1	58.0	60.7	59.5	52.6	54.7	58.4	55.2	56.3	59.0	56.8	49.9	49.2	40.7	36.5	33.7	29.5
2018/01/18 17:42:05	69.5	37.9	37.9	51.1	51.1	67.7	67.7	70.4	70.4	62.7	56.8	58.7	55.4	62.4	59.2	55.0	57.3	58.2	59.9	60.4	59.3	56.4	58.3	56.1	56.7	59.1	58.7	53.3	47.9	41.9	38.4	36.4	32.2
2018/01/18 17:42:06	58.0	33.0	33.0	46.7	46.7	58.7	58.7	65.6	65.6	62.7	55.0	56.6	52.7	55.7	54.0	48.5	48.4	47.8	48.1	49.0	46.0	44.1	45.2	41.3	41.7	42.9	42.1	35.0	28.1	22.8	21.9	22.0	20.7
2018/01/18 17:42:07	55.5	31.7	31.7	47.1	47.1	56.9	56.9	65.3	65.3	63.1	52.8	55.3	49.2	52.3	50.2	46.3	47.1	47.1	45.4	45.3	41.9	41.2	42.1	39.7	40.0	40.6	39.2	33.0	26.0	22.1	21.2	21.9	20.7
2018/01/18 17:42:08	54.1	29.1	29.1	46.4	46.4	55.8	55.8	59.5	59.5	56.5	52.1	52.3	49.6	51.5	49.9	46.4	47.0	46.0	44.2	43.4	41.3	40.1	40.4	38.9	38.7	39.0	37.5	32.8	25.3	22.1	21.4	22.0	20.9
2018/01/18 17:42:09	54.1	28.3	28.3	44.9	44.9	54.5	54.5	57.9	57.9	55.3	52.4	53.3	49.5	50.0	47.4	45.6	47.1	46.0	45.2	43.0	41.2	40.8	41.5	39.9	39.2	38.9	37.4	33.1	25.7	22.8	22.1	22.7	21.3
2018/01/18 17:42:10	53.6	28.6	28.6	44.8	44.8	55.9	55.9	61.0	61.0	59.6	53.7	52.7	46.9	48.9	48.6	46.0	46.2	45.4	43.8	42.4	40.6	40.7	39.9	38.7	37.3	37.8	36.9	32.3	25.5	22.5	21.6	22.1	20.9
2018/01/18 17:42:11	54.3	30.4	30.4	43.1	43.1	54.8	54.8	59.5	59.5	57.6	53.5	53.2	47.0	50.6	48.4	47.0	47.9	48.4	44.1	43.3	40.9	40.8	39.7	37.7	37.6	38.0	36.2	31.7	24.6	22.2	21.2	21.9	20.8
2018/01/18 17:42:12	54.7	27.1	27.1	47.0	47.0	55.4	55.4	57.0	57.0	53.7	51.7	52.9	48.9	50.7	50.0	46.5	48.7	48.6	45.3	41.9	40.8	41.7	40.6	40.1	39.1	39.4	38.6	33.2	27.8	22.9	22.0	22.4	21.2
2018/01/18 17:42:13	53.4	29.2	29.2	45.4	45.4	54.8	54.8	54.9	54.9	52.2	52.1	51.7	46.6	48.5	47.4	47.1	44.5	45.5	46.4	45.0	39.6	39.2	38.3	36.8	36.6	37.9	36.7	32.3	25.6	23.0	21.7	21.9	20.8
2018/01/18 17:42:14	53.2	28.0	28.0	43.6	43.6	53.6	53.6	56.0	56.0	54.0	49.3	50.3	47.1	49.6	47.8	50.4	45.6	46.6	43.6	40.9	38.8	39.2	37.9	36.5	36.9	38.1	36.5	32.3	25.0	24.1	22.2	21.9	20.8
2018/01/18 17:42:15	52.7	28.9	28.9	47.9	47.9	55.5	55.5	55.4	55.4	53.4	50.9	50.8	45.7	49.2	48.4	46.8	46.5	45.2	44.2	41.9	38.1	38.1	37.5	35.7	36.1	36.2	36.4	32.1	27.0	23.1	22.0	22.2	21.1
2018/01/18 17:42:16	52.8	28.4	28.4	46.3	46.3	56.3	56.3	57.3	57.3	53.6	49.6	51.0	45.9	49.5	48.0	47.6	46.2	45.1	43.1	41.1	38.8	38.4	37.3	37.7	37.4	38.5	38.7	33.6	28.7	26.3	23.0	23.5	21.7
2018/01/18 17:42:17	53.7	37.4	37.4	52.4	52.4	60.4	60.4	61.8	61.8	58.3	53.7	53.1	50.3	51.3	49.0	44.5	48.3	46.6	43.2	43.1	39.1	38.0	37.2	36.0	36.4	36.6	36.4	31.6	24.9	23.3	21.4	22.0	20.7
2018/01/18 17:42:18	54.9	35.1	35.1	57.1	57.1	63.7	63.7	65.4	65.4	62.5	57.5	55.7	52.3	51.2	47.9	48.5	49.1	47.1	44.1	40.8	38.9	38.5	38.0	37.4	38.2	38.5	39.0	33.8	27.4	23.1	21.7	22.1	20.9
2018/01/18 17:42:19	57.5	37.2	37.2	56.6	56.6	65.9	65.9	67.2	67.2	64.4	57.5	55.6	54.0	54.7	49.0	51.0	52.8	50.1	47.1	44.8	42.0	40.7	40.7	41.5	41.0	41.9	41.6	38.0	29.5	23.3	21.4	21.8	20.5
2018/01/18 17:42:20	58.8	34.1	34.1	53.0	53.0	63.8	63.8	66.7	66.7	63.3	54.8	56.0	52.3	54.8	51.4	52.1	52.9	50.5	52.5	46.8	44.6	43.4	42.8	42.7	42.6	42.3	42.2	37.6	29.4	23.7	21.4	21.9	20.7
2018/01/18 17:42:21	59.5	40.2	40.2	57.0	57.0	68.5	68.5	67.9	67.9	58.0	58.5	57.6	52.8	55.8	52.7	54.0	53.8	50.2	51.4	49.2	46.7	44.2	44.4	43.9	43.5	43.7	42.6	37.4	30.1	23.4	21.4	22.0	20.6
2018/01/18 17:42:22	60.7	33.4	33.4	51.6	51.6	62.6	62.6	66.5	66.5	62.5	56.6	58.4	55.5	56.6	53.0	53.6	53.5	52.6	52.6	51.1	47.0	46.1	47.2	45.4	45.6	45.6	44.7	39.9	32.3	25.7	21.7	22.0	20.7
2018/01/18 17:42:23	61.1	35.0	35.0	52.2	52.2	63.3	63.3	64.8	64.8	59.8	55.9	54.5	53.1	57.5	52.9	53.8	55.2	54.0	52.3	51.5	47.5	47.4	47.0	45.7	46.2	46.4	45.7	41.3	32.8	25.6	22.4	22.5	21.1
2018/01/18 17:42:24	61.7	30.7	30.7	54.5	54.5	62.4	62.4	60.8	60.8	54.4	52.6	57.2	53.6	58.7	56.9	52.8	54.9	54.9	52.5	52.5	49.3	48.0	47.2	46.4	47.1	46.1	45.8	41.4	32.6	25.4	22.4	22.3	20.9
2018/01/18 17:42:25	62.4	37.4	37.4	54.5	54.5	64.5	64.5	63.1	63.1	58.2	58.5	59.0	57.0	60.2	56.4	54.2	55.5	55.4	52.3	51.9	49.6	49.6	49.2	47.9	47.5	47.9	45.5	40.5	31.8	26.0	22.5	22.0	20.8
2018/01/18 17:42:26	65.1	38.3	38.3	53.1	53.1	64.6	64.6	64.2	64.2	57.2	57.5	57.2	54.2	57.1	56.2	56.6	57.2	58.5	55.4	53.6	52.7	54.5	55.1	52.2	51.3	50.2	46.9	45.5	34.9	31.0	25.4	22.8	21.2
2018/01/18 17:42:27	72.7	37.7	37.7	59.9	59.9	69.1	69.1	67.9	67.9	61.4	61.7	61.9	58.0	63.0	59.3	62.6	65.1	65.1	63.0	61.9	59.7	61.7	61.3	60.7	60.2	60.5	59.0	56.8	49.0	44.1	39.1	34.8	31.5
2018/01/18 17:42:28	68.7	38.2	38.2	57.3	57.3	62.8	62.8	61.8	61.8	60.0	58.2	59.7	55.9	59.2	57.9	56.2	61.3	61.0	59.4	60.9	59.2	56.6	55.9	55.0	54.8	54.9	53.3	50.5	41.6	36.6	33.7	30.1	27.9
2018/01/18 17:42:29	66.1	38.6	38.6	54.4	54.4	60.5	60.5	61.5	61.5	59.3	60.2	60.3	54.4	56.9	55.3	55.4	56.4	56.6	54.1	52.8	53.3	54.7	56.9	55.9	55.5	54.8	49.6	47.3	38.6	36.0	29.6	24.5	22.1
2018/01/18 17:42:30	75.3	40.0	40.0	61.0	61.0	66.4	66.4	65.4	65.4	62.9	59.7	64.0	60.3	62.8	61.6	61.6	64.6	63.7	64.7	63.2	63.0	62.5	64.4	64.0	64.8	65.4	64.4	60.9	58.3	52.7	46.9	42.5	40.5
2018/01/18 17:42:31	69.7	37.6	37.6	59.1	59.1	64.3	64.3	64.6	64.6	64.8	60.5	60.9	57.9	59.9	59.2	57.2	59.8	58.5	59.7	62.4	60.2	58.6	58.4	56.1	55.6	56.5	56.2	51.2	45.6	39.8	35.3	32.7	31.5
2018/01/18 17:42:32	66.4	34.9	34.9	54.8	54.8	62.6	62.6	62.2	62.2	59.9	58.8	59.4	56.7	60.4	57.8	55.1	56.7	56.9	55.3	56.3	52.1	55.3	56.6	54.4	54.4	55.8	51.6	47.6	40.7	35.2	27.5	25.1	23.5
2018/01/18 17:42:33	73.9	41.3	41.3	54.8	54.8	68.5	68.5	70.9	70.9	65.4	63.0	64.8	62.0	67.0	63.5	63.1	65.3	64.7	63.9	62.7	60.3	57.7	61.5	63.1	61.2	64.7	62.9	55.1	52.4	44.7	40.7	43.9	36.0
2018/01/18 17:42:34	75.9	42.0	42.0	61.3	61.3	72.5	72.5	75.8	75.8	76.1	74.6	75.8	70.5	72.2	66.6	67.0	66.1	65.0	65.0	65.1	59.7	59.5	62.0	63.9	61.4	67.3	64.9	57.8	51.6	45.7	42.3	46.0	41.3
2018/01/18 17:42:35	71.5	38.7	38.7	56.4	56.4	67.8	67.8	70.0	70.0	65.6	63.6	67.5	68.8	67.9	62.9	64.0	64.2	66.6	63.6	61.3	56.0	56.4	57.5	56.3	55.6	56.4	53.7	49.1	40.8	37.5	32.0	30.4	26.4
2018/01/18 17:42:36	78.5	46.6	46.6	58.8	58.8	72.0	72.0	74.1	74.1	68.7	67.8	71.2	77.5	77.1	69.6	70.7	71.4	72.6	71.8	69.0	63.3	60.2	61.3	61.3	61.3	63.3	63.3	57.7	51.7	47.4	42.3	39.5	37.0
2018/01/18 17:42:37	76.8	47.1	47.1	61.3	61.3	75.6	75.6	76.5	76.5	68.5	67.7	70.2	71.5	68.4	66.1	65.1	67.7	68.5	68.1	65.1	62.8	61.7	62.4	63.7	64.1	67.1	66.6	62.1	54.8	52.4	50.0	50.1	49.5
2018/01/18 17:42:38	63.9	39.8	39.8	53.9	53.9	68.9	68.9	70.1	70.1	65.0	61.7	65.1	61.0	58.8	56.2	54.5	53.9	55.6	54.7	53.2	49.9	48.9	50.2	49.6	50.0	52.0	50.6	47.2	38.4	35.4	33.1	31.4	29.3
2018/01/18 17:42:39	61.9	36.2	36.2	50.1	50.1	63.4	63.4	64.8	64.8	64.7	63.7	63.4	57.8	57.2	54.2	52.1	52.2	53.8	53.1	51.4	48.8	47.8	48.1	47.4	46.7	49.0	47.2	44.5	32.6	29.1	25.6	24.1	22.0
2018/01/18 17:42:40	62.3	34.1	34.1	52.2	52.2	62.7	62.7	63.4	63.4	66.0	66.8	68.5	61.6	56.0	53.8	50.8	51.0	51.9	52.5	51.4	49.1	48.1	48.9	46.7	45.0	45.5	42.4	39.0	28.5	25.7	22.5	22.3	20.9
2018/01/18 17:42:41	63.4	35.2	35.2	51.9	51.9	62.1	62.1	61.9	61.9	65.2	68.4	67.2	62.0	56.4	54.9	52.8	51.8	54.7	53.3	53.2	50.1	50.5	52.0	49.1	47.8	47.0	42.9	40.7	32.6	29.2	23.8	23.2	21.5
2018/01/18 17:42:42	68.6	38.6	38.6	55.5	55.5	63.5	63.5	63.9	63.9	73.5	77.7	73.2	68.4	59.9	59.1	55.8	58.6	57.9	57.0	56.9	54.5	53.3	53.8	52.4	51.6	52.5	52.3	46.9	41.7	37.0	32.5	29.8	27.2
2018/01/18 17:42:43	67.2	40.4	40.4	56.9	56.9	68.0	68.0	68.3	68.3	73.7	77.0	72.7	67.6	58.2	56.7	54.2	55.5	54.1	56.7	56.0	54.3	52.0	50.0	47.4	46.5	46.3	45.8	41.6	32.8	27.8	24.5	23.6	22.3
2018/01/18 17:42:44	63.4	37.9	37.9	53.3	53.3	64.4	64.4	64.6	64.6	68.2	72.1	65.5	55.5	55.9	55.6	52.8	54.4	53.4	55.2	54.5	51.7	49.3	48.0	45.5	44.2	44.8	42.1	37.2	31.7	25.3	23.3	23.9	21.7
2018/01/18 17:42:45	63.9	34.1	34.1	49.9	49.9	61.6	61.6	62.6	62.6	62.5	65.9	60.6	51.1	56.8	54.8	55.2	56.9	55.7	56.0	56.1	52.6	52.6	50.5	48.1	47.1	45.5	41.7	35.8	28.4	23.2	21.5	22.1	20.8
2018/01/18 17:42:46	63.2	33.6	33.6	46.6	46.6	58.8	58.8	60.0	60.0	58.3	62.0	58.7	53.3	55.9	53.4	51.1	54.0	54.9	56.3	56.0	53.0	51.9	49.5	48.2	47.7	46.3	43.9	39.1	31.5	27.1	24.0	25.7	21.9
2018/01/18 17:42:47	63.1	33.4	33.4	49.5	49.5	61.1	61.1	61.1	61.1	59.0	61.8	56.9	50.8	55.5	54.6	53.2	55.7	53.9	55.2	55.6	53.3	50.8	50.8	48.5	47.2	46.7	42.2	34.3	27.5	22.4	21.4	22.1	20.7
2018/01/18 17:42:48	63.4	32.8	32.8	47.7	47.7	59.6	59.6	60.5	60.5	59.8	63.5	59.0	50.5	52.2	53.5	51.3	53.7	53.7	54.4	55.2	54.2	52.2	52.0	50.9	49.6	49.3	44.8	39.5	32.5	25.7	24.1	22.4	20.9
2018/01/18 17:42:49	64.8	32.2	32.2	47.9	47.9	57.9	57.9	58.2	58.2	57.7	60.9	56.0	48.1	55.3	53.4	51.3	55.2	56.1	55.8	57.2	55.4	54.1	52.5	51.5	50.6	50.9	47.9	41.8	34.8	28.7	25.4	22.6	21.1
2018/01/18 17:42:50	63.4	31.2	31.2	48.4	48.4	58.7	58.7	58.7	58.7	55.1	57.1	54.4	49.3	56.0	55.5	53.0	55.3	54.6	53.9	55.2	53.9	51.2	52.0	50.7	48.2	48.6	45.7	37.3	31.5	24.3	23.1	22.7	21.8
2018/01/18 17:42:51	62.7	30.9	30.9	48.7	48.7	59.0	59.0	58.3	58.3	54.6	57.3	53.1	48.2	55.6	55.3	52.4	53.6	53.6	53.0	52.9	53.0	52.4	52.5	51.4	48.2	46.1	40.6	32.8	26.3	22.6	21.8	22.3	21.1
2018/01/18 17:42:52	62.3	34.9	34.9	49.2	49.2	62.2	62.2	62.7	62.7	55.0	55.4	53.5	47.1	52.1	51.5	50.7	53.6	52.8	52.2	52.3	51.7	52.0	53.1	52.0	49.8	46.8	38.9	31.2	24.4	22.5	21.9	22.2	21.1
2018/01/18 17:42:53	60.4	32.3	32.3	48.1	48.1	60.6	60.6	61.3	61.3	54.1	54.2	53.2	46.2	53.8	50.2	50.0	52.9	51.8	51.7	52.3	51.4	49.8	48.7	46.2	43.7	41.2	36.5	30.9	23.8	21.3	21.2	21.9	20.7
2018/01/18 17:42:54	60.4	28.3	28.3	46.3	46.3	60.0	60.0	62.8	62.8	56.9	53.2	52.0	50.0	52.5	50.6	50.0	53.9	52.5	52.5	52.3	50.4	48.6	48.5	45.8	43.8	40.8	39.0	34.5	27.4	24.5	23.7	23.2	22.7
2018/01/18 17:42:55	62.4	31.9	31.9	47.0	47.0	60.5	60.5	64.3	64.3	58.4	52.5	51.5	50.5	53.4	52.1	53.2	58.3	54.5	55.5	54.3	51.5	49.3	48.1	45.4	43.9	42.6	42.7	37.3	30.1	25.7	22.5	22.9	21.3
2018/01/18 17:42:56	62.1	29.7	29.7	46.6	46.6	61.8	61.8	65.3	65.3	58.3	51.8	56.1	52.1	54.3	52.2	54.7	59.0	54.2	54.0	53.6	51.0	48.3	47.3	44.1	43.9	43.5	41.1	34.3	28.9	22.7	21.4	22.2	20.9
2018/01/18 17:42:57	63.5	28.6	28.6	45.6	45.6	62.7	62.7	67.4	67.4	61.8	54.8	58.5	52.2	56.5	54.4	55.9	60.0	56.2	57.1	55.2	50.4	48.6	47.0	44.5	44.2	42.2	38.3	32.2	25.5	22.6	21.5	22.3	21.0
2018/01/18 17:42:58	61.1	34.2	34.2	49.6	49.6	67.3	67.3	70.9	70.9	64.1	54.9	55.0	52.0	53.9	50.0	51.3	55.6	53.3	53.6	52.7	48.0	48.2	47.6	45.4	45.7	43.0	38.2	32.1	23.3	20.8	21.0	21.9	20.8
2018/01/18 17:42:59	59.6	37.0	37.0	51.4	51.4	64.4	64.4	65.6	65.6	58.5	56.7	56.4	51.3	53.8	50.0	50.8	53.1	52.3	50.4	50.0	47.1	46.9	47.4	47.2	44.6	43.2	40.0	32.9	26.2	21.6	21.5	22.3	20.9
2018/01/18 17:43:00	60.5	37.4	37.4	56.6	56.6	65.5	65.5	64.1	64.1	62.2	58.2	55.8	51.2	51.3	51.4	48.7	51.8	52.9	51.0	49.9	48.0	49.3	50.0	48.0	48.2	46.5	42.4	37.9	27.5	22.3	21.5	22.3	20.9
2018/01/18 17:43:01	63.1	36.7	36.7	55.4	55.4	63.7	63.7	63.8	63.8	62.7	58.7	59.2	54.2	54.2	51.9	50.5	52.6	51.9	50.3	49.3	48.2	49.4	50.4	48.2	47.4	47.3	57.0	55.4	32.9	27.8	27.1	25.6	22.9
2018/01/18 17:43:02	63.9	32.6	32.6	52.6	52.6	59.3	59.3	60.8	60.8	60.7	59.7	58.9	52.5	54.4	52.5	51.7	52.4	52.8	51.3	52.7	50.2	52.0	52.2	50.9	49.4	48.4	57.5	52.7	35.0	31.8	27.5	26.7	23.6
2018/01/18 17:43:03	65.6	33.8	33.8	49.1	49.1	59.6	59.6	63.8	63.8	64.0	61.6	60.3	53.2	55.1	54.1	54.9	55.9	55.6	54.9	54.7	53.4	55.7	57.2	54.7	52.6	51.7	47.5	45.1	36.0	31.1	25.9	23.9	21.8
2018/01/18 17:43:04	73.2	33.3	33.3	50.5	50.5	63.1	63.1	65.5	65.5	63.3	61.6	62.6	57.9	60.7	59.8	60.0	63.5	63.0	62.7	63.0	62.3	61.8	64.8	62.5	60.8	60.4	57.4	53.6	49.5	44.2	38.7	35.4	32.6
2018/01/18 17:43:05	67.2	31.9	31.9	49.5	49.5	59.8	59.8	63.1	63.1	63.1	61.6	60.5	53.2	55.5	54.7	54.2	55.9	56.0	57.2	58.2	60.2	57.9	56.4	54.1	52.3	51.1	50.2	45.3	39.5	33.9	28.9	28.7	24.6
2018/01/18 17:43:06	58.4	31.0	31.0	52.8	52.8	61.0	61.0	62.1	62.1	62.7	59.9	57.2	50.9	53.0	51.9	51.1	49.3	46.7	45.9	47.3	46.3	44.8	44.5	43.2	42.2	42.8	47.6	48.8	30.1	22.9	21.9	25.7	23.7
2018/01/18 17:43:07	58.0	32.6	32.6	51.6	51.6	61.0	61.0	63.0	63.0	63.8	60.6	58.7	54.2	56.9	50.7	50.2	51.8	48.0	45.9	46.9	45.5	43.7	44.7	43.8	43.1	41.9	38.8	33.6	25.2	21.5	21.1	22.2	20.9
2018/01/18 17:43:08	59.7	31.2	31.2	49.9	49.9	59.6	59.6	63.5	63.5	65.3	63.3	56.7	51.1	60.7	52.6	50.9	53.2	48.9	48.2	48.7	47.7	45.1	46.4	44.7	44.6	43.8	40.8	34.6	26.3	21.3	21.0	21.6	20.6
2018/01/18 17:43:09	61.2	31.0	31.0	51.8	51.8	60.8	60.8	61.7	61.7	65.5	64.6	59.1	56.3	60.3	54.2	52.7	55.3	50.7	49.8	49.7	49.5	46.8	47.9	46.5	47.5	47.0	43.8	38.3	28.4	22.9	21.3	21.9	20.9
2018/01/18 17:43:10	63.1	32.6	32.6	51.9	51.9	60.4	60.4	63.4	63.4	66.2	62.5	60.1	58.7	57.9	55.4	53.3	56.2	53.7	50.8	51.8	51.4	49.1	49.7	50.7	51.6	52.1	47.9	43.0	32.1	26.1	22.6	22.1	20.7
2018/01/18 17:43:11	70.1	33.4	33.4	53.6	53.6	58.9	58.9	65.1	65.1	68.3	62.2	62.3	63.0	61.1	61.0	58.3	61.4	61.0	55.5	55.7	54.0	56.1	56.7	59.1	60.7	62.0	57.4	54.8	43.4	39.5	31.4	27.2	24.7
2018/01/18 17:43:12	77.9	34.0	34.0	60.3	60.3	65.1	65.1	69.7	69.7	73.8	65.7	66.7	65.9	68.8	65.9	68.9	71.6	64.3	63.6	64.5	64.8	65.9	66.1	65.5	66.8	68.7	67.9	62.3	56.6	49.4	47.0	45.0	43.6
2018/01/18 17:43:13	69.5	33.1	33.1	54.0	54.0	62.6	62.6	66.3	66.3	67.4	63.7	64.2	60.0	60.1	57.9	58.6	59.9	57.7	59.7	62.2	59.4	56.1	58.3	58.0	56.5	56.8	54.4	49.0	44.0	39.5	35.5	32.1	28.3
2018/01/18 17:43:14	65.0	31.8	31.8	53.3	53.3	60.6	60.6	63.4	63.4	66.4	63.1	60.3	56.1	59.3	55.3	54.3	55.4	53.7	53.0	57.1	57.9	54.2	51.5	49.9	50.0	49.5	47.6	41.5	36.0	28.4	25.3	24.3	22.4
2018/01/18 17:43:15	60.9	30.3	30.3	51.5	51.5	59.3	59.3	62.2	62.2	63.8	61.6	61.9	54.3	56.1	54.0	53.3	53.8	51.1	50.3	52.5	49.3	46.3	48.4	46.4	46.4	45.2	42.1	35.7	27.0	22.1	21.2	21.9	20.9
2018/01/18 17:43:16	60.0	33.1	33.1	53.1	53.1	61.8	61.8	65.7	65.7	65.3	60.5	59.6	53.3	55.5	52.5	52.4	53.0	50.8	49.7	51.2	48.7	45.5	47.4	44.9	44.5	43.8	41.3	34.1	27.1	22.8	22.6	23.4	21.3
2018/01/18 17:43:17	59.6	30.4	30.4	50.6	50.6	59.4	59.4	63.9	63.9	63.6	59.3	59.8	54.0	56.0	52.1	52.7	51.6	50.2	49.2	50.8	47.2	45.8	46.5	45.5	44.7	44.2	40.5	35.2	26.7	21.8	21.5	22.1	21.0
2018/01/18 17:43:18	59.5	28.2	28.2	50.2	50.2	60.1	60.1	62.5	62.5	62.1	60.5	58.5	52.6	52.8	53.6	50.4	51.3	50.8	49.9	50.2	46.5	46.9	46.5	46.4	46.3	44.7	40.9	35.8	27.7	22.6	21.7	21.8	21.0
2018/01/18 17:43:19	60.2	33.7	33.7	51.3	51.3	59.7	59.7	62.4	62.4	62.9	59.2	59.3	55.2	56.3	53.6	53.0	53.1	51.8	50.1	50.3	46.3	46.7	47.1	47.2	46.9	44.9	41.8	37.0	28.9	24.3	21.8	21.9	20.7
2018/01/18 17:43:20	60.5	32.8	32.8	50.8	50.8	60.3	60.3	65.3	65.3	65.0	59.9	58.6	51.5	54.6	54.3	52.6	52.7	52.1	50.6	49.7	47.2	49.0	49.0	47.6	46.1	44.6	40.7	38.3	28.4	23.8	22.3	21.9	20.8
2018/01/18 17:43:21	62.3	32.5	32.5	51.3	51.3	57.2	57.2	62.8	62.8	63.5	58.3	59.5	52.7	55.1	54.2	53.2	52.4	52.0	51.2	51.0	47.4	51.5	51.3	49.5	48.1	47.1	52.0	50.7	38.6	26.1	22.9	22.8	21.9
2018/01/18 17:43:22	66.8	40.0	40.0	53.7	53.7	60.8	60.8	64.7	64.7	64.8	58.6	59.7	53.9	59.1	59.3	56.5	56.9	56.6	56.2	54.8	51.0	54.7	56.2	54.1	54.6	53.7	56.0	57.0	45.2	36.9	34.4	32.2	31.2
2018/01/18 17:43:23	68.5	45.2	45.2	58.3	58.3	65.2	65.2	66.4	66.4	65.4	63.3	63.4	57.2	61.3	57.7	55.9	57.9	58.7	58.8	59.6	55.6	54.3	56.5	55.3	56.1	55.4	57.2	57.9	50.2	42.2	39.8	37.4	40.5
2018/01/18 17:43:24	65.2	37.0	37.0	53.2	53.2	63.5	63.5	66.4	66.4	65.4	61.0	61.4	53.3	56.3	54.8	52.8	52.7	55.5	56.2	52.5	48.8	47.1	46.7	46.6	47.4	46.5	51.3	61.9	34.2	30.5	29.6	24.8	32.5
2018/01/18 17:43:25	62.9	37.4	37.4	52.2	52.2	61.2	61.2	63.4	63.4	64.3	60.3	60.5	53.6	54.1	52.9	51.1	51.8	50.5	49.3	50.3	48.1	46.2	46.2	46.1	46.7	48.3	48.9	59.6	43.3	38.7	34.2	38.5	33.1
2018/01/18 17:43:26	60.5	31.9	31.9	52.4	52.4	60.8	60.8	62.8	62.8	62.6	60.9	59.1	52.2	56.0	54.1	51.9	51.8	52.9	50.2	50.9	48.4	47.1	47.3	46.0	46.6	47.0	44.8	39.8	32.8	28.8	24.3	23.3	21.6
2018/01/18 17:43:27	61.7	32.1	32.1	52.0	52.0	62.5	62.5	65.2	65.2	63.4	61.0	59.8	52.3	55.4	55.7	52.8	53.1	55.2	51.9	50.8	48.6	48.7	49.6	48.0	48.1	48.2	45.3	38.9	31.5	27.0	23.3	22.8	21.2
2018/01/18 17:43:28	64.4	32.7	32.7	50.4	50.4	61.0	61.0	62.8	62.8	63.0	60.7	58.7	53.6	56.2	55.3	53.8	55.0	59.9	54.2	52.4	50.1	52.6	54.5	51.3	51.2	49.8	45.8	41.8	32.5	27.9	23.8	22.5	21.6
2018/01/18 17:43:29	69.0	33.1	33.1	51.4	51.4	61.2	61.2	63.4	63.4	61.9	60.0	58.7	54.0	58.1	61.4	59.4	61.0	62.7	57.2	57.4	53.5	57.6	59.2	57.8	56.9	56.5	52.6	50.5	43.5	38.6	31.7	28.5	25.4
2018/01/18 17:43:30	73.1	32.5	32.5	51.2	51.2	61.2	61.2	64.0	64.0	64.0	59.6	59.9	58.1	63.1	62.9	60.6	64.3	64.3	62.7	64.0	61.0	60.6	61.5	61.3	60.8	61.5	61.5	56.1	50.7	45.2	40.7	38.8	36.5
2018/01/18 17:43:31	65.8	34.6	34.6	51.3	51.3	60.9	60.9	63.5	63.5	62.6	60.3	60.0	55.7	58.6	57.8	57.3	55.6	55.9	55.6	55.7	52.8	54.8	55.9	54.3	54.1	53.2	49.2	45.9	38.4	34.2	28.4	31.0	23.3
2018/01/18 17:43:32	69.9	35.8	35.8	53.7	53.7	62.3	62.3	65.5	65.5	64.7	60.7	61.6	56.6	59.5	59.0	59.7	58.1	58.9	58.0	59.9	61.5	57.6	59.1	59.3	58.7	57.4	55.3	50.0	44.6	38.7	33.6	33.5	28.8
2018/01/18 17:43:33	67.4	35.3	35.3	52.1	52.1	62.0	62.0	64.5	64.5	64.7	58.6	59.0	53.6	62.8	57.2	56.9	55.8	56.7	56.0	55.3	53.5	57.7	59.0	57.0	56.0	54.3	49.2	44.8	35.8	33.5	29.0	30.4	23.0
2018/01/18 17:43:34	70.1	34.6	34.6	54.1	54.1	62.2	62.2	63.2	63.2	61.7	58.7	57.8	52.7	59.7	61.5	59.3	60.5	60.9	61.2	61.4	58.2	58.5	59.9	58.7	57.0	57.1	54.5	48.3	49.4	38.7	34.3	33.1	30.4
2018/01/18 17:43:35	67.7	37.8	37.8	57.9	57.9	65.4	65.4	64.4	64.4	63.1	60.1	57.4	52.5	59.3	58.4	53.4	54.9	58.1	58.8	62.2	57.0	55.4	55.5	53.2	54.1	53.7	52.0	46.1	40.1	34.7	30.0	28.5	27.4
2018/01/18 17:43:36	60.0	31.6	31.6	51.6	51.6	60.1	60.1	62.8	62.8	64.6	60.0	58.6	50.0	54.0	53.9	49.6	50.1	49.8	49.5	50.6	49.0	46.7	48.1	44.2	46.7	49.1	43.5	37.2	29.4	24.5	22.1	22.2	20.9
2018/01/18 17:43:37	59.5	32.8	32.8	50.2	50.2	59.7	59.7	62.7	62.7	62.7	58.6	57.0	49.5	53.6	54.6	50.7	50.1	50.8	48.3	50.3	48.3	44.8	47.2	43.2	45.8	48.4	43.4	36.8	29.2	24.3	22.5	22.4	20.9
2018/01/18 17:43:38	59.0	34.6	34.6	51.3	51.3	60.1	60.1	64.1	64.1	64.6	58.7	56.7	48.7	53.1	51.7	50.6	49.3	50.1	48.6	49.5	47.3	44.9	46.4	43.1	45.8	47.9	42.7	36.7	28.9	24.0	22.1	22.1	21.0
2018/01/18 17:43:39	59.0	34.2	34.2	51.4	51.4	61.4	61.4	63.7	63.7	63.3	59.9	58.4	49.3	52.6	53.9	51.2	48.8	49.4	47.8	49.7	46.6	44.2	46.4	43.8	45.2	48.1	43.2	36.4	29.2	24.1	22.3	22.0	20.8
2018/01/18 17:43:40	59.3	36.4	36.4	54.8	54.8	62.8	62.8	63.2	63.2	64.0	61.8	57.6	51.4	52.9	53.5	50.1	50.0	50.8	48.6	50.1	46.9	44.6	46.8	43.3	45.4	47.5	43.1	35.9	29.0	23.7	22.0	22.1	20.7
2018/01/18 17:43:41	59.1	29.8	29.8	51.1	51.1	60.3	60.3	62.3	62.3	62.2	59.8	56.2	50.1	54.0	52.5	49.6	49.8	51.1	49.5	49.8	46.7	44.3	46.9	42.4	46.2	47.7	43.4	37.1	29.2	24.9	22.9	22.7	21.0
2018/01/18 17:43:42	60.7	32.8	32.8	51.8	51.8	60.5	60.5	62.8	62.8	61.7	58.5	56.7	50.7	54.9	53.6	51.9	52.8	52.1	50.5	51.2	47.3	46.9	49.0	45.8	47.9	49.6	46.0	40.4	35.5	31.2	28.2	27.3	27.0
2018/01/18 17:43:43	62.3	33.9	33.9	51.1	51.1	59.6	59.6	60.8	60.8	60.7	56.6	57.5	51.2	55.7	55.0	53.8	54.0	54.8	51.1	51.9	48.0	50.6	51.1	49.6	49.2	50.9	47.4	43.6	36.4	32.1	30.4	29.0	27.6
2018/01/18 17:43:44	67.2	32.7	32.7	49.0	49.0	58.4	58.4	61.3	61.3	62.8	58.9	55.8	52.4	57.8	60.2	61.1	60.5	59.5	54.7	57.2	51.0	56.1	56.0	54.9	54.8	55.1	50.7	47.0	40.4	36.7	31.3	28.6	27.0
2018/01/18 17:43:45	74.0	33.0	33.0	48.1	48.1	58.1	58.1	60.1	60.1	65.4	66.5	60.7	55.5	62.1	65.0	64.9	66.5	66.8	64.9	64.7	60.9	61.3	60.9	60.3	60.0	63.1	61.6	55.5	51.2	47.0	42.7	40.3	39.5
2018/01/18 17:43:46	64.5	33.3	33.3	49.7	49.7	60.0	60.0	65.8	65.8	66.7	61.3	59.6	52.0	57.4	60.6	55.0	55.1	55.4	55.3	54.4	53.4	51.5	52.7	49.4	50.5	52.0	49.4	44.9	37.6	32.7	28.0	25.4	23.8
2018/01/18 17:43:47	67.0	32.2	32.2	53.5	53.5	59.3	59.3	59.7	59.7	60.5	57.7	60.0	53.8	59.5	58.7	58.0	57.8	58.2	57.6	58.2	53.6	54.9	55.6	53.7	54.1	56.3	51.2	50.8	46.5	41.0	33.0	30.3	26.9
2018/01/18 17:43:48	70.7	36.6	36.6	59.9	59.9	67.0	67.0	66.1	66.1	65.3	60.7	61.0	58.5	61.6	60.3	59.0	61.1	60.4	61.8	62.2	59.3	57.4	57.9	57.0	58.3	59.0	58.8	56.8	53.3	45.3	39.3	39.6	41.0
2018/01/18 17:43:49	60.4	34.8	34.8	51.2	51.2	60.8	60.8	62.6	62.6	63.7	59.1	57.7	49.9	54.0	53.9	51.4	50.8	50.2	50.2	52.3	50.1	47.6	48.2	44.7	46.1	48.5	45.1	38.5	30.5	25.9	23.8	22.6	21.6
2018/01/18 17:43:50	58.6	31.6	31.6	46.8	46.8	56.6	56.6	61.7	61.7	61.8	57.3	55.1	45.3	50.7	52.6	48.6	48.6	48.5	48.7	50.7	47.0	44.8	46.2	43.6	45.2	47.4	43.5	36.4	29.4	25.0	22.8	22.4	21.3
2018/01/18 17:43:51	58.8	29.8	29.8	48.3	48.3	59.1	59.1	63.2	63.2	63.6	60.0	55.8	48.4	50.6	52.4	48.5	48.7	49.5	48.5	50.1	47.4	44.7	46.9	42.2	45.9	47.8	43.7	36.8	29.2	24.6	22.6	22.4	21.4
2018/01/18 17:43:52	58.9	30.4	30.4	49.9	49.9	59.2	59.2	62.1	62.1	61.7	59.1	54.6	48.6	51.8	52.9	48.0	49.8	48.9	47.4	50.6	47.1	44.7	47.3	42.5	47.1	47.8	43.5	36.8	28.8	24.4	22.6	22.5	21.3
2018/01/18 17:43:53	58.6	28.7	28.7	48.5	48.5	58.6	58.6	63.0	63.0	62.5	56.0	55.3	48.7	51.7	52.9	47.4	49.2	49.1	48.2	50.4	45.9	45.0	46.8	41.9	46.3	47.9	43.4	37.5	29.4	24.8	22.7	22.6	21.2
2018/01/18 17:43:54	58.5	31.4	31.4	47.9	47.9	57.2	57.2	59.9	59.9	60.6	57.6	55.2	45.9	51.6	52.2	48.0	49.8	49.1	47.9	50.3	45.8	44.1	46.3	41.9	46.4	48.1	43.7	36.7	29.1	24.4	22.5	22.3	21.3
2018/01/18 17:43:55	58.4	30.8	30.8	47.9	47.9	57.5	57.5	63.7	63.7	64.3	58.9	56.0	45.9	50.9	52.5	48.6	48.1	49.5	47.9	49.2	45.9	43.8	47.1	42.0	45.2	46.9	43.6	36.6	29.3	24.3	22.2	22.3	21.0
2018/01/18 17:43:56	58.9	33.4	33.4	48.5	48.5	59.3	59.3	63.5	63.5	63.7	57.4	56.4	49.1	51.1	52.6	47.4	48.9	49.3	48.3	50.4	47.3	44.0	47.1	43.1	46.0	48.8	43.7	37.6	29.2	24.2	22.2	22.1	21.0
2018/01/18 17:43:57	58.3	33.1	33.1	50.4	50.4	59.2	59.2	61.4	61.4	61.7	58.5	55.0	47.1	50.3	51.9	47.1	48.4	49.2	47.8	50.1	46.7	43.8	46.0	42.4	45.8	47.5	43.7	37.2	29.4	24.7	22.5	22.4	20.9
2018/01/18 17:43:58	58.6	30.9	30.9	49.2	49.2	58.1	58.1	63.3	63.3	64.3	58.9	54.8	46.7	50.5	53.2	47.3	48.6	49.3	48.2	49.4	45.7	43.9	46.5	41.9	45.8	48.7	43.8	37.8	29.9	25.8	23.6	22.8	21.2
2018/01/18 17:43:59	58.7	32.4	32.4	50.1	50.1	59.2	59.2	61.6	61.6	62.1	58.4	55.2	45.3	50.1	52.9	48.8	48.8	49.8	48.6	50.3	46.6	44.5	46.7	42.0	45.4	47.9	44.3	37.8	30.0	26.3	24.4	23.5	22.0
2018/01/18 17:44:00	59.1	32.6	32.6	47.1	47.1	59.0	59.0	63.5	63.5	64.7	60.2	57.8	49.2	51.6	53.3	49.4	47.8	48.9	49.4	49.3	47.1	45.1	46.3	42.7	46.7	48.5	44.4	37.6	30.7	28.0	27.6	26.8	25.1
2018/01/18 17:44:01	59.7	35.6	35.6	50.6	50.6	59.4	59.4	62.6	62.6	64.8	61.7	61.4	50.3	51.8	52.5	50.7	49.1	48.9	49.0	49.8	48.0	45.8	47.1	43.2	47.5	48.9	43.8	37.5	30.4	25.0	23.0	23.0	21.7
2018/01/18 17:44:02	62.9	34.2	34.2	53.3	53.3	60.6	60.6	63.1	63.1	65.8	63.7	63.8	52.2	53.6	53.7	51.7	59.8	56.4	50.0	50.4	49.0	46.4	50.7	43.8	47.3	51.1	44.8	39.0	32.5	25.7	23.0	22.5	21.6
2018/01/18 17:44:03	60.3	35.0	35.0	51.8	51.8	61.0	61.0	65.0	65.0	65.5	64.9	62.1	55.3	54.7	53.8	50.3	49.5	50.4	49.3	49.5	45.9	46.2	47.5	43.5	48.6	48.7	44.5	38.1	31.7	25.7	23.7	22.7	21.1
2018/01/18 17:44:04	64.2	41.8	41.8	58.2	58.2	63.7	63.7	62.2	62.2	65.7	65.8	64.2	57.6	57.7	57.2	55.3	53.4	53.5	51.6	53.4	49.5	48.7	52.0	47.1	50.5	57.0	50.4	40.6	34.6	28.5	24.9	23.3	21.3
2018/01/18 17:44:05	70.4	44.5	44.5	58.8	58.8	73.8	73.8	75.8	75.8	68.1	64.8	69.0	61.0	63.5	62.9	61.3	61.2	59.0	58.4	61.5	56.9	55.5	58.0	53.4	58.9	62.4	55.1	46.0	39.3	34.4	29.5	26.9	23.0
2018/01/18 17:44:06	70.5	44.7	44.7	56.8	56.8	72.3	72.3	74.2	74.2	66.1	60.4	60.3	58.9	62.7	62.0	59.3	61.0	61.0	57.9	60.5	56.4	56.1	59.6	55.9	60.3	62.5	56.8	48.3	41.2	36.5	33.0	30.6	25.0
2018/01/18 17:44:07	70.3	43.9	43.9	61.3	61.3	71.9	71.9	70.9	70.9	63.5	67.7	65.2	59.2	61.4	64.9	62.5	65.2	61.4	59.2	60.9	56.7	55.1	59.0	54.7	56.1	59.2	55.3	48.0	43.5	39.0	33.3	29.4	24.7
2018/01/18 17:44:08	71.0	39.0	39.0	52.0	52.0	70.4	70.4	74.0	74.0	66.6	63.9	69.2	56.8	63.5	66.1	63.3	62.0	62.4	60.8	61.4	56.9	56.9	58.9	54.9	57.3	60.6	57.8	51.0	45.4	38.5	33.7	28.9	24.0
2018/01/18 17:44:09	68.5	37.2	37.2	56.1	56.1	66.6	66.6	68.9	68.9	63.3	60.0	61.0	54.7	58.0	62.2	60.9	59.9	59.6	59.0	60.1	54.7	54.8	57.2	54.1	55.2	57.0	55.2	48.3	39.7	34.3	29.4	25.2	22.0
2018/01/18 17:44:10	66.7	36.0	36.0	57.4	57.4	65.5	65.5	66.2	66.2	65.6	60.2	59.3	54.2	58.7	59.2	58.8	58.5	58.7	57.9	58.3	52.5	54.2	56.0	52.0	53.0	54.0	49.9	44.5	37.8	31.4	26.0	23.4	21.3
2018/01/18 17:44:11	68.6	36.2	36.2	54.4	54.4	64.9	64.9	64.4	64.4	57.1	57.7	59.1	54.1	57.4	59.3	58.4	59.5	60.4	59.6	59.3	54.8	58.4	58.9	56.2	55.8	54.8	50.0	47.7	38.4	35.0	28.6	24.1	22.1
2018/01/18 17:44:12	72.7	40.1	40.1	57.6	57.6	69.5	69.5	69.3	69.3	63.3	61.6	63.6	56.6	60.2	60.9	61.8	63.7	63.8	65.5	64.3	60.9	60.6	61.7	59.8	60.0	59.9	56.6	51.5	47.6	42.4	38.1	31.8	33.8
2018/01/18 17:44:13	74.4	38.5	38.5	55.7	55.7	65.9	65.9	66.3	66.3	62.1	61.1	63.6	57.1	61.5	63.3	64.1	66.7	65.7	67.3	66.5	61.4	62.1	62.6	60.8	61.9	61.3	58.0	53.2	47.5	43.0	38.3	34.7	34.9
2018/01/18 17:44:14	73.4	37.6	37.6	59.1	59.1	68.2	68.2	67.0	67.0	62.8	59.7	63.6	58.9	61.8	65.4	62.8	63.7	63.1	65.1	64.5	61.1	61.6	62.6	60.2	62.2	61.3	57.1	54.6	47.4	42.9	37.7	38.0	35.5
2018/01/18 17:44:15	78.1	35.6	35.6	52.9	52.9	63.0	63.0	66.8	66.8	66.9	61.0	66.8	64.5	64.7	69.2	66.5	65.6	68.0	67.0	70.2	63.8	62.2	65.3	64.3	69.5	68.8	65.0	59.7	56.3	49.6	45.5	44.0	39.6
2018/01/18 17:44:16	67.6	35.7	35.7	52.2	52.2	64.0	64.0	66.3	66.3	62.0	57.9	59.0	52.9	60.8	62.1	56.7	59.5	58.2	57.5	60.2	56.8	54.9	54.6	54.0	55.3	54.1	51.1	45.8	38.6	33.7	30.4	29.6	26.2
2018/01/18 17:44:17	66.6	35.8	35.8	52.1	52.1	64.8	64.8	66.2	66.2	57.7	54.5	56.1	50.1	56.1	59.2	57.7	57.0	57.9	58.2	58.0	53.5	56.7	56.7	54.1	52.7	51.5	45.9	45.2	34.0	32.5	26.6	23.5	22.6
2018/01/18 17:44:18	74.1	38.8	38.8	62.6	62.6	69.8	69.8	68.6	68.6	63.3	59.0	60.5	58.6	62.4	65.3	63.6	64.0	65.0	66.6	67.9	60.5	61.4	63.0	60.9	59.9	59.2	57.5	54.3	48.5	43.6	39.2	36.9	35.5
2018/01/18 17:44:19	69.8	34.0	34.0	55.5	55.5	63.3	63.3	65.2	65.2	63.5	57.3	58.9	56.6	57.2	59.9	57.8	59.7	58.1	62.3	63.9	60.1	58.9	57.2	55.6	54.0	53.3	51.3	49.3	39.3	35.5	31.4	29.3	27.6
2018/01/18 17:44:20	72.5	29.5	29.5	53.4	53.4	62.3	62.3	65.1	65.1	62.2	60.4	59.8	57.6	61.5	60.0	60.4	64.9	61.0	63.7	65.8	61.4	61.2	60.3	59.6	59.0	59.2	57.8	54.2	48.6	45.5	41.3	39.9	39.5
2018/01/18 17:44:21	65.4	34.2	34.2	51.7	51.7	64.3	64.3	66.8	66.8	60.4	56.0	57.9	54.4	57.2	58.2	56.3	59.3	55.2	56.3	58.2	55.6	54.7	52.1	49.4	48.5	49.1	46.1	42.1	35.3	29.3	26.2	25.7	23.5
2018/01/18 17:44:22	60.9	32.6	32.6	49.0	49.0	60.2	60.2	61.7	61.7	57.4	57.8	55.2	47.9	52.7	54.4	50.4	52.4	52.9	51.7	51.3	48.8	50.5	50.1	48.1	47.1	45.9	40.2	36.9	28.1	24.6	22.2	22.1	20.9
2018/01/18 17:44:23	65.1	31.3	31.3	52.2	52.2	62.9	62.9	64.3	64.3	59.8	56.8	55.2	47.6	54.6	58.5	53.4	55.4	54.7	54.4	52.2	49.0	55.8	56.6	54.6	53.4	52.2	46.8	44.5	37.5	33.6	27.8	25.6	23.8
2018/01/18 17:44:24	69.4	32.7	32.7	52.8	52.8	62.9	62.9	65.7	65.7	61.5	57.1	56.9	51.3	57.9	59.8	56.1	60.3	60.0	62.1	60.5	57.6	57.1	57.7	57.3	57.6	56.9	55.0	50.3	45.9	40.7	36.3	33.7	31.8
