DataTime                     	dB(A)	16	20	25	31.5	40	50	63	80	100	125	160	200	250	315	400	500	630	800	1000	1250	1600	2000	2500	3150	4000	5000	6300	8000	10000	12500	16000	20000
2018/01/18 18:31:27	53.2	25.7	25.7	39.7	39.7	48.5	48.5	51.1	51.1	47.4	45.8	47.0	38.0	40.8	39.3	40.0	44.0	45.1	42.5	49.7	40.7	40.7	41.2	34.7	33.2	31.1	28.2	24.6	20.9	20.8	21.1	22.2	20.6
2018/01/18 18:31:28	56.0	24.3	24.3	39.0	39.0	49.0	49.0	51.2	51.2	47.5	45.0	45.4	38.9	40.6	40.9	44.2	51.8	52.8	47.6	48.5	43.8	42.3	38.7	34.2	33.4	32.3	28.7	25.5	22.4	21.3	21.5	22.3	21.0
2018/01/18 18:31:29	49.5	24.8	24.8	40.6	40.6	49.1	49.1	48.9	48.9	44.8	45.0	43.2	38.2	41.4	40.1	38.4	40.9	41.3	42.4	40.9	39.5	39.2	37.2	34.0	32.6	31.8	29.8	28.5	25.1	23.0	22.7	25.0	26.6
2018/01/18 18:31:30	51.3	24.5	24.5	40.8	40.8	50.5	50.5	50.6	50.6	45.0	41.7	41.0	35.7	39.6	38.4	40.3	42.5	41.1	40.7	47.2	40.6	41.0	39.4	33.6	32.9	32.4	29.0	26.1	20.9	20.5	21.1	22.2	20.7
2018/01/18 18:31:31	53.7	23.2	23.2	41.4	41.4	49.7	49.7	49.6	49.6	45.7	43.0	42.0	39.7	41.0	40.3	43.6	47.1	48.1	46.4	48.6	41.7	41.3	37.8	34.2	32.6	30.9	26.8	24.1	20.5	20.7	21.2	22.2	20.7
2018/01/18 18:31:32	47.9	24.9	24.9	40.6	40.6	49.7	49.7	48.7	48.7	45.1	42.6	41.0	37.2	40.0	38.8	38.2	39.4	38.0	38.3	39.7	39.4	38.0	36.9	33.5	32.3	29.5	25.9	22.5	19.9	20.3	20.8	21.7	20.7
2018/01/18 18:31:33	47.5	26.7	26.7	42.9	42.9	52.2	52.2	51.1	51.1	45.7	42.2	42.2	39.3	40.1	38.1	36.8	38.0	37.4	37.5	40.7	38.1	37.5	35.8	33.1	31.1	28.7	25.2	22.6	19.9	20.2	20.8	21.7	20.4
2018/01/18 18:31:34	55.2	24.7	24.7	43.0	43.0	51.8	51.8	51.0	51.0	45.2	42.7	41.9	38.4	39.3	38.5	45.3	47.9	51.1	47.9	49.4	43.5	41.7	37.8	32.6	31.1	33.0	28.8	26.8	22.2	20.5	21.0	22.0	20.8
2018/01/18 18:31:35	49.7	24.8	24.8	41.7	41.7	50.7	50.7	49.9	49.9	43.5	41.7	42.2	36.5	38.9	37.2	38.3	39.7	39.9	45.0	43.8	38.2	37.4	34.8	32.2	30.1	29.3	26.9	25.0	21.7	22.0	22.3	22.6	20.9
2018/01/18 18:31:36	53.9	24.2	24.2	39.1	39.1	48.8	48.8	49.5	49.5	43.7	41.5	41.3	33.9	39.6	38.8	41.7	44.6	45.2	44.5	51.1	41.3	41.4	36.7	33.7	31.8	32.3	28.7	26.7	22.1	22.0	21.5	22.4	20.9
2018/01/18 18:31:37	49.8	24.2	24.2	39.5	39.5	47.9	47.9	49.7	49.7	44.7	40.3	39.6	35.5	39.9	38.4	36.2	42.8	42.4	39.4	45.8	37.9	38.0	34.5	32.1	30.1	29.1	25.5	23.8	20.7	21.6	21.2	22.3	20.8
2018/01/18 18:31:38	51.6	25.2	25.2	38.8	38.8	47.6	47.6	49.6	49.6	45.1	40.9	40.6	37.7	38.0	36.9	40.4	42.2	42.4	44.3	43.2	39.5	41.7	41.2	33.9	38.0	35.4	35.4	35.7	32.2	32.5	35.8	37.1	33.7
2018/01/18 18:31:39	47.8	25.9	25.9	40.1	40.1	49.8	49.8	50.0	50.0	43.4	41.3	41.4	37.7	38.6	35.9	35.2	35.8	37.1	35.1	37.2	36.1	35.3	33.1	32.0	31.8	38.1	40.2	34.2	34.3	33.1	31.9	28.0	26.4
2018/01/18 18:31:40	57.6	25.3	25.3	40.6	40.6	49.3	49.3	49.0	49.0	44.4	42.2	41.6	38.2	38.8	38.3	42.4	47.7	50.8	48.7	54.8	42.6	45.0	44.1	36.1	33.9	35.5	33.5	30.0	27.0	24.6	24.8	25.5	23.0
2018/01/18 18:31:41	48.9	25.0	25.0	38.0	38.0	48.3	48.3	49.5	49.5	44.4	42.0	41.9	38.1	39.7	38.1	36.9	38.7	37.6	38.3	39.8	39.1	38.4	39.3	37.2	35.2	33.3	34.5	30.9	27.8	26.8	24.9	23.8	23.4
2018/01/18 18:31:42	55.8	26.0	26.0	38.0	38.0	48.5	48.5	49.1	49.1	43.0	40.7	40.0	35.1	38.8	37.7	44.1	45.0	52.5	50.1	49.7	43.7	40.8	39.1	35.1	32.6	34.2	31.4	27.5	25.5	22.8	23.4	25.7	24.0
2018/01/18 18:31:43	53.1	25.5	25.5	38.9	38.9	48.1	48.1	48.9	48.9	44.1	40.4	40.7	37.8	40.3	38.5	43.2	44.2	46.3	47.0	46.8	42.2	42.1	37.7	35.7	34.6	34.5	34.2	30.0	26.8	25.6	24.4	24.0	23.1
2018/01/18 18:31:44	53.8	25.3	25.3	39.1	39.1	48.3	48.3	48.8	48.8	43.2	39.7	42.4	36.7	39.7	38.5	40.3	49.3	50.5	44.3	46.2	41.3	41.9	38.0	33.4	32.4	33.1	29.7	27.1	22.8	21.5	21.8	22.4	21.0
2018/01/18 18:31:45	54.2	27.1	27.1	41.3	41.3	51.9	51.9	52.0	52.0	46.4	43.5	42.7	37.9	41.5	41.2	42.3	46.2	49.3	45.9	49.6	42.2	42.0	38.5	34.5	33.0	32.6	29.0	25.4	21.8	21.2	21.2	22.3	20.6
2018/01/18 18:31:46	50.8	25.6	25.6	39.9	39.9	47.6	47.6	48.2	48.2	43.4	39.2	40.7	36.5	38.9	38.4	37.3	39.9	44.6	47.6	40.4	39.9	39.0	36.4	33.2	31.3	30.8	29.7	26.5	23.9	22.0	22.1	22.6	21.0
2018/01/18 18:31:47	46.4	24.8	24.8	39.3	39.3	48.7	48.7	48.9	48.9	43.3	40.5	41.4	36.8	40.3	37.3	35.1	36.4	35.3	35.9	37.5	37.7	36.4	35.1	33.0	31.4	30.4	30.5	27.1	24.6	23.1	22.8	23.0	21.6
2018/01/18 18:31:48	53.7	25.3	25.3	39.4	39.4	50.1	50.1	51.1	51.1	44.6	40.8	40.2	37.4	39.6	37.5	40.7	45.3	49.6	43.7	49.0	42.6	41.1	38.0	30.9	30.2	33.0	29.7	26.2	21.1	20.9	21.1	22.0	20.6
2018/01/18 18:31:49	52.4	23.9	23.9	37.7	37.7	50.6	50.6	51.9	51.9	44.7	41.3	40.2	36.8	39.2	37.6	42.8	41.6	47.5	48.8	43.6	40.6	37.8	35.7	31.2	30.4	32.7	28.6	25.9	22.2	21.2	21.1	21.9	20.9
2018/01/18 18:31:50	54.0	25.5	25.5	39.3	39.3	49.8	49.8	50.9	50.9	45.4	41.0	39.8	37.3	40.2	37.3	40.3	41.3	50.8	50.6	43.2	40.8	41.3	37.0	32.0	30.8	29.7	28.4	25.3	22.0	21.5	21.5	22.6	21.2
2018/01/18 18:31:51	56.8	25.0	25.0	40.9	40.9	48.9	48.9	48.4	48.4	43.8	41.3	40.0	37.3	39.1	40.3	42.3	46.8	54.4	52.1	48.7	41.7	41.2	37.9	31.0	29.4	33.7	28.1	26.4	22.4	21.5	21.3	21.9	20.9
2018/01/18 18:31:52	51.1	25.6	25.6	41.6	41.6	49.9	49.9	49.3	49.3	44.4	44.1	43.2	37.6	40.8	38.6	39.2	42.3	48.4	43.9	42.3	38.9	38.8	35.8	30.8	29.7	29.9	27.2	24.5	21.5	20.8	20.9	22.1	20.6
2018/01/18 18:31:53	46.5	25.8	25.8	43.0	43.0	51.8	51.8	51.1	51.1	45.1	41.3	40.4	35.1	40.7	37.1	36.1	38.7	38.3	37.8	38.1	37.3	36.5	33.6	30.2	28.7	28.1	26.1	24.1	22.0	21.2	21.3	22.1	20.7
2018/01/18 18:31:54	55.6	25.1	25.1	39.2	39.2	48.4	48.4	49.8	49.8	44.8	41.2	40.0	36.8	41.3	39.3	45.2	47.3	50.6	49.4	50.4	44.7	41.5	35.9	30.7	30.1	30.2	27.8	25.3	22.2	21.2	21.3	22.0	20.7
2018/01/18 18:31:55	52.2	23.5	23.5	39.5	39.5	48.4	48.4	47.9	47.9	43.5	42.1	40.8	37.3	39.6	38.2	39.1	38.4	47.4	50.0	40.2	38.5	38.5	34.9	31.6	30.5	29.6	29.6	26.6	24.0	24.1	23.8	23.3	21.9
2018/01/18 18:31:56	48.0	24.7	24.7	37.3	37.3	46.1	46.1	47.4	47.4	44.1	41.5	39.1	35.8	40.1	37.5	35.8	38.6	43.1	38.9	39.8	37.8	36.5	34.6	33.0	31.5	33.4	29.5	25.5	23.4	22.4	22.3	22.7	21.3
2018/01/18 18:31:57	55.2	25.9	25.9	37.8	37.8	46.2	46.2	48.3	48.3	44.1	41.9	42.0	37.2	39.6	38.3	41.4	46.9	51.6	49.0	49.9	42.6	40.7	35.7	30.1	29.4	29.8	28.4	24.5	21.6	20.8	20.9	21.8	20.6
2018/01/18 18:31:58	46.7	24.1	24.1	38.2	38.2	46.3	46.3	48.8	48.8	46.3	43.4	43.3	37.5	41.6	38.6	36.1	37.0	37.5	39.0	38.7	37.0	35.7	33.9	32.0	30.3	29.8	28.1	25.0	22.1	21.5	21.5	22.3	21.0
2018/01/18 18:31:59	45.1	24.3	24.3	38.2	38.2	47.5	47.5	48.3	48.3	43.4	40.7	41.2	36.3	38.0	37.0	33.9	36.4	36.2	37.1	36.6	35.6	34.5	32.6	29.9	28.1	27.9	26.1	23.7	21.4	21.3	21.3	22.2	21.0
2018/01/18 18:32:00	54.7	24.5	24.5	39.6	39.6	47.4	47.4	48.0	48.0	44.3	40.0	41.7	38.6	39.4	38.3	40.7	41.4	44.5	46.3	50.1	43.5	44.3	46.7	30.2	28.3	31.3	30.4	28.9	21.1	20.8	20.9	22.1	20.5
2018/01/18 18:32:01	48.9	22.7	22.7	38.1	38.1	46.5	46.5	46.4	46.4	44.6	42.7	41.1	36.3	38.9	36.6	39.1	36.7	42.8	46.5	36.8	35.1	36.3	31.0	27.6	27.4	26.1	24.9	24.1	20.3	20.3	20.8	21.7	20.5
2018/01/18 18:32:02	43.2	23.6	23.6	38.3	38.3	47.3	47.3	48.1	48.1	44.8	42.9	42.3	36.0	38.1	35.9	35.4	35.0	34.5	33.9	33.8	32.4	32.3	30.2	27.9	27.0	25.9	23.3	22.0	20.2	20.4	20.6	21.8	20.6
2018/01/18 18:32:03	44.2	23.2	23.2	39.0	39.0	47.9	47.9	47.2	47.2	43.9	43.3	41.5	36.1	38.2	36.2	35.0	36.9	35.9	35.4	35.3	34.1	33.5	31.3	28.2	27.5	25.7	23.7	21.9	20.4	20.4	20.7	22.0	20.3
2018/01/18 18:32:04	44.8	24.0	24.0	40.8	40.8	48.4	48.4	47.0	47.0	42.3	42.1	42.0	36.7	39.7	37.8	35.3	36.9	36.1	35.7	37.0	35.0	34.2	32.2	28.3	27.6	25.2	23.4	22.1	20.0	20.5	20.8	21.9	20.7
2018/01/18 18:32:05	45.7	24.7	24.7	38.9	38.9	46.2	46.2	48.8	48.8	44.9	41.1	41.4	35.5	39.5	36.2	34.8	36.6	36.4	37.2	38.5	36.5	36.3	33.6	29.0	27.4	25.4	23.1	21.6	20.1	20.3	20.8	21.8	20.5
2018/01/18 18:32:06	46.1	24.2	24.2	39.6	39.6	47.2	47.2	46.2	46.2	42.9	41.2	41.2	35.6	39.4	37.2	35.5	36.6	36.6	37.3	37.4	37.3	37.4	35.1	30.7	28.0	26.1	24.1	21.8	19.8	20.5	20.8	22.0	20.7
2018/01/18 18:32:07	56.6	25.0	25.0	40.0	40.0	48.3	48.3	50.3	50.3	46.5	43.4	41.8	36.1	39.5	39.0	39.1	42.1	47.7	53.3	50.6	44.6	44.8	44.4	33.4	31.7	32.2	31.9	26.8	21.6	21.0	20.7	21.7	20.5
2018/01/18 18:32:08	48.1	25.2	25.2	38.9	38.9	47.3	47.3	50.4	50.4	48.3	42.2	40.4	36.6	38.9	39.4	36.4	37.5	38.7	39.2	41.3	39.2	39.2	36.3	31.1	29.5	27.1	24.9	22.3	20.2	20.4	20.6	21.9	20.5
2018/01/18 18:32:09	46.8	24.9	24.9	37.8	37.8	46.8	46.8	48.7	48.7	44.7	40.9	42.1	37.1	39.9	37.9	35.8	37.2	36.2	36.9	39.9	37.8	37.7	34.9	30.7	29.4	27.8	25.6	22.9	20.4	20.5	20.6	21.8	20.6
2018/01/18 18:32:10	45.8	23.9	23.9	40.0	40.0	46.8	46.8	46.8	46.8	43.8	41.9	40.7	34.9	38.8	36.4	35.4	35.6	35.8	35.3	37.3	36.5	37.2	34.0	30.8	30.4	30.8	27.9	23.3	20.7	20.4	20.7	21.9	20.5
2018/01/18 18:32:11	46.6	23.9	23.9	38.0	38.0	46.1	46.1	45.3	45.3	42.3	42.0	41.0	38.1	39.8	37.5	36.0	36.3	36.7	35.7	37.9	37.7	37.8	34.7	32.3	31.9	31.0	30.4	25.5	21.8	21.5	21.2	22.5	20.9
2018/01/18 18:32:12	49.1	26.7	26.7	39.7	39.7	49.0	49.0	48.9	48.9	47.5	45.4	43.0	38.3	42.3	41.4	39.5	40.4	38.3	38.2	40.0	40.3	38.3	38.6	35.2	34.3	34.2	31.2	26.3	21.8	21.2	21.3	22.1	21.0
2018/01/18 18:32:13	48.0	24.2	24.2	41.9	41.9	51.3	51.3	51.5	51.5	48.9	46.5	42.8	38.9	43.1	39.0	39.8	39.5	37.2	38.3	38.5	37.8	37.6	36.9	33.6	33.9	33.6	30.0	24.9	20.7	20.8	21.0	21.9	20.7
2018/01/18 18:32:14	46.1	24.3	24.3	39.4	39.4	48.7	48.7	48.9	48.9	45.8	43.1	42.2	39.7	41.4	37.9	38.3	39.0	36.1	35.2	35.8	35.8	34.9	34.2	31.7	32.1	31.2	31.0	28.3	22.8	21.3	21.6	23.9	23.1
2018/01/18 18:32:15	44.3	23.8	23.8	41.9	41.9	49.8	49.8	48.8	48.8	43.9	40.5	41.2	37.6	40.2	37.4	34.0	35.9	34.3	33.3	35.2	34.1	33.9	32.4	29.6	28.9	28.3	27.1	23.5	20.2	20.3	20.9	21.6	20.7
2018/01/18 18:32:16	44.4	25.6	25.6	41.2	41.2	48.7	48.7	49.1	49.1	43.8	39.6	41.5	38.7	39.9	34.8	34.0	35.9	34.4	33.6	35.4	34.2	34.5	32.6	30.0	29.8	28.6	26.6	24.0	20.4	21.2	21.0	22.3	21.0
2018/01/18 18:32:17	44.8	24.1	24.1	41.6	41.6	49.5	49.5	48.6	48.6	43.6	41.3	40.2	37.8	39.2	37.7	34.5	36.0	35.4	35.9	36.1	35.3	34.2	32.8	30.1	29.1	27.5	25.6	22.8	20.3	20.4	20.9	22.1	20.7
2018/01/18 18:32:18	45.7	25.6	25.6	42.1	42.1	49.5	49.5	48.8	48.8	43.7	41.7	41.5	37.6	39.5	37.5	34.8	37.0	36.4	35.9	37.0	36.2	35.3	33.8	31.0	30.5	30.5	28.6	24.8	21.4	20.3	20.8	21.6	20.6
2018/01/18 18:32:19	46.2	24.1	24.1	40.9	40.9	48.6	48.6	49.2	49.2	45.5	43.1	42.5	36.7	39.7	37.2	35.7	36.9	37.2	36.5	37.4	36.9	36.4	33.9	32.0	31.2	30.2	28.0	23.6	20.4	20.5	20.7	22.0	20.5
2018/01/18 18:32:20	47.2	25.1	25.1	39.1	39.1	47.7	47.7	47.9	47.9	43.8	39.7	40.8	38.7	40.5	39.8	37.9	39.4	37.4	36.9	38.4	37.9	36.7	35.5	33.6	32.9	31.9	28.1	24.3	20.4	20.2	20.8	21.7	20.4
2018/01/18 18:32:21	49.9	25.6	25.6	39.9	39.9	49.1	49.1	49.8	49.8	45.2	40.9	43.1	39.4	42.5	41.2	39.8	41.0	38.9	38.9	41.2	40.6	40.0	39.1	37.0	36.6	35.3	31.6	26.4	20.9	20.6	20.8	22.0	20.7
2018/01/18 18:32:22	51.6	24.4	24.4	40.8	40.8	50.0	50.0	50.6	50.6	45.4	44.8	45.2	39.3	42.4	42.3	41.9	42.4	41.9	40.9	43.2	42.4	41.4	40.8	38.6	38.7	36.5	32.8	27.4	21.3	20.7	20.8	21.7	20.4
2018/01/18 18:32:23	51.0	25.1	25.1	41.7	41.7	50.5	50.5	50.6	50.6	46.2	44.8	44.6	38.6	42.3	40.1	39.0	41.3	41.2	39.9	42.2	41.9	41.9	40.8	38.6	37.3	35.3	31.6	26.2	21.0	20.5	20.7	21.7	20.5
2018/01/18 18:32:24	51.6	23.9	23.9	40.3	40.3	48.7	48.7	47.9	47.9	44.9	45.1	44.2	38.4	41.0	40.0	39.8	42.0	42.1	39.8	43.5	43.1	42.0	41.3	38.8	37.2	35.7	31.3	26.6	21.1	20.2	20.8	22.0	20.6
2018/01/18 18:32:25	51.2	24.9	24.9	39.9	39.9	49.6	49.6	50.5	50.5	45.1	41.1	41.5	39.0	42.4	39.4	39.9	41.1	41.5	40.7	43.8	41.3	41.8	40.5	38.7	36.6	34.9	31.3	26.2	20.9	20.4	20.9	21.9	20.4
2018/01/18 18:32:26	49.6	26.6	26.6	39.0	39.0	48.3	48.3	49.4	49.4	44.8	41.7	42.9	39.2	40.9	37.0	38.3	39.9	39.3	38.5	42.4	40.0	39.9	39.8	36.9	34.8	32.4	28.8	24.4	20.3	20.6	20.7	22.2	20.6
2018/01/18 18:32:27	48.6	25.8	25.8	39.3	39.3	49.6	49.6	50.8	50.8	45.5	41.3	43.1	37.6	39.2	37.9	36.4	39.0	38.4	38.5	40.4	39.3	38.8	38.4	36.3	34.0	32.4	28.4	24.2	20.5	20.5	20.8	21.9	20.6
2018/01/18 18:32:28	49.4	25.5	25.5	40.4	40.4	49.1	49.1	48.8	48.8	44.2	40.8	42.0	38.6	39.5	36.6	36.4	38.3	39.1	38.7	41.4	39.4	40.4	40.4	37.7	33.9	32.3	30.0	24.8	20.9	20.4	21.0	21.8	20.6
2018/01/18 18:32:29	48.9	24.9	24.9	41.5	41.5	50.3	50.3	50.5	50.5	45.1	42.2	42.9	37.8	40.0	38.6	36.6	38.9	39.0	39.4	40.9	39.1	39.0	39.4	36.0	33.6	31.8	28.8	24.3	20.3	20.2	20.7	21.6	20.6
2018/01/18 18:32:30	48.9	25.6	25.6	42.3	42.3	49.5	49.5	48.6	48.6	44.7	40.5	41.5	37.5	38.4	37.6	36.7	39.8	38.2	38.8	42.0	38.9	39.2	38.2	36.2	33.9	31.9	28.6	24.7	20.6	20.4	20.7	21.6	20.5
2018/01/18 18:32:31	48.4	25.7	25.7	41.7	41.7	50.1	50.1	51.6	51.6	46.9	41.4	42.8	37.0	39.5	38.8	35.5	38.6	37.9	39.4	41.8	38.7	37.7	37.3	35.3	33.1	30.6	26.8	23.5	20.2	20.3	20.7	21.7	20.5
2018/01/18 18:32:32	48.5	25.1	25.1	40.7	40.7	49.6	49.6	49.3	49.3	44.9	43.2	43.3	39.5	40.4	38.2	37.0	37.9	37.5	38.6	41.4	38.7	39.1	37.7	35.0	33.7	31.2	27.9	23.9	20.4	20.4	20.7	22.0	20.6
2018/01/18 18:32:33	49.3	25.2	25.2	43.2	43.2	50.6	50.6	49.2	49.2	45.4	44.7	43.5	37.7	40.4	39.1	38.4	39.1	38.3	38.9	40.7	39.8	39.6	38.9	37.7	36.0	33.2	30.8	25.3	20.9	20.8	20.6	22.1	20.5
2018/01/18 18:32:34	50.0	25.1	25.1	41.1	41.1	49.0	49.0	48.3	48.3	43.7	47.8	47.5	37.9	41.5	38.9	39.3	39.8	39.5	38.6	41.9	40.1	40.6	40.4	37.2	35.3	33.1	28.7	23.9	20.3	20.3	20.7	21.7	20.4
2018/01/18 18:32:35	48.6	29.6	29.6	42.4	42.4	51.2	51.2	51.6	51.6	44.9	39.9	41.8	39.4	39.3	37.2	35.5	38.9	38.5	38.8	41.2	39.7	39.2	38.0	35.1	32.5	30.1	26.9	23.4	20.0	20.0	20.7	21.6	20.6
2018/01/18 18:32:36	48.0	26.6	26.6	43.8	43.8	52.6	52.6	52.3	52.3	44.3	40.8	41.7	39.2	40.8	38.6	36.1	38.2	37.8	38.1	40.0	39.6	38.2	37.3	33.8	31.6	29.4	26.0	23.1	20.1	20.4	20.6	21.8	20.7
2018/01/18 18:32:37	48.1	26.9	26.9	44.3	44.3	50.7	50.7	49.9	49.9	43.2	40.3	42.3	37.7	40.9	38.5	35.8	38.2	38.6	37.1	40.9	39.3	38.7	37.2	34.4	32.4	30.2	26.8	23.1	20.0	20.1	20.7	21.9	20.7
2018/01/18 18:32:38	48.9	27.0	27.0	43.5	43.5	52.9	52.9	53.7	53.7	46.3	41.4	42.3	40.0	41.0	38.7	36.9	40.2	38.6	39.1	41.3	40.0	39.0	38.4	35.6	32.9	30.2	26.6	22.7	20.2	20.3	20.5	21.7	20.5
2018/01/18 18:32:39	48.6	26.8	26.8	46.1	46.1	52.3	52.3	51.6	51.6	48.1	42.8	42.9	37.3	41.1	37.0	37.0	39.2	39.7	37.8	41.0	39.6	39.0	37.9	35.1	33.4	30.3	26.0	22.2	20.0	20.5	20.7	21.7	20.6
2018/01/18 18:32:40	48.3	26.0	26.0	41.9	41.9	50.4	50.4	51.1	51.1	46.6	43.1	42.7	39.3	40.3	38.5	37.1	39.1	38.2	38.6	41.0	39.4	38.2	37.5	34.6	32.0	28.8	25.6	22.3	20.2	20.4	20.5	21.8	20.5
2018/01/18 18:32:41	48.2	25.3	25.3	40.4	40.4	49.7	49.7	51.5	51.5	45.0	43.7	42.4	36.5	39.9	38.4	36.5	39.1	38.1	39.0	40.6	39.7	38.0	37.1	34.5	31.8	28.8	25.4	22.2	20.2	20.4	20.7	21.7	20.3
2018/01/18 18:32:42	48.2	25.8	25.8	40.6	40.6	47.9	47.9	49.1	49.1	43.3	42.3	42.7	37.2	40.2	38.2	38.0	39.5	38.3	37.9	41.5	38.6	38.1	36.5	35.2	31.2	28.9	26.1	22.6	20.3	20.4	20.8	22.0	20.7
2018/01/18 18:32:43	47.3	27.3	27.3	42.9	42.9	50.2	50.2	49.6	49.6	43.6	42.1	42.2	37.3	38.0	37.8	35.3	36.8	36.5	37.0	40.0	38.9	37.6	36.9	33.1	30.5	27.9	24.3	21.8	20.1	20.6	20.9	21.6	20.3
2018/01/18 18:32:44	46.9	29.2	29.2	44.3	44.3	51.4	51.4	49.9	49.9	44.0	41.0	41.8	38.7	39.2	38.1	35.4	37.0	36.4	36.3	38.8	38.0	37.9	36.1	33.3	30.4	28.2	24.6	22.3	20.2	21.0	21.7	22.2	20.8
2018/01/18 18:32:45	46.6	27.4	27.4	44.5	44.5	51.7	51.7	51.0	51.0	46.5	41.7	40.7	38.3	39.0	36.8	35.5	36.9	36.4	36.8	38.4	37.8	36.6	36.1	32.9	30.6	27.8	24.6	21.9	19.8	20.1	20.7	21.7	20.3
2018/01/18 18:32:46	46.7	25.0	25.0	43.5	43.5	49.8	49.8	48.5	48.5	44.2	41.1	40.4	36.4	39.8	37.9	35.5	38.3	37.6	37.0	38.7	38.2	36.7	35.6	32.1	29.9	27.8	25.7	23.3	20.8	20.7	21.1	21.8	20.9
2018/01/18 18:32:47	46.6	24.5	24.5	40.7	40.7	49.3	49.3	48.8	48.8	42.3	40.4	40.6	36.6	38.7	38.0	35.1	36.9	36.8	36.6	39.1	38.0	36.9	35.4	33.0	30.4	27.8	24.6	22.1	20.3	20.4	20.8	21.8	20.5
2018/01/18 18:32:48	46.8	25.5	25.5	41.4	41.4	50.4	50.4	49.8	49.8	44.2	43.8	44.6	36.2	38.8	37.7	36.3	37.6	36.5	36.7	39.1	37.8	37.3	35.7	32.4	30.1	27.1	24.4	22.2	20.1	20.6	20.9	22.1	20.6
2018/01/18 18:32:49	46.7	25.6	25.6	40.9	40.9	49.1	49.1	49.2	49.2	45.7	42.5	41.2	37.7	39.2	37.3	35.6	37.4	36.6	36.7	38.3	38.8	36.8	35.4	32.2	30.4	26.9	23.9	21.8	20.0	20.5	20.6	22.0	20.6
2018/01/18 18:32:50	46.6	23.9	23.9	43.1	43.1	51.8	51.8	52.6	52.6	47.6	40.9	42.9	36.3	38.0	37.6	35.7	37.9	37.1	36.3	38.7	38.2	36.2	35.5	32.3	30.4	27.7	24.2	22.5	20.2	20.3	20.8	22.0	20.6
2018/01/18 18:32:51	46.6	24.6	24.6	44.5	44.5	51.9	51.9	51.2	51.2	44.9	41.5	42.1	37.2	38.7	38.7	36.6	37.4	35.9	36.5	38.4	37.6	37.4	35.7	32.3	29.8	27.4	24.3	21.8	19.7	20.2	20.6	21.8	20.5
2018/01/18 18:32:52	47.5	24.6	24.6	43.0	43.0	50.4	50.4	49.8	49.8	46.8	43.2	42.0	37.2	39.6	38.4	36.9	38.4	38.8	38.6	39.2	38.7	36.9	36.4	33.0	30.9	28.6	25.7	22.8	20.3	20.6	21.1	22.1	20.7
2018/01/18 18:32:53	48.8	27.8	27.8	46.5	46.5	54.9	54.9	53.3	53.3	49.5	46.6	44.2	39.2	41.7	40.2	38.8	40.4	39.8	39.9	40.1	39.7	38.5	37.4	34.1	32.3	29.7	27.0	22.8	20.3	20.4	20.7	21.9	20.3
2018/01/18 18:32:54	49.5	28.6	28.6	49.6	49.6	58.8	58.8	56.8	56.8	46.6	45.7	46.1	39.4	40.7	39.5	39.4	39.3	40.6	40.7	41.3	40.3	39.7	37.6	34.9	32.0	31.0	27.1	22.9	20.4	20.3	20.8	21.6	20.5
2018/01/18 18:32:55	49.6	29.3	29.3	46.5	46.5	55.4	55.4	54.2	54.2	50.1	47.9	45.0	40.0	41.2	39.1	38.1	38.8	40.1	40.7	41.6	41.0	39.4	38.7	35.4	32.5	31.1	27.1	22.5	20.1	20.3	20.7	21.8	20.4
2018/01/18 18:32:56	49.4	29.0	29.0	44.7	44.7	54.4	54.4	53.6	53.6	48.5	47.5	44.7	39.0	42.0	40.1	36.7	38.6	39.2	39.7	41.6	40.8	39.9	38.3	35.2	32.3	30.9	27.0	22.4	20.0	20.1	20.7	21.7	20.4
2018/01/18 18:32:57	48.9	27.6	27.6	45.9	45.9	55.5	55.5	54.9	54.9	49.7	47.7	42.1	39.1	41.8	40.1	36.7	38.7	39.1	40.2	40.4	40.1	39.0	38.0	35.0	32.5	29.8	26.2	22.6	20.1	20.4	20.8	21.9	20.5
2018/01/18 18:32:58	48.6	27.3	27.3	45.3	45.3	54.1	54.1	52.7	52.7	48.0	45.8	43.0	39.1	40.6	38.6	37.0	39.4	38.8	39.7	41.0	40.1	38.0	37.1	34.4	30.8	29.3	25.3	22.1	20.2	20.6	20.8	22.2	20.7
2018/01/18 18:32:59	48.1	28.9	28.9	44.8	44.8	53.0	53.0	52.2	52.2	48.6	47.4	45.9	39.7	42.5	39.7	37.4	38.7	38.2	38.1	39.4	39.4	37.9	36.7	33.6	31.6	29.6	26.4	22.7	20.3	20.2	20.6	21.7	20.4
2018/01/18 18:33:00	47.3	28.6	28.6	43.7	43.7	53.5	53.5	52.7	52.7	47.6	48.3	43.0	36.2	40.2	38.5	35.9	37.1	38.1	38.1	38.6	38.2	37.2	36.5	33.0	30.7	29.0	25.3	21.9	20.1	20.2	20.7	21.9	20.5
2018/01/18 18:33:01	46.4	27.6	27.6	43.8	43.8	51.4	51.4	50.4	50.4	45.0	43.4	42.4	38.7	38.6	37.9	36.6	37.8	36.9	36.9	38.3	37.0	35.9	35.0	32.2	30.1	28.0	24.2	21.5	19.7	20.2	20.8	21.9	20.5
2018/01/18 18:33:02	46.5	28.0	28.0	45.4	45.4	53.6	53.6	52.5	52.5	46.3	42.8	42.8	36.8	39.3	38.8	35.0	37.7	37.0	37.2	38.2	37.6	35.9	34.9	32.2	30.2	27.7	24.3	21.7	19.7	20.3	20.4	21.8	20.4
2018/01/18 18:33:03	46.7	26.3	26.3	42.1	42.1	50.2	50.2	51.3	51.3	47.3	42.3	43.0	37.8	39.0	38.2	35.4	37.9	37.1	37.2	37.7	37.7	36.5	36.0	32.8	30.8	28.2	24.3	21.6	20.1	20.4	20.5	21.6	20.4
2018/01/18 18:33:04	46.8	24.8	24.8	42.3	42.3	50.8	50.8	51.1	51.1	48.0	44.6	41.4	37.4	38.7	38.3	37.0	36.6	36.9	37.3	39.3	36.5	36.7	36.1	33.4	30.2	27.7	24.7	21.9	20.3	20.4	20.6	21.9	20.5
2018/01/18 18:33:05	46.3	25.2	25.2	40.9	40.9	49.7	49.7	49.0	49.0	44.7	40.7	41.4	37.7	38.6	37.9	36.2	35.7	36.7	36.9	38.3	37.4	36.3	35.3	32.8	30.3	27.3	24.5	22.1	20.2	20.4	20.8	22.0	20.4
2018/01/18 18:33:06	46.7	24.8	24.8	42.2	42.2	51.2	51.2	50.3	50.3	46.2	42.4	41.8	38.0	38.8	37.2	36.4	37.3	36.4	36.9	38.7	37.9	36.4	35.9	33.1	30.4	27.2	24.5	21.8	19.9	20.2	20.6	21.7	20.4
2018/01/18 18:33:07	47.4	26.8	26.8	42.3	42.3	52.0	52.0	52.0	52.0	47.3	42.1	40.6	36.9	40.2	37.2	36.4	37.6	36.0	37.4	39.7	38.7	37.5	37.0	33.8	31.4	29.0	25.0	22.3	20.2	20.8	20.7	21.7	20.7
2018/01/18 18:33:08	47.4	25.8	25.8	41.7	41.7	50.6	50.6	50.6	50.6	46.0	41.9	40.4	37.0	38.5	38.1	35.9	37.6	36.8	38.0	39.6	38.4	37.5	36.9	34.4	31.5	29.0	25.2	22.5	20.3	20.5	20.9	21.7	20.6
2018/01/18 18:33:09	47.6	24.9	24.9	41.4	41.4	49.3	49.3	48.4	48.4	42.8	40.8	41.6	38.1	38.7	37.6	36.7	37.3	36.4	38.0	39.5	39.6	37.9	36.9	34.8	31.6	28.4	24.3	22.1	19.9	20.1	20.7	21.6	20.6
2018/01/18 18:33:10	47.0	25.6	25.6	38.7	38.7	48.3	48.3	49.8	49.8	46.1	40.4	42.0	36.7	38.5	38.7	35.9	37.4	37.4	36.8	39.1	38.2	37.7	36.0	32.9	30.4	28.0	24.3	21.8	20.1	20.5	20.8	21.9	20.6
2018/01/18 18:33:11	46.7	25.3	25.3	43.6	43.6	52.8	52.8	52.0	52.0	46.0	41.9	41.2	36.8	39.0	38.5	35.2	37.0	36.8	36.8	38.5	37.4	37.3	36.4	33.0	30.2	27.0	24.3	21.5	20.1	20.1	20.7	21.8	20.4
2018/01/18 18:33:12	47.6	26.3	26.3	42.9	42.9	51.3	51.3	51.5	51.5	47.7	43.7	44.5	37.9	40.2	37.9	37.4	37.1	38.3	38.4	39.8	38.8	37.3	36.1	33.6	30.8	27.5	25.7	22.9	20.1	20.6	20.8	22.1	20.6
2018/01/18 18:33:13	46.8	25.3	25.3	41.5	41.5	50.2	50.2	50.8	50.8	46.7	41.5	42.4	36.4	39.6	39.3	35.8	37.0	36.0	37.8	38.8	37.7	37.2	36.1	32.7	29.9	27.7	24.6	21.7	20.0	20.3	20.7	21.7	20.5
2018/01/18 18:33:14	46.8	24.7	24.7	39.7	39.7	49.3	49.3	49.9	49.9	45.1	39.7	40.1	35.9	39.5	41.8	35.9	37.3	36.5	36.8	39.4	37.4	36.7	35.3	32.9	30.3	28.4	25.8	22.9	20.6	20.6	21.1	22.0	20.6
2018/01/18 18:33:15	47.2	26.3	26.3	42.7	42.7	51.6	51.6	51.2	51.2	44.7	40.2	39.3	36.6	39.1	39.5	34.2	36.1	35.8	36.5	38.6	37.9	37.1	36.2	32.6	32.6	31.8	35.6	29.6	22.9	21.5	21.0	22.0	21.2
2018/01/18 18:33:16	46.6	27.0	27.0	41.4	41.4	51.4	51.4	52.0	52.0	45.4	42.9	39.7	35.1	38.7	39.8	36.0	36.5	36.9	37.4	38.0	37.7	36.6	35.3	32.8	30.4	29.0	26.1	23.2	21.1	20.7	21.0	22.1	20.9
2018/01/18 18:33:17	47.2	26.5	26.5	43.4	43.4	52.0	52.0	51.1	51.1	46.4	44.0	40.4	35.5	40.0	39.3	36.1	37.0	37.2	38.0	39.7	38.1	37.2	35.7	32.9	31.3	29.0	25.9	22.8	20.7	20.5	20.9	21.7	20.5
2018/01/18 18:33:18	47.2	25.1	25.1	42.3	42.3	49.5	49.5	48.6	48.6	47.4	47.2	43.3	37.9	40.3	39.8	36.6	38.2	37.1	36.9	38.6	38.7	36.8	35.9	32.8	31.6	29.3	25.8	22.8	20.2	20.3	20.6	21.8	20.6
2018/01/18 18:33:19	47.8	26.4	26.4	44.2	44.2	52.9	52.9	52.1	52.1	47.0	43.0	41.1	39.2	40.2	40.8	37.3	38.8	37.5	37.6	39.8	38.7	38.0	36.6	33.5	32.7	30.1	26.3	22.9	20.0	20.2	20.5	21.9	20.7
2018/01/18 18:33:20	48.8	26.3	26.3	46.2	46.2	54.3	54.3	52.9	52.9	51.7	49.7	43.6	38.9	41.8	45.7	38.5	39.5	37.2	38.5	39.8	39.3	38.4	37.2	34.6	32.6	30.0	27.0	23.4	20.2	20.3	20.6	21.8	20.5
2018/01/18 18:33:21	49.6	26.0	26.0	43.5	43.5	52.4	52.4	51.8	51.8	46.8	45.8	43.3	37.9	42.7	43.1	37.8	38.9	39.7	40.1	41.6	41.4	39.6	38.1	35.6	32.6	30.7	26.8	23.3	20.5	20.4	21.0	21.9	20.5
2018/01/18 18:33:22	51.1	24.8	24.8	42.6	42.6	51.3	51.3	50.9	50.9	46.5	43.5	41.7	37.7	43.1	41.9	39.4	41.5	40.3	44.2	42.4	42.4	40.9	40.0	37.3	34.9	32.5	28.6	23.7	20.2	20.1	20.8	21.6	20.4
2018/01/18 18:33:23	51.7	26.3	26.3	44.0	44.0	51.8	51.8	52.3	52.3	48.4	45.6	44.2	38.4	44.1	44.1	39.5	40.5	41.5	42.5	43.3	42.8	41.8	41.4	38.6	36.7	34.7	31.6	27.1	24.6	21.9	21.6	22.4	21.4
2018/01/18 18:33:24	52.0	26.8	26.8	45.2	45.2	52.7	52.7	52.5	52.5	47.8	43.2	44.6	39.2	43.3	44.3	38.4	40.7	41.8	41.2	43.7	43.6	42.1	42.7	39.1	36.5	34.7	31.7	27.0	23.2	20.8	21.0	22.1	20.8
2018/01/18 18:33:25	52.1	26.3	26.3	44.8	44.8	52.9	52.9	53.3	53.3	47.5	42.7	45.3	41.1	45.2	43.9	38.6	41.7	42.4	41.5	42.5	43.5	42.4	42.8	39.3	36.4	35.6	32.8	28.8	22.2	20.7	20.9	21.7	20.6
2018/01/18 18:33:26	51.8	27.6	27.6	46.0	46.0	53.9	53.9	52.0	52.0	46.3	42.5	43.2	38.3	43.4	43.9	44.2	43.3	41.2	40.5	41.5	41.4	41.5	42.8	39.1	37.3	36.9	34.2	29.4	22.8	21.1	20.9	22.0	20.5
2018/01/18 18:33:27	51.0	25.7	25.7	42.3	42.3	49.0	49.0	49.5	49.5	46.5	42.4	43.0	37.8	43.0	42.8	41.7	45.2	40.7	40.9	40.5	40.7	40.2	41.0	37.6	38.1	36.5	33.0	27.0	22.0	21.0	20.9	21.9	20.6
2018/01/18 18:33:28	51.4	23.7	23.7	39.6	39.6	48.7	48.7	49.3	49.3	45.1	41.3	42.5	37.1	41.8	42.9	43.1	46.3	40.0	41.9	39.7	41.4	39.9	41.9	38.0	38.5	35.5	33.7	27.1	22.2	21.2	21.4	22.0	20.5
2018/01/18 18:33:29	52.1	26.6	26.6	38.9	38.9	46.8	46.8	48.1	48.1	44.8	41.5	42.2	37.4	44.7	41.8	45.8	46.5	40.8	40.1	40.3	41.0	40.6	42.0	40.8	40.5	38.0	35.0	28.8	22.8	21.1	20.9	22.0	20.6
2018/01/18 18:33:30	52.9	29.4	29.4	42.2	42.2	48.9	48.9	49.4	49.4	47.3	43.8	40.4	36.8	45.7	43.0	42.2	46.4	40.1	42.2	39.5	43.6	42.9	43.5	40.9	40.8	39.2	36.9	30.6	25.9	22.7	21.1	22.0	20.7
2018/01/18 18:33:31	53.5	29.3	29.3	42.8	42.8	49.0	49.0	47.9	47.9	44.7	42.9	40.4	37.5	42.3	43.4	41.7	45.9	40.5	41.3	39.0	41.1	44.2	45.3	42.7	42.8	39.1	39.6	33.0	26.0	23.2	21.1	22.0	20.7
2018/01/18 18:33:32	57.2	27.8	27.8	42.1	42.1	50.8	50.8	50.5	50.5	47.1	44.8	44.2	41.0	45.5	48.7	45.4	45.5	43.3	43.3	45.1	47.4	46.3	48.7	45.1	48.1	45.3	42.8	36.1	28.5	22.8	21.3	22.2	20.9
2018/01/18 18:33:33	59.1	27.0	27.0	41.7	41.7	51.2	51.2	51.7	51.7	47.1	46.6	45.3	43.3	49.0	46.2	46.3	46.2	45.6	45.3	47.7	50.3	49.7	50.8	47.9	48.7	45.9	42.8	35.7	26.8	22.9	21.5	22.5	21.0
2018/01/18 18:33:34	55.7	24.3	24.3	41.1	41.1	50.0	50.0	51.0	51.0	49.2	45.0	45.1	41.4	46.8	47.5	42.3	43.3	45.0	43.0	45.0	47.2	44.7	47.8	43.6	44.0	41.9	37.1	29.3	23.3	21.3	20.9	22.0	20.7
2018/01/18 18:33:35	56.2	25.5	25.5	41.3	41.3	50.4	50.4	52.1	52.1	49.9	46.8	46.2	41.6	46.3	47.2	45.3	45.8	47.0	46.4	47.8	48.2	46.6	45.1	42.6	42.4	39.8	35.3	29.5	23.1	21.3	21.8	22.2	21.2
2018/01/18 18:33:36	56.0	25.4	25.4	40.5	40.5	49.2	49.2	51.0	51.0	47.9	45.0	46.8	45.3	50.6	45.5	45.2	45.5	43.5	46.5	46.7	47.7	47.1	45.9	41.8	41.2	39.5	35.9	29.8	24.2	21.6	21.4	22.2	20.9
2018/01/18 18:33:37	55.5	25.2	25.2	39.5	39.5	47.3	47.3	48.4	48.4	46.8	45.3	45.6	41.4	47.2	45.0	40.2	43.6	44.2	44.2	45.8	49.2	47.5	44.9	40.4	39.0	37.8	34.5	28.9	23.8	21.4	21.3	22.0	20.6
2018/01/18 18:33:38	51.5	26.1	26.1	39.9	39.9	48.1	48.1	49.2	49.2	46.2	44.4	43.9	40.2	43.9	43.7	39.2	41.4	40.9	42.2	43.6	43.3	42.9	40.2	37.2	34.5	32.1	29.7	24.5	21.2	20.9	20.9	21.9	20.6
2018/01/18 18:33:39	49.0	24.8	24.8	40.2	40.2	49.0	49.0	49.4	49.4	46.8	44.4	42.2	38.5	41.5	40.3	36.1	38.8	39.1	39.2	41.4	40.9	39.0	37.9	35.1	31.8	29.7	27.1	23.5	20.6	20.8	20.9	21.9	20.4
2018/01/18 18:33:40	47.1	25.5	25.5	39.4	39.4	48.2	48.2	49.7	49.7	47.2	42.4	42.8	37.3	39.6	37.5	35.2	37.5	36.5	37.8	38.8	37.8	37.7	36.1	33.7	31.8	29.4	28.1	25.6	21.3	21.0	21.0	22.3	20.7
2018/01/18 18:33:41	47.5	24.5	24.5	40.3	40.3	48.9	48.9	49.6	49.6	47.8	42.4	42.2	40.2	41.4	36.7	36.1	37.5	37.9	38.7	39.4	39.0	37.4	35.1	32.8	31.1	29.5	26.9	24.1	21.4	21.3	21.3	22.1	20.6
2018/01/18 18:33:42	48.0	25.2	25.2	41.0	41.0	49.4	49.4	50.3	50.3	46.0	42.3	42.2	40.8	42.3	37.4	37.7	39.6	39.8	38.9	39.8	39.6	37.3	34.8	33.1	31.4	30.0	27.7	24.4	22.1	21.3	21.8	22.1	20.8
2018/01/18 18:33:43	47.9	25.5	25.5	40.5	40.5	47.8	47.8	50.7	50.7	48.2	43.0	43.0	38.7	41.1	37.9	38.6	38.2	38.4	38.3	41.0	39.4	37.8	35.3	32.2	30.1	28.5	26.6	24.2	21.4	20.9	21.0	22.2	20.9
2018/01/18 18:33:44	47.1	25.0	25.0	41.2	41.2	49.0	49.0	49.3	49.3	45.2	43.1	42.4	36.4	37.0	37.0	38.2	38.9	37.9	38.0	39.6	38.2	37.2	35.1	31.0	29.0	27.3	25.5	22.9	21.1	20.7	21.0	22.1	20.6
2018/01/18 18:33:45	47.2	26.1	26.1	41.9	41.9	49.9	49.9	50.0	50.0	44.7	40.4	40.9	37.5	38.1	36.3	37.5	38.3	37.5	38.1	38.7	38.9	37.9	35.6	32.2	29.9	28.5	26.0	23.4	20.9	20.6	21.1	22.0	20.7
2018/01/18 18:33:46	50.0	26.4	26.4	42.8	42.8	50.2	50.2	52.0	52.0	48.6	42.3	40.5	36.5	39.6	38.1	38.1	39.8	40.9	41.1	40.3	41.6	40.6	38.6	34.7	33.4	33.8	36.4	32.0	28.3	24.1	23.2	24.0	25.8
2018/01/18 18:33:47	50.9	26.0	26.0	42.0	42.0	50.3	50.3	49.9	49.9	47.2	44.6	43.9	38.1	41.5	39.9	40.2	42.7	41.7	42.2	42.5	42.6	40.3	39.9	36.5	34.5	33.0	31.0	27.3	23.1	22.0	21.9	22.5	21.0
2018/01/18 18:33:48	51.8	27.8	27.8	46.7	46.7	56.4	56.4	54.7	54.7	46.7	44.9	45.7	42.9	43.8	41.8	42.4	44.8	43.0	43.0	43.4	42.6	40.9	40.8	36.2	35.4	33.1	30.7	26.6	23.0	21.9	21.7	22.3	20.9
2018/01/18 18:33:49	50.8	25.9	25.9	41.5	41.5	51.1	51.1	51.1	51.1	47.4	46.0	44.5	39.7	40.9	43.0	40.4	42.7	42.2	41.6	41.9	41.2	40.5	40.9	36.5	34.7	32.5	29.4	26.1	21.9	21.7	21.4	22.4	21.0
2018/01/18 18:33:50	50.0	24.4	24.4	40.9	40.9	51.0	51.0	52.9	52.9	49.7	46.9	43.5	38.1	38.2	39.0	39.3	40.1	43.6	39.1	42.1	40.3	39.7	38.5	35.2	37.7	32.4	25.9	22.6	20.5	20.4	20.9	21.8	20.4
2018/01/18 18:33:51	53.4	26.1	26.1	42.3	42.3	53.2	53.2	56.8	56.8	53.2	46.4	43.6	39.1	38.9	39.0	41.7	41.6	50.5	40.5	43.4	41.4	40.4	39.2	36.6	44.6	37.8	29.0	25.3	22.7	21.8	21.6	22.3	21.1
2018/01/18 18:33:52	50.0	25.2	25.2	41.5	41.5	50.7	50.7	52.1	52.1	48.7	43.4	42.2	38.6	41.9	38.5	41.3	42.6	39.8	41.5	42.6	41.1	39.8	37.9	35.5	33.0	30.0	26.7	23.3	20.9	20.9	21.1	22.0	20.6
2018/01/18 18:33:53	48.6	25.7	25.7	43.0	43.0	51.0	51.0	51.4	51.4	47.0	41.6	41.4	38.2	40.4	36.9	37.2	40.2	39.0	39.2	41.0	40.5	38.5	37.1	34.4	31.2	28.9	25.8	24.3	21.2	20.5	21.0	21.9	20.5
2018/01/18 18:33:54	49.0	24.2	24.2	40.6	40.6	50.0	50.0	50.6	50.6	44.4	41.1	41.7	39.7	41.2	37.9	36.6	39.2	37.9	39.9	41.8	41.3	39.0	38.0	35.2	31.9	29.4	25.2	22.6	20.4	20.6	20.8	22.2	20.7
2018/01/18 18:33:55	48.8	25.6	25.6	41.7	41.7	51.5	51.5	51.2	51.2	45.0	42.1	43.0	40.2	41.2	36.9	38.9	40.4	39.2	40.5	41.3	39.8	38.9	36.6	33.8	31.0	28.6	24.6	22.2	20.2	20.2	20.7	21.7	20.3
2018/01/18 18:33:56	46.9	25.3	25.3	42.0	42.0	51.3	51.3	51.8	51.8	45.6	40.4	40.7	37.6	39.2	36.6	36.6	37.1	38.8	37.0	38.8	38.5	37.1	35.2	32.3	29.6	27.3	24.4	22.2	20.2	20.5	20.8	21.9	20.7
2018/01/18 18:33:57	46.6	26.4	26.4	41.3	41.3	50.1	50.1	50.4	50.4	43.3	40.4	40.7	38.0	37.9	35.7	37.0	36.7	36.5	36.6	38.9	38.4	37.3	35.1	31.7	29.6	27.3	24.6	22.3	20.5	20.6	20.8	21.6	20.5
2018/01/18 18:33:58	47.2	24.5	24.5	41.2	41.2	50.5	50.5	50.7	50.7	45.5	42.3	42.3	38.6	38.4	36.4	36.5	38.2	38.5	38.4	39.6	38.5	37.0	35.7	31.9	29.8	27.7	24.6	22.2	20.6	20.5	20.9	21.8	20.4
2018/01/18 18:33:59	47.6	27.2	27.2	41.1	41.1	49.7	49.7	50.1	50.1	44.8	40.3	43.0	39.5	40.5	35.8	37.5	38.1	38.0	40.2	40.6	38.5	36.8	35.3	32.4	30.2	28.2	25.4	22.4	20.5	20.9	20.8	21.9	20.8
2018/01/18 18:34:00	47.2	26.3	26.3	42.6	42.6	50.5	50.5	50.2	50.2	44.5	41.9	44.1	39.7	40.9	37.5	37.9	38.4	37.4	38.6	38.7	38.6	36.7	34.8	32.5	29.7	28.8	25.8	22.4	20.4	20.4	20.6	22.0	20.6
2018/01/18 18:34:01	46.7	27.4	27.4	41.6	41.6	48.7	48.7	48.1	48.1	43.7	42.4	41.9	39.1	39.3	36.3	38.0	38.4	37.5	37.5	38.6	38.0	36.5	34.0	32.5	29.0	28.3	24.5	21.8	20.0	20.3	20.6	21.9	20.5
2018/01/18 18:34:02	46.8	26.2	26.2	40.1	40.1	48.0	48.0	48.6	48.6	44.9	43.1	43.2	38.2	40.5	37.0	38.2	37.3	36.8	37.5	37.8	38.6	37.3	34.2	31.3	30.1	28.5	26.2	24.2	21.7	21.0	21.1	22.7	21.0
2018/01/18 18:34:03	47.6	26.2	26.2	39.3	39.3	47.5	47.5	48.5	48.5	45.4	43.2	41.4	38.6	39.7	35.0	36.9	39.3	38.4	37.6	39.5	40.3	37.4	35.7	33.4	30.6	28.3	25.3	22.7	20.8	20.8	20.9	21.7	20.5
2018/01/18 18:34:04	47.4	25.1	25.1	40.3	40.3	49.8	49.8	50.3	50.3	44.7	39.5	41.7	37.3	39.7	35.9	37.0	38.7	38.6	38.3	39.0	39.7	36.6	35.8	33.1	31.9	27.5	24.4	22.3	20.3	20.4	20.9	22.1	20.5
2018/01/18 18:34:05	46.6	25.7	25.7	41.6	41.6	50.2	50.2	49.6	49.6	43.8	40.4	41.5	37.7	39.4	36.8	36.5	38.3	37.8	38.3	38.4	38.0	36.1	34.7	32.0	28.7	27.1	23.8	22.2	20.1	20.3	20.8	21.9	20.7
2018/01/18 18:34:06	70.0	25.8	25.8	41.1	41.1	49.8	49.8	49.8	49.8	43.6	42.0	44.0	38.8	43.6	45.2	45.0	49.1	55.3	57.1	52.6	54.2	59.9	57.5	60.7	59.8	62.9	60.4	53.9	49.1	47.2	41.5	40.1	35.2
2018/01/18 18:34:07	58.6	25.4	25.4	40.6	40.6	47.8	47.8	45.8	45.8	42.1	41.6	44.3	40.7	42.7	43.7	41.2	42.2	43.5	44.6	46.6	45.5	44.8	48.5	47.8	47.1	50.1	49.4	45.6	42.5	42.3	37.5	35.8	31.8
2018/01/18 18:34:08	66.9	25.7	25.7	40.4	40.4	48.2	48.2	48.5	48.5	43.0	39.3	41.5	37.6	40.1	37.4	38.0	41.9	42.1	41.8	51.0	61.1	44.9	54.7	57.5	58.5	58.4	51.7	48.7	43.3	41.6	35.9	32.4	28.8
2018/01/18 18:34:09	61.5	23.3	23.3	38.7	38.7	46.5	46.5	46.2	46.2	41.6	40.5	40.9	37.7	39.4	36.9	34.5	35.9	35.7	35.0	36.6	50.5	35.9	34.7	54.2	38.4	58.4	43.0	34.2	25.3	23.0	22.7	22.8	21.4
2018/01/18 18:34:10	44.8	25.8	25.8	39.2	39.2	46.1	46.1	46.6	46.6	42.5	38.7	40.9	37.2	39.0	36.0	34.4	35.9	35.1	34.9	35.4	35.4	34.5	34.1	30.6	29.0	28.2	26.7	24.6	21.9	21.4	21.5	22.0	20.8
2018/01/18 18:34:11	48.3	26.4	26.4	41.0	41.0	47.6	47.6	46.8	46.8	43.7	41.3	41.5	38.8	39.0	41.8	36.3	36.0	37.8	37.8	38.0	37.7	38.5	36.0	36.9	35.9	34.8	34.6	32.9	27.5	25.0	24.7	24.1	22.2
2018/01/18 18:34:12	48.2	24.9	24.9	42.2	42.2	49.9	49.9	49.3	49.3	44.5	42.1	42.4	37.9	43.7	42.7	38.9	38.9	37.2	38.1	38.5	37.3	35.8	36.6	33.9	34.2	35.3	35.3	31.7	30.3	25.4	26.6	26.2	22.1
2018/01/18 18:34:13	57.9	25.6	25.6	44.2	44.2	50.8	50.8	48.1	48.1	43.6	42.2	42.4	40.1	41.6	38.8	37.3	38.9	38.5	38.8	36.0	35.8	34.4	34.7	56.0	31.6	31.3	45.5	33.3	23.2	27.4	21.5	21.8	20.6
2018/01/18 18:34:14	44.9	25.3	25.3	40.8	40.8	47.2	47.2	47.8	47.8	44.3	42.1	42.3	36.7	38.2	36.6	36.6	37.7	36.2	36.8	34.9	34.1	33.4	32.3	31.4	28.3	29.5	25.4	23.2	20.9	20.4	20.8	22.0	20.6
2018/01/18 18:34:15	45.1	23.6	23.6	38.0	38.0	47.3	47.3	48.9	48.9	45.2	41.5	40.8	38.8	40.1	38.1	36.4	37.2	37.3	35.7	33.8	34.1	32.5	32.3	29.4	30.2	31.8	31.4	26.8	24.5	23.1	23.0	23.2	21.2
2018/01/18 18:34:16	45.7	26.9	26.9	41.8	41.8	49.5	49.5	50.0	50.0	46.9	43.0	43.7	39.0	40.5	36.1	36.1	35.9	36.3	34.9	33.8	34.9	33.1	31.6	29.7	30.2	31.0	33.8	35.8	30.6	27.2	28.2	28.9	26.7
2018/01/18 18:34:17	45.0	25.4	25.4	40.5	40.5	48.6	48.6	49.9	49.9	46.8	42.9	41.9	37.5	38.8	37.0	34.4	37.7	36.0	36.0	34.9	34.7	33.3	32.3	30.8	29.2	29.7	29.3	26.5	23.7	22.4	22.1	22.6	21.3
2018/01/18 18:34:18	45.8	26.6	26.6	40.8	40.8	50.4	50.4	50.9	50.9	46.3	44.1	41.0	35.7	38.8	38.8	37.0	38.3	36.9	36.7	36.4	35.1	34.8	33.0	30.5	30.2	31.0	29.2	27.7	24.8	22.3	21.9	23.0	22.1
2018/01/18 18:34:19	45.4	26.4	26.4	40.1	40.1	49.3	49.3	50.9	50.9	46.7	41.3	42.3	39.8	39.4	36.6	36.6	37.5	36.1	35.9	36.0	35.2	35.2	33.0	30.9	28.8	28.5	26.2	24.5	23.2	21.5	21.3	22.3	21.0
2018/01/18 18:34:20	47.0	26.2	26.2	42.2	42.2	50.0	50.0	49.2	49.2	46.6	42.0	40.9	39.9	40.5	37.5	36.6	38.7	37.7	38.0	37.1	37.9	37.1	35.3	32.7	32.0	31.1	29.1	26.1	23.9	22.6	22.2	22.3	21.0
2018/01/18 18:34:21	48.2	25.8	25.8	41.9	41.9	50.4	50.4	51.3	51.3	47.8	45.3	43.4	39.6	39.1	37.6	36.4	40.0	38.5	38.0	39.1	39.0	38.5	37.6	35.2	33.9	32.3	27.9	24.4	21.4	20.7	20.9	22.1	20.7
2018/01/18 18:34:22	50.6	24.6	24.6	42.4	42.4	52.0	52.0	53.0	53.0	47.3	44.6	44.3	40.8	40.7	39.1	39.4	42.1	41.5	40.8	41.0	42.0	39.9	39.9	37.9	36.7	34.9	30.5	25.6	21.2	20.5	20.7	21.9	20.5
2018/01/18 18:34:23	49.3	28.0	28.0	42.1	42.1	51.7	51.7	52.5	52.5	49.3	47.1	43.4	37.5	40.2	37.2	38.6	39.2	42.1	39.6	40.1	40.0	39.1	37.7	37.0	34.7	33.0	29.4	25.6	23.1	22.2	21.8	22.2	21.1
2018/01/18 18:34:24	49.1	26.6	26.6	41.8	41.8	50.9	50.9	51.4	51.4	48.6	47.7	44.5	41.0	40.5	36.4	38.4	39.3	39.0	39.6	40.3	40.4	39.4	37.9	36.3	34.1	32.8	29.0	24.5	21.8	21.3	21.3	22.3	21.1
2018/01/18 18:34:25	49.3	26.0	26.0	43.5	43.5	50.8	50.8	50.1	50.1	46.4	43.3	43.3	40.3	40.8	37.9	38.8	40.1	40.8	40.6	40.0	40.7	38.3	38.5	36.3	33.8	33.1	27.7	23.6	21.2	20.7	21.1	21.7	20.5
2018/01/18 18:34:26	48.7	27.9	27.9	40.8	40.8	51.3	51.3	53.0	53.0	48.6	44.3	44.8	41.0	40.8	38.5	38.2	39.3	41.4	39.7	39.1	39.3	37.8	37.5	35.2	33.0	32.3	28.5	25.4	23.0	22.2	21.9	22.6	21.3
2018/01/18 18:34:27	47.8	26.1	26.1	40.8	40.8	51.7	51.7	52.9	52.9	45.9	42.0	43.2	39.1	40.6	36.2	37.2	37.0	38.3	38.9	38.9	38.4	37.9	37.6	34.7	32.3	30.6	28.0	24.8	22.0	21.7	21.4	22.3	21.0
2018/01/18 18:34:28	47.1	25.5	25.5	41.6	41.6	50.6	50.6	51.8	51.8	46.0	39.5	43.8	39.9	39.8	36.0	36.3	36.3	37.9	38.0	39.5	38.0	36.6	35.6	33.6	30.9	28.9	25.1	22.3	20.2	20.3	20.8	21.8	20.2
2018/01/18 18:34:29	46.7	26.9	26.9	41.6	41.6	49.7	49.7	49.7	49.7	43.9	40.9	42.4	36.8	38.0	37.4	36.3	36.8	37.6	38.1	39.4	37.3	36.2	35.1	32.7	30.5	28.8	25.6	22.7	20.5	20.8	20.8	22.1	20.6
2018/01/18 18:34:30	46.2	27.5	27.5	41.6	41.6	50.3	50.3	51.0	51.0	44.5	40.5	39.5	36.4	39.0	37.2	35.6	36.0	36.0	37.8	37.8	37.5	36.1	34.9	32.9	29.8	28.1	24.5	22.2	20.7	20.2	20.8	21.9	20.6
2018/01/18 18:34:31	47.1	28.6	28.6	42.9	42.9	51.8	51.8	52.8	52.8	46.2	41.7	42.1	37.9	39.5	39.0	35.6	36.5	38.6	37.6	40.1	37.1	36.6	35.8	33.1	30.6	28.4	23.9	22.3	20.4	20.2	20.8	21.8	20.4
2018/01/18 18:34:32	47.0	26.8	26.8	41.2	41.2	51.2	51.2	53.1	53.1	47.0	43.4	41.0	37.7	39.2	38.6	36.6	36.8	38.1	38.2	38.9	37.7	36.7	36.0	32.8	30.0	28.2	24.4	22.1	20.6	20.5	20.8	22.2	20.7
2018/01/18 18:34:33	47.0	25.3	25.3	41.0	41.0	50.2	50.2	50.8	50.8	46.2	42.4	41.4	36.8	40.2	38.2	36.2	35.9	37.4	38.2	38.9	38.1	36.7	36.2	33.6	30.3	27.8	24.1	21.7	20.0	20.2	20.8	21.7	20.4
2018/01/18 18:34:34	47.0	25.6	25.6	41.8	41.8	50.7	50.7	50.8	50.8	45.5	43.8	41.8	35.5	39.7	37.7	36.9	36.5	38.1	37.7	39.0	38.1	37.2	35.9	32.7	30.5	27.7	24.1	22.0	20.3	20.3	20.7	21.7	20.5
2018/01/18 18:34:35	47.5	25.5	25.5	41.6	41.6	51.2	51.2	52.9	52.9	47.2	40.9	40.5	36.4	39.6	38.8	37.2	38.3	39.6	38.3	39.1	38.4	36.7	36.5	33.1	30.8	28.3	24.6	22.5	20.3	20.5	20.8	21.9	20.5
2018/01/18 18:34:36	47.7	26.6	26.6	41.9	41.9	51.5	51.5	51.5	51.5	46.0	43.4	42.8	39.3	39.1	39.6	36.9	37.5	37.9	39.3	40.3	38.7	37.2	35.7	33.1	30.7	28.9	25.2	22.2	20.2	20.3	20.5	21.9	20.6
2018/01/18 18:34:37	47.8	25.5	25.5	39.8	39.8	49.3	49.3	50.3	50.3	45.8	42.8	43.3	39.0	39.7	38.7	37.3	38.0	38.7	37.8	40.2	39.4	36.9	36.2	33.8	32.3	30.1	26.9	23.3	20.7	20.5	20.8	21.7	20.7
2018/01/18 18:34:38	47.3	27.1	27.1	42.9	42.9	52.2	52.2	52.3	52.3	46.5	41.2	41.1	38.4	40.7	36.6	36.7	37.6	37.6	37.7	40.1	37.9	37.2	36.2	33.5	31.4	28.8	25.0	22.2	20.2	20.3	20.6	21.7	20.3
2018/01/18 18:34:39	47.6	25.4	25.4	42.0	42.0	52.0	52.0	53.3	53.3	46.4	41.9	44.0	38.6	39.3	38.7	37.4	38.3	37.4	38.3	39.7	38.9	36.9	35.8	33.7	31.5	29.3	26.3	22.5	21.1	20.4	20.8	21.9	20.6
2018/01/18 18:34:40	47.8	24.1	24.1	43.2	43.2	52.6	52.6	53.2	53.2	47.6	41.4	41.7	37.4	41.2	38.0	37.5	38.6	38.6	38.5	40.2	38.1	37.4	36.7	33.5	31.5	30.2	28.8	25.3	22.0	21.5	21.2	22.3	20.7
2018/01/18 18:34:41	48.1	25.8	25.8	42.1	42.1	50.8	50.8	51.7	51.7	46.0	42.9	41.7	37.2	42.0	39.0	38.3	38.5	37.8	38.9	39.3	39.2	38.0	37.2	34.0	31.8	30.4	29.5	25.8	23.0	21.9	21.3	22.3	21.2
2018/01/18 18:34:42	48.9	25.0	25.0	42.2	42.2	50.0	50.0	50.3	50.3	44.7	41.4	42.3	40.4	41.3	39.1	38.3	41.1	41.1	41.1	40.5	39.1	38.4	36.8	34.3	32.2	30.1	29.1	24.8	22.1	21.5	21.4	22.1	20.8
2018/01/18 18:34:43	49.0	26.0	26.0	43.8	43.8	51.1	51.1	51.9	51.9	46.9	41.5	43.1	40.7	41.2	40.2	38.5	40.3	41.1	40.8	40.6	39.7	38.6	36.4	34.1	32.2	30.9	29.1	24.6	21.0	21.2	21.2	22.2	21.0
2018/01/18 18:34:44	48.2	27.7	27.7	43.4	43.4	53.8	53.8	54.2	54.2	46.8	42.1	42.1	38.2	40.8	38.8	37.2	38.4	38.6	38.1	40.4	39.6	38.4	37.3	34.1	32.0	29.5	26.4	24.8	21.5	21.3	21.1	22.3	21.0
2018/01/18 18:34:45	47.6	28.9	28.9	43.8	43.8	51.8	51.8	52.4	52.4	45.7	40.3	40.6	37.5	39.7	38.6	37.2	38.4	38.1	38.2	39.9	38.5	37.8	36.7	33.4	30.7	29.1	25.7	23.3	21.1	21.2	21.6	22.8	21.5
2018/01/18 18:34:46	47.8	27.5	27.5	43.2	43.2	52.5	52.5	54.1	54.1	48.6	42.6	42.1	36.7	41.0	38.9	37.2	38.3	38.1	38.4	39.8	39.6	37.4	36.0	33.2	30.9	28.3	24.8	22.3	20.3	20.4	20.8	21.8	20.4
2018/01/18 18:34:47	47.7	26.5	26.5	40.8	40.8	51.7	51.7	53.8	53.8	47.5	39.4	41.4	38.2	40.7	38.0	36.2	37.1	38.2	37.9	40.1	39.3	37.8	36.8	33.6	30.9	28.5	24.9	22.0	20.4	20.2	20.6	21.7	20.5
2018/01/18 18:34:48	48.4	29.8	29.8	43.6	43.6	52.9	52.9	53.5	53.5	48.3	43.0	43.0	37.4	41.9	39.4	36.0	38.0	38.5	38.9	41.5	39.7	38.3	36.1	33.8	31.2	28.7	24.9	22.4	20.6	20.6	20.8	21.8	20.6
2018/01/18 18:34:49	52.7	30.4	30.4	45.0	45.0	54.7	54.7	54.2	54.2	47.6	41.0	39.9	37.5	42.2	38.9	38.4	38.5	40.2	42.5	42.4	41.8	41.5	43.7	40.7	40.6	42.9	39.1	34.1	27.9	22.9	21.3	22.1	20.7
2018/01/18 18:34:50	48.8	29.4	29.4	48.2	48.2	56.9	56.9	55.1	55.1	45.9	42.5	42.5	37.8	40.7	38.9	37.8	37.9	38.3	39.6	40.4	40.2	38.8	37.6	34.6	32.9	33.2	30.9	26.3	21.8	20.8	20.8	21.8	20.6
2018/01/18 18:34:51	48.1	28.7	28.7	44.4	44.4	51.8	51.8	51.5	51.5	47.1	42.3	43.2	36.9	43.1	40.0	37.7	38.8	37.9	39.9	40.6	38.1	37.9	36.1	32.8	31.1	30.5	28.5	23.3	20.5	20.6	20.7	21.9	20.6
2018/01/18 18:34:52	47.5	27.2	27.2	43.2	43.2	50.2	50.2	50.9	50.9	47.2	42.6	42.0	37.6	40.6	38.1	36.3	38.5	37.8	40.1	39.8	38.2	36.7	35.4	32.2	30.1	29.6	28.4	23.4	20.6	20.4	20.7	21.8	20.5
2018/01/18 18:34:53	47.9	26.1	26.1	41.1	41.1	49.5	49.5	51.2	51.2	46.4	43.4	43.1	39.7	43.7	38.8	37.3	37.8	38.5	39.1	40.0	38.0	37.0	35.5	33.1	31.3	31.8	31.1	25.3	22.8	21.6	21.5	22.1	20.9
2018/01/18 18:34:54	47.9	25.0	25.0	43.9	43.9	51.9	51.9	51.6	51.6	46.2	43.4	43.8	39.0	40.3	38.7	37.1	38.0	39.3	38.9	39.7	38.4	37.6	36.4	33.0	31.6	32.0	31.1	26.2	22.3	21.5	21.3	22.1	20.8
2018/01/18 18:34:55	47.6	25.6	25.6	45.3	45.3	51.9	51.9	50.1	50.1	45.0	43.6	43.7	37.6	39.7	37.4	36.5	38.0	37.8	38.9	38.9	38.9	36.9	36.5	33.1	31.4	31.1	30.7	27.2	23.2	21.7	21.0	22.1	21.1
2018/01/18 18:34:56	47.6	25.6	25.6	42.1	42.1	50.4	50.4	50.2	50.2	45.6	42.9	41.9	37.2	39.9	38.5	36.7	39.0	39.4	38.6	38.8	38.0	37.5	35.3	33.2	31.3	31.1	30.9	26.2	21.9	21.1	21.0	22.2	21.4
2018/01/18 18:34:57	47.8	26.4	26.4	44.0	44.0	52.5	52.5	52.4	52.4	46.8	43.3	42.7	35.2	40.1	38.2	37.2	38.5	38.4	39.1	39.6	38.7	37.0	35.6	32.5	31.8	32.3	31.9	27.0	22.9	22.3	21.2	22.3	20.7
2018/01/18 18:34:58	47.1	28.4	28.4	42.0	42.0	50.7	50.7	50.4	50.4	43.8	43.1	42.2	38.1	41.2	38.3	36.3	36.6	37.8	37.8	38.4	38.0	36.9	35.2	32.3	30.5	31.7	31.0	25.4	21.5	20.9	20.8	22.1	20.6
2018/01/18 18:34:59	47.7	25.7	25.7	41.4	41.4	50.1	50.1	50.3	50.3	45.8	43.1	42.7	38.9	39.2	38.6	39.4	38.9	38.8	39.5	38.1	38.4	37.2	35.1	32.9	31.7	32.2	32.6	27.5	22.4	21.3	21.3	22.3	20.9
2018/01/18 18:35:00	48.6	27.5	27.5	43.7	43.7	51.5	51.5	51.8	51.8	46.4	44.0	45.0	39.1	40.7	38.3	41.0	41.4	39.3	39.4	38.8	38.9	38.3	36.8	34.8	33.0	32.9	31.5	27.6	23.0	21.9	21.9	22.9	22.1
2018/01/18 18:35:01	49.3	26.5	26.5	43.1	43.1	51.8	51.8	55.2	55.2	53.0	45.5	45.1	39.3	39.2	36.2	39.8	41.7	39.6	41.1	37.6	39.7	38.4	38.5	36.5	34.9	33.1	31.8	26.8	21.8	20.8	20.9	22.0	20.6
2018/01/18 18:35:02	48.8	29.3	29.3	44.5	44.5	53.9	53.9	53.5	53.5	48.4	44.6	46.1	40.9	41.2	37.5	37.6	38.5	39.4	40.7	38.7	39.9	39.2	37.7	34.4	32.2	32.0	30.9	25.3	21.7	20.7	20.8	22.0	20.3
2018/01/18 18:35:03	49.0	29.4	29.4	42.9	42.9	51.1	51.1	52.3	52.3	50.2	45.0	44.5	39.7	41.1	37.7	40.0	41.1	40.2	40.5	39.1	40.6	38.0	36.8	34.7	32.4	31.8	30.8	26.3	21.5	20.6	20.9	21.7	20.5
2018/01/18 18:35:04	49.0	27.5	27.5	43.9	43.9	51.1	51.1	52.4	52.4	49.4	43.1	45.1	41.4	42.4	38.2	37.7	41.2	40.8	40.4	39.5	40.8	38.5	36.3	33.6	31.9	31.5	31.4	25.9	21.2	20.3	20.9	21.8	20.6
2018/01/18 18:35:05	48.9	25.2	25.2	43.8	43.8	51.9	51.9	52.2	52.2	48.1	45.3	46.7	39.9	42.9	37.9	38.1	40.6	39.6	40.4	39.2	40.0	38.6	37.2	33.8	32.5	31.4	31.3	26.6	21.9	21.0	21.2	21.8	20.6
2018/01/18 18:35:06	49.3	27.7	27.7	42.9	42.9	50.9	50.9	51.5	51.5	47.4	43.5	44.1	37.0	39.9	36.1	37.6	40.7	40.8	40.3	40.4	40.2	39.2	37.4	34.4	34.2	34.1	34.1	28.3	23.2	21.1	21.6	22.2	20.8
2018/01/18 18:35:07	50.6	26.4	26.4	42.7	42.7	52.7	52.7	54.7	54.7	50.1	44.4	45.0	39.3	42.1	38.6	38.8	43.6	41.5	42.3	40.2	41.4	39.9	39.4	35.9	34.7	35.8	35.4	31.2	25.1	22.2	22.5	22.8	21.2
2018/01/18 18:35:08	50.7	29.3	29.3	43.7	43.7	50.4	50.4	52.5	52.5	50.0	43.1	43.8	39.9	42.8	39.2	39.3	42.4	41.6	42.1	40.1	41.2	40.3	40.2	36.2	35.5	36.4	37.0	31.7	24.8	22.3	22.4	22.8	21.0
2018/01/18 18:35:09	51.3	28.5	28.5	46.0	46.0	54.0	54.0	54.2	54.2	49.4	43.2	45.2	41.7	42.0	37.7	38.0	43.0	43.0	43.5	41.6	41.7	41.0	40.3	36.8	35.3	36.5	36.8	30.9	25.9	22.7	22.4	22.4	21.0
2018/01/18 18:35:10	51.9	27.0	27.0	42.7	42.7	50.1	50.1	51.6	51.6	48.6	43.2	46.1	41.9	41.9	39.2	38.1	44.3	44.5	43.1	41.7	41.9	41.3	40.2	37.4	36.4	38.2	37.9	33.7	27.4	23.2	22.6	22.8	21.3
2018/01/18 18:35:11	52.9	29.6	29.6	44.1	44.1	51.0	51.0	51.8	51.8	48.2	44.3	44.7	41.6	42.5	38.6	39.7	47.2	47.3	44.1	42.8	41.6	41.6	40.4	37.5	37.1	38.3	38.6	33.6	27.8	23.3	22.8	23.3	21.3
2018/01/18 18:35:12	55.1	27.8	27.8	43.9	43.9	52.1	52.1	53.9	53.9	49.9	43.0	44.6	42.2	42.9	38.8	39.4	48.0	51.1	46.6	43.9	44.0	42.6	43.4	39.7	39.3	40.8	41.3	36.4	30.7	24.8	24.4	24.0	21.8
2018/01/18 18:35:13	56.2	25.2	25.2	42.3	42.3	50.0	50.0	52.4	52.4	49.1	44.3	47.5	43.9	43.4	40.4	39.3	48.3	50.0	48.8	44.7	46.1	46.1	43.3	41.5	41.1	42.9	42.9	37.3	31.2	25.6	24.4	23.9	21.6
2018/01/18 18:35:14	57.6	27.1	27.1	44.6	44.6	52.3	52.3	54.1	54.1	50.8	44.3	46.5	44.5	45.6	41.3	40.1	48.7	49.8	52.0	44.8	47.7	47.1	44.4	43.3	42.7	44.5	43.5	40.9	35.8	27.1	25.0	23.8	21.8
2018/01/18 18:35:15	57.0	27.5	27.5	42.2	42.2	51.2	51.2	54.3	54.3	50.8	47.1	48.5	43.1	46.0	39.7	39.6	48.9	48.9	51.1	47.0	48.2	46.6	43.1	41.0	40.2	42.0	42.2	37.6	31.8	26.4	25.2	24.4	22.1
2018/01/18 18:35:16	57.7	28.1	28.1	45.4	45.4	53.1	53.1	53.9	53.9	48.7	44.9	48.1	44.7	46.6	40.0	41.1	46.6	51.6	52.4	48.1	47.1	46.5	44.2	40.9	40.8	43.1	44.2	39.5	35.1	30.4	27.6	25.0	23.0
2018/01/18 18:35:17	57.3	26.5	26.5	44.1	44.1	51.6	51.6	51.6	51.6	48.2	43.2	46.2	40.8	45.3	39.8	39.7	46.2	50.4	51.3	49.2	49.2	45.5	43.8	39.9	40.7	42.0	41.2	37.2	30.7	24.4	23.8	24.0	21.6
2018/01/18 18:35:18	56.4	28.2	28.2	46.0	46.0	53.7	53.7	52.7	52.7	48.3	46.2	48.8	44.7	46.6	40.8	39.2	45.2	49.4	49.2	48.3	47.2	45.9	43.5	39.1	41.0	41.7	41.4	38.6	33.2	26.7	24.2	24.0	21.9
2018/01/18 18:35:19	58.9	30.2	30.2	45.4	45.4	53.2	53.2	54.8	54.8	51.8	50.4	50.6	45.1	45.4	42.6	44.6	48.4	53.3	52.3	50.5	46.8	47.9	45.8	43.1	42.1	44.2	45.5	41.5	34.7	28.3	26.0	25.2	23.1
2018/01/18 18:35:20	57.5	31.2	31.2	45.3	45.3	55.3	55.3	58.1	58.1	54.6	48.4	48.6	42.5	44.0	41.9	42.8	47.0	51.3	50.3	47.3	46.1	47.4	45.8	42.3	42.4	44.3	44.0	39.2	34.4	29.4	26.4	24.7	21.8
2018/01/18 18:35:21	55.2	27.5	27.5	44.9	44.9	51.8	51.8	51.6	51.6	49.5	43.6	44.1	40.5	42.7	40.0	41.4	47.5	44.4	45.7	43.2	45.2	45.9	43.5	40.8	41.5	43.8	44.4	38.0	33.3	29.9	25.9	24.4	22.1
2018/01/18 18:35:22	53.2	26.6	26.6	42.0	42.0	50.6	50.6	50.9	50.9	45.4	43.1	43.1	39.5	41.6	40.2	41.0	44.0	43.8	42.4	41.7	45.4	45.1	41.9	38.1	37.6	39.2	40.0	35.8	28.1	23.0	22.1	22.6	20.8
2018/01/18 18:35:23	53.4	25.5	25.5	41.3	41.3	49.9	49.9	51.0	51.0	48.1	44.2	44.5	42.1	42.3	41.9	42.4	44.5	43.6	42.9	42.2	45.7	45.2	42.3	37.7	37.0	39.2	37.6	34.1	28.5	23.5	22.2	22.9	21.0
2018/01/18 18:35:24	53.2	26.2	26.2	42.5	42.5	50.4	50.4	51.6	51.6	46.4	43.0	44.2	41.7	43.2	39.3	41.3	44.5	44.2	44.3	41.9	44.2	45.0	42.0	37.7	36.9	38.7	39.4	34.8	27.8	23.6	22.5	22.6	21.0
2018/01/18 18:35:25	54.3	27.4	27.4	41.8	41.8	49.5	49.5	50.8	50.8	47.8	44.3	43.6	40.7	43.6	41.0	41.9	45.5	45.9	43.5	43.5	45.6	47.0	43.2	38.9	37.0	38.0	38.6	33.9	27.8	23.9	22.7	22.8	21.3
2018/01/18 18:35:26	54.3	26.9	26.9	41.4	41.4	51.5	51.5	52.7	52.7	46.9	43.1	45.8	40.3	43.9	39.2	42.3	46.1	44.1	45.4	43.7	46.4	46.3	42.6	39.1	36.9	39.5	39.1	35.2	29.3	23.9	22.8	22.9	21.2
2018/01/18 18:35:27	56.3	29.6	29.6	44.2	44.2	52.5	52.5	53.1	53.1	49.8	47.3	47.7	42.7	43.4	40.8	44.6	47.3	45.8	45.5	45.5	46.8	49.7	45.0	40.6	39.3	42.2	42.5	39.8	31.7	27.7	24.7	23.8	21.9
2018/01/18 18:35:28	57.2	31.5	31.5	45.9	45.9	52.8	52.8	56.5	56.5	56.0	48.0	47.4	43.1	45.1	44.3	46.0	48.5	48.6	48.1	45.7	46.6	49.1	46.1	42.0	41.2	44.2	43.5	40.6	34.5	28.8	24.8	25.8	25.6
2018/01/18 18:35:29	53.1	25.6	25.6	42.9	42.9	50.5	50.5	52.1	52.1	49.5	45.0	45.7	40.8	42.4	38.5	39.6	42.7	43.3	43.5	41.7	46.0	44.9	40.1	37.7	37.5	38.8	38.9	34.4	28.9	25.4	22.3	22.3	20.8
2018/01/18 18:35:30	54.1	26.5	26.5	45.6	45.6	53.5	53.5	53.9	53.9	51.0	47.4	45.8	40.4	43.3	40.6	42.2	45.1	45.1	43.5	43.6	45.8	45.2	43.2	39.3	39.6	40.0	39.4	34.8	28.7	25.3	21.9	22.3	20.7
2018/01/18 18:35:31	55.9	29.9	29.9	48.0	48.0	57.8	57.8	57.0	57.0	53.4	52.1	47.8	42.0	45.3	41.9	44.8	47.7	48.1	47.7	43.7	46.3	46.2	44.7	41.4	40.7	42.9	41.4	36.9	29.7	25.6	22.5	22.4	20.8
2018/01/18 18:35:32	53.4	29.6	29.6	44.5	44.5	54.1	54.1	54.6	54.6	50.4	47.1	45.9	43.3	45.6	40.5	42.6	45.1	46.4	44.7	43.2	43.8	43.4	42.6	37.9	36.7	37.8	36.6	30.1	25.7	23.4	22.0	22.4	21.0
2018/01/18 18:35:33	49.9	23.2	23.2	39.5	39.5	48.5	48.5	50.4	50.4	48.6	45.1	46.7	41.8	44.6	39.3	41.5	40.3	42.3	40.2	40.0	40.2	40.4	37.2	35.4	33.6	35.1	33.0	28.0	24.2	21.5	21.2	21.9	20.5
2018/01/18 18:35:34	50.1	25.0	25.0	42.2	42.2	51.2	51.2	52.4	52.4	50.9	46.5	45.1	42.1	43.1	38.6	40.5	42.5	42.7	41.0	40.9	40.6	40.3	37.5	34.4	32.7	32.7	30.8	27.6	21.9	20.5	21.0	21.7	20.6
2018/01/18 18:35:35	51.4	25.5	25.5	45.2	45.2	52.4	52.4	52.1	52.1	51.5	46.1	45.6	43.1	44.3	39.6	40.5	42.9	43.3	44.1	43.1	42.5	40.8	38.4	34.9	33.9	32.9	32.1	27.3	22.5	21.0	21.0	22.0	20.8
2018/01/18 18:35:36	50.5	25.4	25.4	43.7	43.7	50.1	50.1	51.0	51.0	50.7	45.5	44.4	41.6	44.2	42.8	40.8	42.6	43.0	42.0	42.8	41.3	39.4	36.3	34.2	33.0	32.6	30.1	26.8	23.6	22.1	21.8	22.8	21.4
2018/01/18 18:35:37	48.0	26.3	26.3	43.3	43.3	51.0	51.0	51.2	51.2	47.2	42.0	43.2	39.9	42.5	40.1	39.8	40.9	40.7	39.0	38.9	38.3	36.6	34.9	32.2	30.2	30.5	27.4	24.2	21.5	21.1	21.6	22.3	21.1
2018/01/18 18:35:38	46.9	24.3	24.3	42.2	42.2	49.0	49.0	49.5	49.5	47.9	42.4	41.0	38.9	41.4	39.1	37.5	40.2	38.3	38.2	38.0	37.6	35.6	34.1	30.8	29.2	28.8	26.7	23.3	21.0	20.8	21.3	22.1	20.9
2018/01/18 18:35:39	46.0	26.2	26.2	41.9	41.9	50.6	50.6	50.8	50.8	46.4	41.1	41.2	37.2	42.1	37.4	36.4	39.7	37.6	37.4	36.7	36.1	34.3	33.6	30.6	29.1	28.1	25.5	23.3	20.8	20.7	21.2	22.1	21.0
2018/01/18 18:35:40	46.4	24.6	24.6	38.9	38.9	47.0	47.0	49.6	49.6	45.4	42.2	41.5	38.2	42.3	39.3	39.2	38.5	37.8	37.6	37.0	36.3	35.5	33.8	32.2	30.4	28.0	25.0	23.0	21.3	20.7	21.1	21.8	20.4
2018/01/18 18:35:41	46.6	25.8	25.8	39.9	39.9	49.1	49.1	50.1	50.1	45.6	41.4	41.3	38.1	41.0	37.7	37.4	38.4	36.6	37.4	38.7	37.3	35.7	35.0	32.0	30.4	27.9	26.1	22.8	21.0	21.1	21.1	21.9	20.7
2018/01/18 18:35:42	46.9	25.0	25.0	39.0	39.0	47.9	47.9	50.1	50.1	45.6	41.0	40.4	35.6	41.3	38.5	37.5	38.6	37.0	37.1	39.1	37.6	36.8	35.2	33.0	30.7	28.3	25.2	23.2	21.0	20.9	21.0	22.0	20.5
2018/01/18 18:35:43	48.4	26.2	26.2	42.6	42.6	50.4	50.4	51.4	51.4	45.8	41.8	42.2	39.0	42.4	39.7	36.1	39.2	37.4	38.3	41.2	39.9	37.5	37.4	34.4	32.0	30.8	27.8	26.1	23.7	22.3	22.1	22.6	21.5
2018/01/18 18:35:44	49.9	26.8	26.8	42.1	42.1	49.6	49.6	50.8	50.8	47.3	43.7	41.8	38.5	42.3	41.7	39.8	40.3	40.2	39.7	43.0	41.4	39.2	37.7	35.2	33.3	32.4	29.9	27.5	25.3	23.6	23.5	23.6	23.1
2018/01/18 18:35:45	49.4	25.9	25.9	41.7	41.7	48.7	48.7	49.4	49.4	45.8	43.8	43.8	39.6	41.3	39.5	37.1	39.5	38.7	39.6	41.5	41.0	39.3	37.3	34.6	34.1	32.0	32.8	33.5	30.7	28.3	25.3	24.9	23.1
2018/01/18 18:35:46	48.8	25.0	25.0	41.3	41.3	50.5	50.5	50.0	50.0	46.1	45.1	43.3	38.0	41.5	38.9	36.6	38.6	39.2	39.9	41.4	39.6	39.0	37.3	34.3	32.4	30.7	28.6	24.4	21.8	20.9	21.3	22.2	21.1
2018/01/18 18:35:47	48.7	23.6	23.6	40.1	40.1	49.7	49.7	49.1	49.1	46.8	46.2	43.2	38.2	40.6	38.3	37.3	39.9	37.7	39.0	41.0	40.2	39.5	37.3	34.6	32.0	30.0	27.4	23.9	20.9	20.8	21.1	22.2	20.7
2018/01/18 18:35:48	47.8	26.2	26.2	40.2	40.2	47.8	47.8	46.6	46.6	43.9	41.8	42.2	39.0	40.4	38.3	37.7	39.2	37.6	38.2	40.8	38.4	38.0	36.1	33.4	31.0	28.5	24.5	22.0	20.1	20.2	20.6	21.8	20.4
2018/01/18 18:35:49	47.7	24.9	24.9	41.2	41.2	49.4	49.4	49.3	49.3	43.5	39.8	42.7	38.0	40.5	36.3	36.0	39.3	37.3	38.5	40.5	38.9	38.0	36.3	33.1	31.1	28.5	24.5	22.3	20.3	20.4	20.7	21.7	20.4
2018/01/18 18:35:50	47.9	26.1	26.1	41.1	41.1	49.0	49.0	50.0	50.0	45.8	42.4	42.6	38.7	39.8	37.7	36.2	37.8	37.5	38.5	40.4	39.5	38.4	36.2	34.0	31.4	28.8	25.0	22.3	20.6	20.3	20.8	21.8	20.5
2018/01/18 18:35:51	47.8	27.4	27.4	47.9	47.9	55.1	55.1	51.9	51.9	44.7	42.0	43.9	36.6	39.0	38.0	36.8	38.4	37.4	37.9	40.4	39.7	37.8	36.0	32.8	32.0	29.0	27.2	25.6	21.3	20.7	21.4	22.2	20.9
2018/01/18 18:35:52	47.3	26.3	26.3	45.9	45.9	55.3	55.3	53.5	53.5	45.1	43.0	43.0	37.4	38.8	38.9	36.4	36.2	37.1	38.0	39.6	38.6	37.0	35.9	32.8	30.5	30.9	25.2	22.0	20.5	20.7	21.0	22.0	20.7
2018/01/18 18:35:53	48.0	28.5	28.5	43.8	43.8	51.4	51.4	51.2	51.2	47.8	43.7	42.0	36.5	39.0	37.0	36.6	38.7	39.0	39.5	41.0	39.7	37.1	35.3	32.6	30.2	28.0	25.2	22.3	20.3	20.6	20.9	22.1	20.7
2018/01/18 18:35:54	47.3	25.6	25.6	41.8	41.8	51.2	51.2	51.0	51.0	44.4	42.4	42.5	36.9	38.9	37.5	34.7	38.4	37.6	36.9	39.4	38.4	36.5	35.8	33.7	34.5	29.5	27.7	25.4	22.2	21.5	21.2	22.0	20.5
2018/01/18 18:35:55	46.5	25.2	25.2	42.3	42.3	49.9	49.9	49.4	49.4	43.7	40.7	42.0	38.8	39.7	37.0	35.4	36.6	36.5	36.1	39.5	37.9	36.3	35.5	32.4	29.9	27.9	24.4	21.9	20.2	20.2	20.5	21.7	20.4
2018/01/18 18:35:56	46.8	29.0	29.0	45.8	45.8	52.1	52.1	50.6	50.6	45.1	40.8	42.8	40.0	40.0	37.0	34.8	38.3	36.5	37.2	39.0	38.3	36.7	35.4	32.5	29.9	28.3	24.9	21.9	20.6	20.3	20.6	21.7	20.6
2018/01/18 18:35:57	48.2	25.9	25.9	42.0	42.0	51.5	51.5	51.6	51.6	45.8	44.0	45.2	37.7	38.8	38.1	36.9	39.4	38.5	38.5	41.1	39.2	37.7	37.0	33.5	31.6	29.0	25.7	22.1	20.3	20.4	21.0	22.0	20.6
2018/01/18 18:35:58	48.5	26.6	26.6	43.5	43.5	54.0	54.0	54.7	54.7	47.0	41.2	43.4	38.5	40.4	38.7	37.1	39.0	39.0	40.3	41.1	39.5	37.9	37.1	33.6	31.2	29.5	26.8	23.1	21.0	20.4	20.8	22.0	20.7
2018/01/18 18:35:59	47.8	25.3	25.3	42.1	42.1	50.8	50.8	50.6	50.6	44.7	41.7	41.2	38.0	40.1	38.5	36.4	39.6	37.5	38.6	40.0	38.9	37.7	36.3	34.2	30.6	29.7	26.3	23.3	21.1	20.8	21.3	22.1	20.8
2018/01/18 18:36:00	46.7	24.9	24.9	43.7	43.7	51.5	51.5	52.0	52.0	48.1	42.9	41.7	37.5	39.0	36.8	36.7	37.6	36.2	36.8	38.4	38.1	36.6	35.7	32.9	29.7	28.0	24.2	21.4	20.1	20.1	20.8	21.8	20.4
2018/01/18 18:36:01	47.6	26.2	26.2	41.7	41.7	51.1	51.1	52.6	52.6	48.2	41.6	43.1	39.1	39.9	37.4	36.6	39.3	37.3	38.2	39.7	39.0	37.5	36.0	32.8	29.8	29.4	26.1	22.9	20.7	20.4	21.1	22.1	20.6
2018/01/18 18:36:02	48.5	26.1	26.1	40.4	40.4	49.3	49.3	51.2	51.2	48.4	43.5	43.5	38.2	40.0	39.9	38.6	39.5	37.2	38.6	39.2	39.9	38.9	37.1	35.2	33.3	33.3	32.2	26.5	22.3	21.5	23.8	22.6	21.2
2018/01/18 18:36:03	55.6	25.2	25.2	44.0	44.0	51.2	51.2	50.2	50.2	47.2	44.0	46.4	40.8	42.5	46.2	44.7	43.6	43.3	44.2	44.3	45.7	44.7	44.1	44.0	44.9	46.8	41.5	34.2	24.1	20.8	20.8	21.9	20.4
2018/01/18 18:36:04	47.4	26.3	26.3	42.1	42.1	50.3	50.3	50.4	50.4	44.7	42.0	43.0	37.8	40.2	40.5	38.5	37.6	37.3	37.4	38.7	38.9	37.9	35.7	33.2	31.0	29.3	25.7	22.5	21.0	20.5	20.9	22.0	20.5
2018/01/18 18:36:05	47.6	26.2	26.2	41.3	41.3	50.1	50.1	50.1	50.1	45.5	40.9	43.9	37.2	38.9	39.7	38.4	38.3	38.4	38.6	39.2	38.2	37.9	35.7	33.6	31.3	29.6	26.1	22.6	20.3	20.3	20.6	21.8	20.3
2018/01/18 18:36:06	47.9	24.4	24.4	42.6	42.6	50.3	50.3	49.8	49.8	45.4	41.6	43.9	38.5	40.1	40.4	37.0	37.5	39.1	38.9	39.6	39.3	38.3	36.3	32.6	31.3	30.3	25.2	22.1	20.0	20.5	20.7	21.7	20.4
2018/01/18 18:36:07	47.9	25.4	25.4	41.8	41.8	49.6	49.6	49.3	49.3	46.3	44.5	43.3	39.1	40.2	38.3	36.8	37.7	37.7	39.2	40.9	38.8	38.2	35.8	33.3	30.6	28.8	25.2	22.0	20.5	20.4	20.8	21.9	20.5
2018/01/18 18:36:08	48.0	26.9	26.9	40.0	40.0	49.9	49.9	51.2	51.2	46.4	42.2	43.0	38.7	39.1	39.8	36.6	38.4	37.6	39.0	40.3	39.4	38.4	36.4	33.4	30.6	29.1	24.9	22.3	20.7	20.6	21.0	22.2	20.3
2018/01/18 18:36:09	48.8	26.0	26.0	42.1	42.1	50.0	50.0	49.4	49.4	44.4	41.2	42.5	37.9	40.6	38.6	37.7	37.7	38.1	39.1	42.1	40.3	39.0	37.5	35.1	32.2	30.0	25.5	22.1	20.1	20.1	20.7	21.7	20.3
2018/01/18 18:36:10	49.0	26.0	26.0	42.7	42.7	52.3	52.3	51.8	51.8	45.4	42.7	43.6	38.8	40.4	40.9	37.1	39.1	38.1	39.1	41.4	40.2	39.5	38.0	35.3	32.5	31.6	28.7	25.0	21.7	21.0	21.5	22.3	20.8
2018/01/18 18:36:11	47.6	24.9	24.9	41.2	41.2	53.8	53.8	56.6	56.6	49.0	43.7	44.4	39.0	39.7	38.8	37.5	37.8	37.5	36.9	39.3	38.5	38.0	36.3	33.2	30.4	29.5	26.6	23.2	20.5	20.7	20.9	22.1	20.9
2018/01/18 18:36:12	47.6	25.1	25.1	40.0	40.0	50.1	50.1	53.2	53.2	48.6	42.2	42.9	38.4	39.8	38.8	37.6	37.2	37.3	37.3	39.8	39.3	37.3	36.8	32.6	30.6	30.0	27.0	23.9	21.1	20.8	21.1	21.9	20.7
2018/01/18 18:36:13	46.8	25.4	25.4	41.2	41.2	48.8	48.8	50.6	50.6	46.9	43.0	44.7	37.9	40.7	38.4	36.8	38.3	36.9	37.0	39.1	37.2	37.0	34.3	31.9	28.8	28.5	25.1	22.7	20.9	20.7	21.0	22.1	20.8
2018/01/18 18:36:14	45.7	26.1	26.1	41.4	41.4	49.2	49.2	49.8	49.8	46.9	44.9	44.7	39.5	40.2	37.5	35.9	37.5	35.4	36.3	37.4	36.3	34.8	32.9	30.3	28.8	27.5	24.9	22.0	20.5	20.7	21.0	21.9	20.6
2018/01/18 18:36:15	47.8	30.0	30.0	41.9	41.9	51.8	51.8	53.9	53.9	49.0	46.1	46.3	42.3	44.9	39.0	37.2	39.6	38.3	37.6	37.8	37.2	37.3	35.0	33.7	33.5	32.6	31.0	26.7	23.6	21.4	21.1	22.1	20.9
2018/01/18 18:36:16	46.7	26.6	26.6	42.8	42.8	54.6	54.6	57.2	57.2	50.1	44.2	45.1	38.7	42.4	37.4	36.6	38.0	37.1	37.2	37.8	36.9	35.4	33.5	30.8	30.6	29.6	29.0	27.6	25.2	22.6	21.8	22.6	21.5
2018/01/18 18:36:17	46.0	27.3	27.3	43.5	43.5	54.5	54.5	56.9	56.9	49.8	43.4	47.2	40.0	42.8	38.1	36.8	38.4	36.9	35.6	35.9	35.2	34.1	32.5	30.4	29.0	26.1	24.3	22.1	20.6	20.4	20.7	22.1	20.6
2018/01/18 18:36:18	48.1	27.2	27.2	43.9	43.9	53.8	53.8	55.3	55.3	49.0	44.5	48.9	38.5	40.2	37.8	39.5	37.9	36.9	36.9	36.0	36.2	36.1	36.6	38.1	36.3	33.7	32.3	28.7	25.6	22.1	21.8	23.0	21.4
2018/01/18 18:36:19	46.7	29.3	29.3	42.7	42.7	52.6	52.6	54.7	54.7	48.8	41.7	48.0	38.7	41.2	38.1	40.0	38.2	36.8	36.3	36.1	36.0	34.9	34.3	33.5	32.6	29.2	26.8	23.1	21.0	20.5	20.9	21.9	20.7
2018/01/18 18:36:20	48.1	26.6	26.6	43.6	43.6	50.6	50.6	53.0	53.0	49.8	43.3	51.0	41.4	43.1	40.8	43.2	39.9	36.1	37.7	35.5	36.5	36.1	34.2	35.6	35.4	32.0	27.7	23.4	20.8	20.6	20.9	22.0	20.6
2018/01/18 18:36:21	50.0	28.3	28.3	43.1	43.1	51.7	51.7	53.8	53.8	49.0	42.3	53.6	45.8	44.3	41.0	43.9	43.0	38.9	38.9	37.0	37.9	37.9	36.0	37.8	37.7	35.4	30.9	25.1	21.0	20.4	20.6	21.8	20.4
2018/01/18 18:36:22	51.0	27.3	27.3	41.2	41.2	48.8	48.8	52.2	52.2	50.8	45.1	53.9	49.4	44.9	45.4	45.5	45.0	40.8	40.4	37.8	39.6	38.1	36.4	36.1	36.5	35.6	30.3	25.7	22.2	20.8	21.0	22.1	20.7
2018/01/18 18:36:23	50.8	26.6	26.6	42.5	42.5	52.6	52.6	55.0	55.0	50.9	47.0	48.4	45.1	43.6	42.2	42.2	44.5	41.4	39.9	39.0	40.7	39.7	38.1	36.9	36.9	37.1	36.0	31.4	26.9	23.2	22.3	23.4	21.9
2018/01/18 18:36:24	51.5	30.0	30.0	44.1	44.1	54.2	54.2	55.4	55.4	52.4	52.6	52.6	42.7	46.4	42.2	40.5	41.7	41.7	40.0	40.1	42.3	40.2	38.6	37.8	37.4	37.6	38.3	33.2	26.3	23.2	22.3	22.7	21.3
2018/01/18 18:36:25	49.1	26.2	26.2	43.1	43.1	51.8	51.8	55.2	55.2	52.4	49.7	50.1	41.3	42.6	40.1	39.3	41.2	39.0	37.5	38.8	38.8	38.2	36.6	35.1	34.8	34.2	34.3	29.2	25.0	22.7	22.3	23.4	21.6
2018/01/18 18:36:26	48.7	29.3	29.3	43.3	43.3	51.7	51.7	53.4	53.4	49.9	47.0	47.2	40.4	42.6	38.0	37.4	41.6	40.8	37.5	38.9	38.0	38.4	36.4	34.2	34.3	33.2	32.2	28.3	24.3	22.0	22.0	23.1	21.7
2018/01/18 18:36:27	46.9	26.8	26.8	44.8	44.8	53.6	53.6	54.9	54.9	49.7	47.8	47.1	40.5	42.3	37.3	36.2	36.2	36.1	35.4	38.2	36.8	37.3	35.0	32.4	32.1	29.6	26.3	22.9	20.8	20.5	20.7	21.7	20.4
2018/01/18 18:36:28	47.5	26.3	26.3	42.2	42.2	52.0	52.0	52.6	52.6	49.1	46.8	45.9	40.4	40.8	37.7	34.8	37.2	37.6	37.2	38.8	38.4	37.8	36.1	33.2	32.8	30.7	26.8	22.8	20.4	20.6	21.0	21.9	20.4
