DataTime                     	dB(A)	16	20	25	31.5	40	50	63	80	100	125	160	200	250	315	400	500	630	800	1000	1250	1600	2000	2500	3150	4000	5000	6300	8000	10000	12500	16000	20000
2018/01/24 15:49:40	56.4	30.9	30.9	46.8	46.8	58.0	58.0	58.1	58.1	51.5	52.6	53.3	45.3	48.8	47.2	45.8	45.8	45.2	47.1	49.9	47.0	46.9	45.4	40.7	39.6	38.5	36.3	30.9	23.5	21.9	21.7	22.4	21.8
2018/01/24 15:49:41	56.4	30.9	30.9	48.4	48.4	60.8	60.8	60.6	60.6	53.6	49.0	51.1	44.2	48.1	46.6	44.2	46.4	45.0	47.5	49.7	46.1	46.4	45.7	42.2	41.5	39.3	37.3	31.4	24.7	22.8	22.2	23.2	22.2
2018/01/24 15:49:41	56.3	32.5	32.5	49.4	49.4	59.2	59.2	59.3	59.3	51.8	48.7	47.7	45.4	48.8	45.5	45.0	45.5	45.0	48.2	48.7	46.7	46.8	45.5	42.3	40.9	39.1	37.4	31.4	24.2	21.5	21.5	22.5	21.5
2018/01/24 15:49:43	55.4	32.6	32.6	52.2	52.2	61.6	61.6	60.3	60.3	52.6	48.0	46.8	43.9	46.8	44.8	42.3	46.0	44.0	47.0	49.3	46.3	44.9	43.0	40.2	39.5	37.8	36.3	30.8	23.8	21.4	21.5	22.1	21.1
2018/01/24 15:49:43	55.0	30.4	30.4	44.8	44.8	54.5	54.5	56.6	56.6	52.8	49.4	48.3	40.1	45.2	43.3	41.3	44.1	44.1	46.6	48.9	45.6	45.4	43.0	40.6	39.4	37.7	35.3	31.0	25.0	23.0	21.9	22.8	21.1
2018/01/24 15:49:45	54.0	28.3	28.3	43.7	43.7	51.9	51.9	55.0	55.0	54.3	48.5	46.4	41.0	47.9	43.2	42.7	43.1	41.5	45.1	47.0	44.6	44.2	42.9	40.4	38.9	36.7	34.1	27.9	23.1	20.8	21.2	22.0	21.1
2018/01/24 15:49:45	53.7	28.7	28.7	44.5	44.5	52.6	52.6	54.8	54.8	50.9	46.1	45.4	41.5	46.2	43.6	41.0	43.8	42.2	44.7	47.0	44.6	43.5	42.8	39.3	38.5	35.8	33.9	28.2	23.5	21.4	21.1	22.4	21.2
2018/01/24 15:49:46	52.5	31.1	31.1	47.0	47.0	56.1	56.1	57.2	57.2	52.9	46.0	45.9	41.4	46.6	43.1	40.8	43.7	41.5	44.7	44.9	43.1	42.0	40.4	38.2	37.7	34.8	32.0	25.1	21.2	20.5	20.9	22.1	21.2
2018/01/24 15:49:47	51.6	28.2	28.2	44.7	44.7	54.8	54.8	55.7	55.7	54.6	49.5	46.2	42.1	45.9	44.2	39.0	41.0	41.1	43.0	44.6	41.9	41.4	39.0	36.1	36.0	33.0	30.2	24.1	20.5	20.0	20.8	21.9	20.9
2018/01/24 15:49:49	51.6	30.9	30.9	45.3	45.3	57.5	57.5	58.8	58.8	56.6	49.7	47.5	42.8	48.8	46.5	38.5	40.0	39.7	42.2	44.6	42.0	40.8	37.7	35.2	34.6	32.3	30.2	25.2	22.1	21.2	21.3	22.0	21.0
2018/01/24 15:49:50	50.3	30.0	30.0	44.3	44.3	57.1	57.1	58.0	58.0	52.1	46.9	45.1	41.2	46.6	43.3	37.4	38.5	38.8	41.9	43.5	41.2	39.8	36.9	34.5	33.7	31.7	29.4	23.9	21.3	20.2	20.7	22.0	20.8
2018/01/24 15:49:50	51.3	28.7	28.7	42.0	42.0	55.2	55.2	58.0	58.0	53.9	47.7	44.7	42.3	47.5	43.4	40.0	41.0	40.3	42.2	44.4	41.0	41.3	37.6	35.4	35.4	35.0	33.5	27.1	22.0	20.4	20.9	21.9	20.8
2018/01/24 15:49:52	55.4	24.9	24.9	41.3	41.3	53.3	53.3	60.0	60.0	59.2	50.3	48.5	44.4	49.7	47.7	43.7	44.7	44.5	45.6	46.6	44.1	45.2	41.5	39.8	41.9	43.6	43.7	36.8	30.6	22.9	21.1	22.2	21.2
2018/01/24 15:49:53	61.2	25.9	25.9	41.1	41.1	52.2	52.2	56.4	56.4	58.1	52.2	51.1	47.5	52.6	53.2	45.4	49.6	50.6	53.2	51.6	50.7	50.3	49.8	47.1	49.4	49.5	46.9	43.1	35.5	26.1	22.4	23.0	21.6
2018/01/24 15:49:54	67.0	25.4	25.4	40.9	40.9	51.4	51.4	56.5	56.5	57.3	53.9	55.3	50.7	57.6	56.9	52.2	55.8	56.4	57.2	57.7	54.9	57.9	57.2	54.2	54.9	54.6	53.0	49.0	40.0	37.2	34.0	29.4	26.1
2018/01/24 15:49:55	70.9	29.3	29.3	44.5	44.5	55.7	55.7	61.2	61.2	62.4	59.9	62.9	59.9	63.8	61.8	55.5	60.3	59.7	61.5	63.5	60.0	61.7	59.1	54.0	58.0	58.0	56.0	51.2	44.3	42.0	38.4	33.0	28.8
2018/01/24 15:49:55	65.7	28.3	28.3	44.4	44.4	56.6	56.6	61.0	61.0	60.0	53.6	58.0	58.3	63.1	58.0	54.2	54.9	55.0	55.6	58.1	55.5	56.1	54.5	47.7	50.3	52.0	50.0	45.1	35.4	31.2	27.2	25.0	22.3
2018/01/24 15:49:57	59.0	28.4	28.4	44.1	44.1	55.9	55.9	59.0	59.0	57.8	53.0	52.8	50.4	56.7	53.0	48.4	49.5	49.9	51.1	51.2	49.3	47.3	45.7	41.6	41.4	40.8	39.2	32.4	24.9	21.8	21.2	22.3	21.4
2018/01/24 15:49:58	56.8	28.1	28.1	45.4	45.4	54.9	54.9	56.8	56.8	55.5	50.9	50.7	47.7	53.6	50.7	44.3	47.4	45.2	47.0	49.6	47.4	46.0	45.0	42.0	41.5	40.7	38.7	32.7	24.8	21.6	21.2	22.0	20.8
2018/01/24 15:49:59	58.2	26.2	26.2	47.7	47.7	54.6	54.6	57.0	57.0	58.0	53.0	53.0	49.2	51.2	51.2	47.5	51.9	46.1	47.4	48.9	48.7	48.1	46.3	45.6	44.5	42.1	40.7	34.6	26.5	21.7	21.6	22.2	21.2
2018/01/24 15:50:00	56.3	28.4	28.4	46.4	46.4	55.7	55.7	57.7	57.7	54.8	48.5	52.4	46.9	51.0	47.8	45.3	46.5	43.9	46.6	46.6	47.6	45.5	43.3	46.2	43.1	41.2	39.0	31.0	23.3	20.2	20.9	21.8	20.6
2018/01/24 15:50:00	54.3	27.6	27.6	44.4	44.4	56.0	56.0	59.6	59.6	56.0	47.8	49.4	43.6	48.8	47.7	43.9	42.7	42.0	45.4	48.5	44.8	43.1	39.8	38.1	37.9	36.6	35.4	28.5	25.6	23.5	21.6	22.5	21.5
2018/01/24 15:50:02	53.9	26.5	26.5	42.5	42.5	53.2	53.2	57.2	57.2	55.4	48.7	48.7	41.5	47.0	44.8	40.1	41.7	41.6	45.4	47.3	44.1	42.2	39.8	39.1	40.5	38.7	40.3	34.4	32.8	30.2	26.9	25.4	23.1
2018/01/24 15:50:03	53.8	29.3	29.3	46.2	46.2	56.3	56.3	59.4	59.4	56.9	50.1	49.4	42.0	48.6	44.0	42.3	41.2	40.6	44.7	48.0	44.6	42.7	40.8	37.5	37.6	37.0	35.9	31.0	25.0	24.3	23.8	23.5	21.9
2018/01/24 15:50:04	52.9	29.3	29.3	43.1	43.1	54.9	54.9	60.4	60.4	58.8	49.9	47.1	42.8	46.9	44.0	41.3	42.2	40.8	43.6	46.2	42.7	41.0	39.3	36.8	38.3	38.5	36.9	30.6	27.2	26.8	25.4	23.5	22.0
2018/01/24 15:50:04	54.0	25.5	25.5	42.2	42.2	52.8	52.8	57.6	57.6	57.0	52.9	53.3	44.7	51.9	45.3	41.5	42.3	41.0	43.7	46.6	42.7	42.6	41.2	39.3	40.0	41.3	38.3	31.3	24.2	22.4	21.7	26.4	21.3
2018/01/24 15:50:06	55.6	26.7	26.7	42.4	42.4	52.6	52.6	58.5	58.5	59.6	55.3	52.8	45.0	50.7	44.7	42.0	42.4	42.6	44.8	47.7	44.8	44.5	44.1	40.5	43.4	44.1	41.8	35.1	27.6	25.1	23.9	30.7	22.0
2018/01/24 15:50:06	60.8	34.3	34.3	46.9	46.9	62.2	62.2	70.0	70.0	70.8	64.0	62.4	61.8	63.1	57.4	50.3	47.0	46.2	46.5	47.7	44.9	42.6	42.6	41.5	43.2	42.6	42.0	34.4	27.9	22.6	21.3	22.7	20.8
2018/01/24 15:50:08	55.3	30.8	30.8	43.7	43.7	58.0	58.0	66.9	66.9	67.3	59.2	56.3	51.8	56.7	48.8	44.6	42.2	40.7	43.6	44.2	41.4	39.5	38.4	35.8	35.8	34.4	33.3	26.2	21.5	20.4	21.0	22.2	20.9
2018/01/24 15:50:08	61.2	36.4	36.4	49.4	49.4	67.8	67.8	76.2	76.2	74.9	64.8	62.0	56.2	60.0	56.4	49.5	45.4	44.9	45.4	47.8	45.7	44.2	42.7	41.5	44.0	42.3	41.2	35.8	27.3	22.0	21.2	22.1	21.2
2018/01/24 15:50:09	57.3	33.4	33.4	49.2	49.2	64.6	64.6	69.8	69.8	67.2	61.9	62.6	53.4	57.0	51.6	46.8	45.4	42.1	44.1	45.8	42.2	41.1	39.6	38.8	39.0	38.1	37.2	32.7	23.4	21.0	21.0	21.9	20.8
2018/01/24 15:50:11	62.7	40.4	40.4	53.8	53.8	69.8	69.8	72.1	72.1	67.6	67.1	69.3	59.8	65.1	56.8	52.6	51.5	46.7	47.2	47.7	45.4	43.5	43.5	44.9	44.8	46.7	47.3	40.9	29.9	24.6	22.6	22.4	21.0
2018/01/24 15:50:12	68.5	38.2	38.2	49.6	49.6	68.7	68.7	75.8	75.8	78.0	73.3	70.8	66.2	70.2	64.9	58.0	58.1	54.3	56.3	56.6	52.2	52.9	50.3	49.7	49.9	51.9	51.9	46.2	34.9	28.9	26.8	24.6	22.0
2018/01/24 15:50:13	68.0	38.2	38.2	50.6	50.6	65.8	65.8	75.2	75.2	78.4	74.7	70.3	65.5	68.7	66.2	58.4	55.9	53.2	54.4	55.2	49.1	51.2	48.4	47.6	49.7	49.2	49.1	43.3	33.6	27.0	24.4	24.6	22.2
2018/01/24 15:50:13	64.4	41.0	41.0	50.7	50.7	69.5	69.5	79.5	79.5	78.1	69.4	64.6	61.9	63.6	56.7	51.0	50.4	49.3	49.1	49.5	46.2	47.3	45.7	46.2	47.9	46.8	44.8	39.3	30.5	23.7	21.6	22.2	20.9
2018/01/24 15:50:14	62.4	39.2	39.2	47.8	47.8	61.1	61.1	73.4	73.4	75.5	68.6	63.5	57.4	61.8	57.3	48.8	48.5	46.6	47.5	48.3	45.9	46.1	44.6	45.4	46.6	48.1	46.0	40.2	32.8	29.0	25.2	24.8	23.4
2018/01/24 15:50:16	63.8	37.3	37.3	50.8	50.8	62.3	62.3	72.4	72.4	77.1	72.6	64.2	61.6	61.5	57.9	49.4	48.4	47.3	47.9	48.3	46.6	46.1	45.1	44.5	47.2	49.5	49.1	43.5	33.3	27.5	22.4	22.5	20.9
2018/01/24 15:50:17	62.9	33.7	33.7	53.2	53.2	61.7	61.7	67.6	67.6	71.7	69.9	65.3	57.9	62.4	57.9	53.0	49.9	49.0	48.7	50.2	49.2	48.2	46.6	45.8	48.3	48.5	49.8	43.4	33.3	27.9	22.5	23.1	22.0
2018/01/24 15:50:18	62.3	35.5	35.5	49.6	49.6	60.5	60.5	66.7	66.7	68.9	64.7	63.2	59.1	60.9	58.8	52.3	48.9	49.4	51.2	49.9	50.5	48.7	47.8	46.4	47.2	49.6	50.0	42.1	30.6	24.6	21.2	22.1	20.8
2018/01/24 15:50:19	58.9	33.3	33.3	50.8	50.8	61.4	61.4	65.6	65.6	65.2	60.9	58.6	53.9	55.7	53.1	47.8	47.8	47.6	49.1	49.0	48.8	47.4	45.8	43.3	43.4	42.3	41.9	34.7	25.2	22.3	21.9	22.4	21.2
2018/01/24 15:50:19	57.1	34.0	34.0	50.1	50.1	61.3	61.3	65.4	65.4	62.9	56.1	53.1	48.1	53.3	48.4	45.8	48.2	48.2	48.5	48.6	45.9	45.7	43.7	42.3	41.9	40.6	38.6	32.0	23.9	20.8	21.1	22.1	20.6
2018/01/24 15:50:21	59.8	31.7	31.7	49.9	49.9	61.0	61.0	66.7	66.7	64.8	56.3	56.7	53.9	57.0	53.0	50.1	51.5	49.7	52.3	52.1	46.9	47.3	45.6	43.0	43.5	42.7	41.1	34.7	25.6	21.2	20.9	21.8	20.6
2018/01/24 15:50:22	60.9	33.5	33.5	49.7	49.7	60.5	60.5	65.5	65.5	65.1	57.3	57.5	53.6	56.7	52.7	52.7	51.9	52.2	54.1	53.3	48.9	48.3	46.9	44.2	44.1	42.5	41.5	35.0	25.6	22.1	21.2	22.2	20.8
2018/01/24 15:50:23	63.1	33.5	33.5	52.1	52.1	61.9	61.9	63.7	63.7	62.7	56.3	58.7	56.1	57.4	54.0	50.8	52.6	53.0	55.5	56.3	53.2	52.3	50.3	46.5	46.7	47.0	44.7	37.7	32.5	27.4	23.7	23.0	21.5
2018/01/24 15:50:24	63.4	34.3	34.3	49.0	49.0	60.7	60.7	64.0	64.0	63.0	58.0	59.7	57.1	59.1	53.6	49.6	52.5	52.8	56.1	57.9	52.7	51.1	48.9	46.8	48.2	46.5	44.6	40.9	37.9	30.9	24.7	25.8	23.3
2018/01/24 15:50:25	62.5	31.4	31.4	49.5	49.5	60.0	60.0	63.0	63.0	62.6	59.3	59.6	58.3	62.5	55.6	51.1	50.7	50.0	52.6	54.7	53.2	50.7	48.5	47.3	45.7	46.9	44.4	37.8	34.9	29.9	25.1	23.7	22.5
2018/01/24 15:50:26	61.0	31.1	31.1	53.5	53.5	61.7	61.7	63.2	63.2	63.3	60.5	58.7	54.4	61.2	58.8	53.9	50.9	48.1	48.8	51.1	50.5	47.8	47.3	45.7	45.3	44.8	43.4	35.8	27.8	22.8	21.9	22.2	20.6
2018/01/24 15:50:27	60.5	32.8	32.8	48.8	48.8	60.6	60.6	63.7	63.7	60.7	59.1	60.8	57.0	61.7	55.9	54.5	50.5	47.3	49.2	50.3	48.1	48.2	46.1	44.6	44.8	42.9	41.2	34.0	25.9	21.2	21.0	21.9	20.7
2018/01/24 15:50:28	56.7	33.2	33.2	49.6	49.6	60.2	60.2	62.1	62.1	59.0	54.0	52.3	48.2	51.7	51.6	48.7	46.1	43.6	46.4	47.3	46.5	45.6	44.8	43.0	43.9	41.3	39.9	33.3	25.0	21.2	21.1	21.9	20.9
2018/01/24 15:50:29	56.4	31.2	31.2	50.4	50.4	61.6	61.6	63.5	63.5	61.2	55.2	52.4	47.8	50.4	49.6	47.0	45.8	44.6	45.5	47.9	45.8	44.7	44.6	43.1	43.6	42.4	39.9	33.5	25.0	21.1	20.8	21.9	20.6
2018/01/24 15:50:30	56.2	32.4	32.4	51.7	51.7	61.8	61.8	62.5	62.5	59.9	55.2	52.3	47.7	49.8	47.4	44.4	45.6	43.4	46.5	47.3	45.6	45.4	45.3	43.4	43.1	41.7	39.6	33.1	24.6	20.8	20.9	21.8	20.8
2018/01/24 15:50:31	57.2	31.4	31.4	48.2	48.2	58.5	58.5	60.2	60.2	60.7	55.8	53.5	51.2	52.0	50.5	45.3	46.4	46.4	46.6	48.0	46.4	46.8	46.0	44.1	43.9	42.1	41.1	33.7	24.9	20.7	21.1	22.1	20.7
2018/01/24 15:50:32	57.9	32.1	32.1	49.2	49.2	60.9	60.9	62.4	62.4	61.2	56.5	56.4	51.9	52.9	52.5	49.1	47.0	46.7	48.0	48.8	46.6	46.5	45.8	44.7	44.7	42.9	40.7	34.1	25.2	20.8	20.8	21.8	20.6
2018/01/24 15:50:33	58.3	34.0	34.0	51.5	51.5	61.6	61.6	61.5	61.5	58.6	56.4	57.6	56.1	57.4	53.7	48.6	46.8	46.8	48.4	48.7	46.8	46.4	44.5	43.5	44.1	43.1	40.8	34.0	24.8	21.1	20.8	22.1	21.0
2018/01/24 15:50:34	57.8	34.8	34.8	52.9	52.9	62.8	62.8	62.5	62.5	59.8	56.1	54.7	53.6	55.9	54.5	49.0	46.6	46.0	46.9	47.8	46.5	45.4	44.9	43.6	44.6	43.4	41.7	34.6	25.0	21.0	21.1	22.0	20.8
2018/01/24 15:50:35	56.3	30.2	30.2	48.4	48.4	58.3	58.3	59.3	59.3	56.3	52.0	50.9	47.4	51.6	50.4	44.7	44.5	45.1	46.2	47.9	45.9	44.9	44.8	43.1	43.3	42.1	40.4	32.8	24.2	20.9	22.3	22.0	20.7
2018/01/24 15:50:36	56.2	29.8	29.8	47.3	47.3	57.2	57.2	58.3	58.3	55.0	51.1	51.7	43.4	49.2	50.7	45.1	45.1	45.2	46.3	48.2	45.9	45.5	44.7	42.4	43.1	41.5	39.6	32.5	23.8	20.6	20.8	22.0	20.8
2018/01/24 15:50:37	55.6	28.4	28.4	46.3	46.3	56.7	56.7	59.7	59.7	56.8	51.0	49.6	43.1	48.3	48.7	45.4	43.9	43.8	46.6	47.6	45.4	44.9	43.9	42.1	42.7	40.7	40.1	32.8	23.5	20.2	20.8	22.0	20.5
2018/01/24 15:50:38	55.2	28.9	28.9	45.9	45.9	55.3	55.3	56.9	56.9	54.4	51.0	49.2	43.1	47.3	45.8	43.6	45.0	44.7	46.1	46.7	45.3	44.8	44.0	42.0	42.4	40.3	38.1	31.0	22.7	20.4	21.2	22.1	21.0
2018/01/24 15:50:39	55.2	31.3	31.3	45.6	45.6	55.5	55.5	56.4	56.4	54.0	50.0	49.2	44.2	46.1	49.2	46.1	45.4	44.4	45.0	47.5	44.9	44.2	43.6	41.3	42.4	40.4	38.7	32.0	24.5	21.0	20.9	22.0	20.9
2018/01/24 15:50:40	54.8	30.5	30.5	46.8	46.8	55.3	55.3	55.7	55.7	53.4	49.8	50.0	44.2	47.9	48.6	42.3	45.1	44.3	44.5	46.7	44.7	43.6	43.8	40.7	41.4	40.1	39.0	31.8	28.6	20.4	20.7	21.8	20.8
2018/01/24 15:50:41	54.6	25.7	25.7	46.0	46.0	55.7	55.7	57.6	57.6	54.2	47.2	48.9	45.7	48.0	47.9	43.9	45.0	44.0	44.3	45.8	44.5	44.2	43.4	41.0	41.9	39.8	38.8	31.1	23.0	20.6	21.1	22.0	21.0
2018/01/24 15:50:42	55.1	27.8	27.8	46.1	46.1	55.3	55.3	57.8	57.8	55.9	52.1	51.5	46.4	47.1	47.2	42.9	45.1	43.6	43.8	47.2	45.0	45.3	43.5	42.1	42.2	40.3	38.3	30.9	23.2	20.5	20.7	22.0	20.9
2018/01/24 15:50:43	56.0	31.6	31.6	46.0	46.0	57.5	57.5	59.3	59.3	54.6	54.4	53.0	44.7	47.5	47.9	41.9	45.1	45.4	46.4	47.6	46.0	45.3	45.1	43.1	43.0	41.7	38.9	31.1	29.6	20.3	21.0	21.8	20.7
2018/01/24 15:50:44	56.0	28.8	28.8	46.3	46.3	56.8	56.8	58.1	58.1	52.8	52.5	51.0	45.7	47.8	48.1	43.5	45.0	44.9	46.9	48.0	45.5	45.5	45.1	43.1	43.2	41.1	39.5	31.6	23.7	20.7	20.8	22.1	20.7
2018/01/24 15:50:45	55.4	28.1	28.1	45.8	45.8	56.4	56.4	59.5	59.5	54.6	48.8	50.1	43.1	46.3	46.6	42.5	44.4	44.7	45.7	47.0	46.1	45.4	44.1	42.3	41.9	41.0	38.8	31.4	23.5	20.6	21.0	21.9	20.6
2018/01/24 15:50:46	55.9	32.7	32.7	49.7	49.7	59.9	59.9	60.8	60.8	56.5	54.0	50.8	44.0	46.4	46.6	42.8	46.5	43.9	45.7	48.5	45.6	45.2	44.9	42.7	43.3	40.7	38.9	31.8	32.6	20.7	21.9	22.0	20.6
2018/01/24 15:50:47	55.6	30.2	30.2	47.1	47.1	58.4	58.4	59.3	59.3	53.8	50.7	49.5	39.8	46.4	45.2	43.2	45.7	44.3	45.6	47.8	46.4	45.3	44.7	42.5	42.8	40.7	38.7	31.8	23.7	20.8	21.0	22.0	20.7
2018/01/24 15:50:48	54.9	29.3	29.3	46.3	46.3	58.2	58.2	59.7	59.7	53.0	47.8	47.7	41.6	45.8	45.5	42.2	44.9	44.1	44.8	46.6	45.7	45.3	43.9	42.1	41.5	40.0	38.0	30.9	23.5	20.5	20.9	21.9	20.7
2018/01/24 15:50:49	55.6	31.6	31.6	47.4	47.4	61.2	61.2	63.3	63.3	55.1	49.2	50.1	44.1	47.9	45.9	44.2	45.6	45.0	45.6	47.7	45.5	45.5	44.2	42.8	42.0	39.8	38.2	31.1	23.1	20.6	21.0	22.2	20.8
2018/01/24 15:50:50	55.0	29.0	29.0	43.6	43.6	55.6	55.6	56.9	56.9	50.6	47.9	48.1	43.1	45.7	45.4	43.6	45.5	44.4	44.8	47.8	45.3	45.0	43.8	41.3	40.9	39.8	38.1	31.1	24.2	20.9	20.8	21.7	20.5
2018/01/24 15:50:50	54.5	29.5	29.5	45.5	45.5	57.4	57.4	58.1	58.1	50.8	46.1	47.3	42.7	45.4	43.7	41.9	43.9	42.3	44.7	46.7	45.4	44.7	43.8	41.8	40.9	39.5	38.0	30.3	24.8	20.9	21.1	22.1	20.6
2018/01/24 15:50:51	54.0	28.5	28.5	45.5	45.5	56.3	56.3	57.2	57.2	52.0	48.4	47.0	42.4	45.6	42.6	41.0	42.7	42.2	44.3	46.5	44.3	44.6	42.4	40.5	40.7	39.8	38.1	30.5	25.5	20.8	20.8	21.8	20.5
2018/01/24 15:50:53	53.3	26.7	26.7	44.6	44.6	54.5	54.5	56.2	56.2	51.9	45.5	44.8	41.8	44.8	42.6	42.6	42.2	43.3	43.5	44.4	43.1	43.6	42.2	40.1	39.9	41.4	37.4	30.1	28.8	20.3	20.9	21.9	20.6
2018/01/24 15:50:54	54.0	27.6	27.6	43.7	43.7	54.7	54.7	56.1	56.1	50.7	45.3	46.9	42.4	45.6	44.0	43.1	45.5	43.1	45.2	45.7	43.6	42.8	42.3	41.3	41.3	39.7	37.7	30.6	23.7	20.5	21.1	22.1	20.7
2018/01/24 15:50:55	53.6	28.9	28.9	43.4	43.4	54.4	54.4	55.6	55.6	49.6	46.8	47.1	42.4	44.7	44.1	41.6	44.2	43.1	43.9	45.3	43.8	43.0	42.1	40.7	41.1	39.2	37.7	30.8	23.5	20.5	20.9	22.0	20.8
2018/01/24 15:50:56	54.0	27.7	27.7	50.0	50.0	56.6	56.6	54.4	54.4	51.1	48.6	46.6	41.7	44.1	45.1	43.3	43.4	44.3	45.1	46.4	43.3	43.4	42.4	40.0	41.2	39.7	38.2	31.1	23.4	20.6	20.9	21.9	20.8
2018/01/24 15:50:57	55.8	30.3	30.3	52.9	52.9	59.7	59.7	57.7	57.7	53.6	50.9	51.8	48.9	48.8	48.7	44.9	44.4	44.6	45.5	46.5	43.8	46.0	44.4	42.9	44.1	42.9	41.3	34.8	26.0	21.6	21.2	22.2	20.7
2018/01/24 15:50:58	55.9	30.9	30.9	50.1	50.1	58.4	58.4	57.0	57.0	52.7	48.7	47.9	42.3	48.9	50.2	47.5	45.6	46.4	46.1	46.3	44.2	46.4	43.8	41.7	43.2	42.0	40.6	34.9	26.7	21.6	21.3	22.9	20.7
2018/01/24 15:50:59	55.1	30.5	30.5	44.8	44.8	56.4	56.4	58.5	58.5	53.4	50.2	48.3	41.8	45.5	47.4	43.0	43.5	43.1	43.7	44.7	42.4	46.5	46.9	42.0	42.1	41.4	40.1	34.2	25.6	21.4	21.2	23.3	21.4
2018/01/24 15:51:00	54.8	32.8	32.8	45.1	45.1	55.5	55.5	58.9	58.9	56.9	49.3	47.5	43.3	46.5	45.8	43.6	43.1	43.1	45.2	45.4	43.4	45.7	44.0	42.5	42.0	40.5	39.9	33.4	24.4	21.0	20.9	21.9	20.9
2018/01/24 15:51:00	54.9	28.5	28.5	45.7	45.7	56.0	56.0	58.6	58.6	59.0	53.8	49.2	45.9	48.4	46.6	41.5	44.7	43.8	46.2	45.9	43.5	44.5	43.2	41.0	42.1	41.1	38.9	31.9	23.6	21.0	20.9	21.8	20.8
2018/01/24 15:51:02	55.1	28.4	28.4	45.0	45.0	55.1	55.1	58.6	58.6	61.4	57.0	52.7	46.8	48.4	47.8	42.4	44.6	43.8	45.7	45.8	43.8	44.1	42.6	41.1	41.9	40.5	39.8	33.5	26.4	21.7	21.0	22.3	21.0
2018/01/24 15:51:03	57.3	28.9	28.9	45.6	45.6	55.6	55.6	62.9	62.9	66.5	60.1	55.4	51.5	52.1	48.8	44.4	45.3	44.7	47.8	46.9	43.8	44.4	44.0	42.7	44.5	45.4	44.8	36.6	29.7	22.9	22.0	22.0	20.8
2018/01/24 15:51:04	56.1	31.3	31.3	48.7	48.7	59.5	59.5	60.4	60.4	57.7	55.0	54.4	48.6	48.9	48.2	44.9	45.4	44.5	46.0	47.2	45.1	44.4	43.9	44.0	44.5	42.6	41.3	34.5	28.0	23.1	22.2	22.3	21.1
2018/01/24 15:51:04	55.7	29.0	29.0	46.3	46.3	59.2	59.2	63.1	63.1	60.3	53.8	52.4	47.7	50.8	46.8	43.4	44.2	43.7	46.0	47.7	44.7	44.7	43.9	42.1	42.2	40.6	39.7	34.2	25.7	21.7	21.4	22.1	21.0
2018/01/24 15:51:06	54.9	31.0	31.0	47.1	47.1	57.8	57.8	60.5	60.5	59.9	54.5	52.2	46.5	47.4	45.6	42.3	43.3	42.8	45.6	47.6	44.5	43.8	42.7	40.9	40.6	39.7	38.9	31.7	24.4	21.0	21.1	21.9	20.8
2018/01/24 15:51:07	55.8	29.4	29.4	47.5	47.5	57.2	57.2	60.1	60.1	59.0	52.4	54.2	51.0	48.9	45.8	44.6	46.1	44.1	46.2	47.6	44.7	45.0	43.6	41.8	42.7	42.0	40.2	32.8	25.4	21.4	21.2	22.0	20.6
2018/01/24 15:51:08	55.6	30.1	30.1	45.6	45.6	56.6	56.6	59.7	59.7	60.0	54.1	54.5	48.4	47.0	44.6	43.7	45.7	45.5	46.1	48.5	44.8	44.7	42.5	41.3	41.6	40.8	39.2	32.4	24.6	21.1	21.0	22.0	20.7
2018/01/24 15:51:09	54.6	28.6	28.6	46.7	46.7	57.0	57.0	59.6	59.6	59.8	53.7	50.7	46.9	46.7	43.5	42.9	45.0	44.0	45.4	47.5	43.8	43.6	42.0	40.2	40.6	39.0	37.7	31.0	24.2	20.8	21.0	22.2	20.9
2018/01/24 15:51:10	54.5	26.9	26.9	45.1	45.1	54.2	54.2	58.5	58.5	58.0	51.9	50.3	46.7	46.7	48.5	41.1	46.5	43.7	45.2	47.2	43.5	43.5	42.0	39.7	40.3	38.5	37.6	31.4	23.6	20.6	21.1	22.0	20.8
2018/01/24 15:51:11	54.4	28.2	28.2	44.0	44.0	54.7	54.7	59.5	59.5	59.9	52.8	50.2	46.9	47.1	42.9	43.3	43.7	44.0	45.1	47.6	44.3	42.7	41.8	40.0	40.0	37.9	37.2	30.7	22.9	20.6	21.0	21.7	20.6
2018/01/24 15:51:12	54.0	30.2	30.2	42.1	42.1	53.2	53.2	57.2	57.2	58.0	52.0	50.4	42.7	45.5	42.9	41.6	43.8	44.2	45.5	47.0	43.0	43.6	42.1	39.4	39.4	37.9	36.6	30.2	22.7	20.9	21.1	22.1	20.9
2018/01/24 15:51:12	54.1	27.4	27.4	44.2	44.2	53.4	53.4	57.0	57.0	57.3	50.7	48.9	44.3	45.8	42.9	41.3	45.2	43.4	45.2	46.7	43.4	43.4	42.5	39.4	39.6	40.4	37.6	32.9	27.6	21.4	21.1	22.0	21.0
2018/01/24 15:51:14	58.5	27.9	27.9	44.1	44.1	56.2	56.2	59.0	59.0	57.5	52.8	52.1	50.8	51.3	48.7	45.7	51.1	48.6	49.0	46.7	46.0	45.9	47.3	44.0	45.3	50.0	44.0	37.2	33.7	25.5	21.5	22.1	21.1
2018/01/24 15:51:15	61.3	29.5	29.5	43.5	43.5	57.5	57.5	60.2	60.2	56.6	55.4	57.4	53.6	54.4	52.2	47.5	53.7	52.0	53.4	49.8	48.1	49.0	50.0	47.0	47.2	51.4	47.0	39.9	33.8	27.1	22.0	22.4	20.9
2018/01/24 15:51:15	64.4	28.7	28.7	48.2	48.2	57.1	57.1	59.0	59.0	59.5	55.6	54.8	53.8	55.8	52.4	50.7	57.0	55.8	53.4	54.2	51.8	54.0	53.7	51.0	51.5	54.2	49.4	43.2	39.3	31.7	25.3	24.4	22.0
2018/01/24 15:51:17	72.2	34.8	34.8	49.8	49.8	63.0	63.0	65.0	65.0	61.6	62.6	64.1	60.0	61.2	61.1	55.8	60.9	60.2	61.6	62.7	58.6	61.0	61.1	57.9	60.2	65.3	57.3	51.6	47.0	45.0	40.1	34.6	31.2
2018/01/24 15:51:18	71.0	31.4	31.4	47.4	47.4	59.1	59.1	64.4	64.4	62.4	58.6	60.6	59.9	63.5	60.5	55.4	58.9	58.4	59.7	62.7	60.1	59.1	58.6	55.0	58.7	63.7	56.7	52.2	44.0	41.0	36.7	31.5	27.1
2018/01/24 15:51:19	60.5	28.6	28.6	46.6	46.6	57.4	57.4	60.4	60.4	59.0	53.1	53.9	51.2	55.2	52.2	48.2	50.4	50.0	51.4	53.1	51.5	49.2	49.4	44.7	45.9	45.9	42.0	35.3	27.5	23.6	21.7	22.2	20.9
2018/01/24 15:51:20	59.1	27.0	27.0	45.2	45.2	54.3	54.3	56.7	56.7	57.5	52.0	51.4	49.2	50.1	46.7	44.7	45.9	46.2	49.5	52.6	51.0	49.7	47.8	43.4	42.9	45.0	39.6	32.9	26.4	22.8	21.3	22.0	20.7
2018/01/24 15:51:21	58.4	26.7	26.7	44.2	44.2	53.9	53.9	56.8	56.8	55.9	50.9	49.3	45.3	47.7	45.9	43.5	47.0	46.0	48.8	53.1	51.0	48.4	45.1	41.4	41.6	41.0	38.5	32.9	24.6	21.2	20.8	22.0	20.6
2018/01/24 15:51:22	57.3	27.8	27.8	41.5	41.5	52.2	52.2	56.5	56.5	55.6	48.7	49.3	45.2	48.8	44.7	42.5	45.8	46.2	49.2	52.2	49.1	46.4	44.0	40.2	39.5	39.1	37.3	31.6	23.1	21.0	21.0	22.2	20.8
2018/01/24 15:51:23	56.1	25.5	25.5	43.7	43.7	55.3	55.3	58.3	58.3	56.2	49.4	48.0	43.3	44.9	43.4	40.2	45.7	44.4	48.5	50.7	47.0	45.0	43.4	39.6	39.4	38.7	37.5	30.8	22.9	20.5	20.8	21.9	20.6
2018/01/24 15:51:23	55.8	27.9	27.9	44.0	44.0	54.3	54.3	56.7	56.7	54.6	48.8	48.3	41.3	44.2	42.6	40.8	43.7	43.7	47.8	50.6	47.0	44.6	43.1	40.0	39.5	38.8	36.3	29.9	23.2	20.4	20.8	21.9	20.6
2018/01/24 15:51:25	56.9	29.2	29.2	44.2	44.2	53.3	53.3	62.3	62.3	63.8	62.0	59.8	51.0	48.8	49.4	41.1	45.2	43.8	47.3	50.2	45.1	44.5	43.2	40.3	40.0	38.8	37.1	31.1	23.5	20.4	20.9	21.8	20.8
2018/01/24 15:51:26	58.2	33.0	33.0	50.4	50.4	60.1	60.1	61.9	61.9	63.5	64.4	61.9	56.4	55.0	52.5	45.8	49.9	45.3	46.9	49.1	45.2	45.5	43.5	41.3	41.5	41.0	38.5	32.6	24.5	21.2	21.2	22.2	20.8
2018/01/24 15:51:26	58.7	34.1	34.1	49.8	49.8	59.8	59.8	66.2	66.2	65.7	62.4	63.3	56.0	57.6	51.1	47.6	50.4	45.0	46.8	47.9	45.8	45.7	45.2	42.9	42.6	42.5	40.1	34.4	25.8	21.9	21.4	22.2	20.9
2018/01/24 15:51:27	58.5	33.6	33.6	48.9	48.9	61.2	61.2	65.8	65.8	63.6	59.7	62.1	54.4	51.7	49.9	47.6	49.4	46.7	47.0	48.3	46.0	46.6	46.0	43.9	45.3	45.0	43.7	37.3	27.9	23.0	21.8	22.4	21.4
2018/01/24 15:51:28	58.9	32.1	32.1	47.7	47.7	61.3	61.3	63.7	63.7	63.2	60.3	61.0	54.1	50.8	48.6	48.2	48.3	46.8	48.1	51.0	46.9	46.8	46.3	45.1	46.7	44.6	42.7	36.7	29.9	24.3	23.1	23.3	21.9
2018/01/24 15:51:30	59.5	33.6	33.6	47.4	47.4	60.0	60.0	63.6	63.6	61.7	59.4	61.1	55.8	52.4	48.9	46.8	46.3	46.2	49.7	52.5	48.7	47.7	47.4	44.2	46.7	43.8	42.7	37.9	29.1	24.3	22.8	23.8	23.4
2018/01/24 15:51:31	58.9	32.4	32.4	46.2	46.2	57.1	57.1	63.1	63.1	60.0	56.1	59.4	57.0	55.0	48.5	48.7	47.4	45.5	48.5	50.7	46.5	47.0	47.1	45.3	46.0	45.0	44.1	39.4	31.4	24.9	23.4	24.4	23.4
2018/01/24 15:51:32	57.0	33.2	33.2	48.8	48.8	60.1	60.1	61.4	61.4	56.4	53.8	56.4	50.7	49.5	47.7	44.9	46.1	44.7	46.3	47.4	46.1	46.3	44.9	44.0	45.7	44.5	43.1	37.5	29.1	24.9	24.6	23.8	24.6
2018/01/24 15:51:33	55.5	29.3	29.3	48.0	48.0	57.9	57.9	58.3	58.3	54.3	55.0	55.6	49.1	48.4	47.9	44.9	46.3	43.9	44.8	45.4	44.6	43.9	44.1	42.5	43.4	42.5	40.1	34.6	26.7	24.9	22.6	22.5	22.4
2018/01/24 15:51:34	56.1	31.6	31.6	46.8	46.8	56.8	56.8	57.8	57.8	55.9	54.4	55.7	48.7	50.1	48.2	45.8	47.8	45.6	46.7	46.8	44.3	44.1	44.0	43.0	43.3	42.4	42.3	35.9	27.7	23.0	21.6	22.5	21.2
2018/01/24 15:51:35	56.3	30.4	30.4	45.3	45.3	59.2	59.2	62.9	62.9	58.4	52.9	57.5	46.8	50.7	47.8	45.8	47.7	44.5	46.7	47.1	45.1	44.9	44.1	42.9	43.2	42.0	40.1	33.3	25.5	21.2	21.1	22.3	21.2
2018/01/24 15:51:36	56.9	30.0	30.0	47.5	47.5	58.3	58.3	64.7	64.7	63.4	54.3	52.6	47.3	50.8	48.9	44.9	47.4	45.6	48.0	47.4	45.0	44.6	44.4	42.8	43.6	43.9	43.3	39.7	29.6	25.6	25.5	24.6	25.6
2018/01/24 15:51:37	57.8	30.1	30.1	47.9	47.9	57.8	57.8	60.0	60.0	58.6	54.4	53.7	47.3	52.4	47.9	46.8	46.7	46.7	47.8	47.6	46.3	46.7	46.6	45.4	46.2	45.7	43.5	37.9	31.2	25.2	23.2	23.4	23.0
2018/01/24 15:51:38	58.3	33.3	33.3	48.1	48.1	60.6	60.6	62.7	62.7	57.4	53.4	51.7	48.5	52.9	51.9	47.9	47.9	48.3	48.8	48.9	47.8	47.4	46.1	44.7	45.7	44.6	43.7	38.9	31.3	26.4	23.3	23.1	22.7
2018/01/24 15:51:39	62.5	32.2	32.2	48.7	48.7	62.4	62.4	64.5	64.5	57.9	52.2	56.0	51.1	54.7	55.4	50.4	49.5	51.1	50.3	49.7	48.9	50.4	51.3	51.9	53.2	52.2	50.8	42.7	35.2	28.4	24.8	23.9	22.2
2018/01/24 15:51:40	61.9	36.5	36.5	49.1	49.1	63.6	63.6	66.5	66.5	60.8	55.5	56.8	52.0	56.0	53.7	53.1	52.1	51.2	51.3	51.4	49.8	49.2	49.2	49.8	51.0	51.3	48.1	43.5	35.4	28.9	25.7	24.9	23.9
2018/01/24 15:51:40	64.0	36.4	36.4	56.5	56.5	63.8	63.8	64.3	64.3	60.9	56.9	58.5	55.4	56.6	54.4	52.0	54.2	52.9	54.2	55.5	53.6	54.2	51.8	51.0	50.7	51.0	48.8	45.2	36.7	32.8	30.2	29.4	26.3
2018/01/24 15:51:42	68.9	30.4	30.4	60.8	60.8	66.1	66.1	63.1	63.1	64.0	61.1	61.6	59.3	59.5	59.4	55.1	57.6	58.9	59.2	60.7	57.6	57.3	57.3	54.7	58.0	57.1	55.4	50.5	43.6	39.5	37.1	34.8	32.4
2018/01/24 15:51:43	63.9	31.4	31.4	51.2	51.2	60.3	60.3	61.2	61.2	60.9	59.9	58.8	54.3	59.6	58.9	53.9	56.2	53.0	53.2	54.1	52.1	51.4	52.0	49.9	50.9	51.9	50.5	46.0	36.8	31.6	28.2	26.9	23.7
2018/01/24 15:51:44	63.6	32.9	32.9	49.6	49.6	60.5	60.5	60.5	60.5	56.3	57.8	57.7	54.6	57.7	55.8	51.5	54.5	52.6	53.8	55.2	53.9	53.9	51.8	48.1	49.7	49.9	47.8	40.7	33.9	29.2	26.1	24.1	22.4
2018/01/24 15:51:44	64.3	31.5	31.5	46.7	46.7	59.2	59.2	62.1	62.1	57.4	56.6	57.4	52.0	57.8	55.8	53.6	52.5	52.5	54.5	56.7	56.4	54.6	52.5	48.1	51.0	49.1	46.2	40.1	37.1	31.5	26.1	26.5	24.9
2018/01/24 15:51:45	60.2	29.3	29.3	47.3	47.3	57.4	57.4	60.0	60.0	56.0	51.2	54.9	50.2	54.8	53.9	48.1	50.6	47.4	51.0	51.8	52.4	50.5	46.7	44.3	45.2	44.6	42.0	36.0	30.3	27.0	23.9	23.1	22.0
2018/01/24 15:51:47	56.6	29.9	29.9	44.7	44.7	54.7	54.7	55.9	55.9	52.7	50.7	52.8	45.9	53.1	50.8	46.7	47.7	46.7	47.9	49.1	47.1	45.3	42.6	40.5	40.3	39.2	37.7	31.7	25.1	21.3	21.0	22.1	20.8
2018/01/24 15:51:48	55.9	29.3	29.3	45.1	45.1	55.1	55.1	55.1	55.1	50.0	49.9	50.1	42.5	50.2	49.2	44.5	46.5	46.4	48.2	49.8	45.4	43.2	41.6	39.3	40.9	39.9	39.9	33.8	25.7	21.8	21.0	22.1	20.8
2018/01/24 15:51:49	58.2	29.4	29.4	45.1	45.1	55.6	55.6	56.9	56.9	51.1	48.1	48.8	44.6	50.6	48.2	44.4	46.2	45.6	49.1	50.4	45.8	46.8	44.3	44.9	46.8	47.3	48.1	40.9	31.7	24.9	21.7	22.4	20.9
2018/01/24 15:51:50	60.9	28.2	28.2	46.7	46.7	56.3	56.3	57.5	57.5	53.3	48.6	51.2	48.3	54.0	48.2	46.4	47.4	47.1	49.3	50.6	48.5	49.9	48.5	49.1	51.6	50.7	51.0	41.9	36.4	29.9	24.2	23.6	21.9
2018/01/24 15:51:51	65.0	28.1	28.1	43.4	43.4	55.7	55.7	58.2	58.2	53.7	53.3	55.8	52.1	59.7	54.5	50.7	56.3	52.7	53.2	53.3	51.2	54.2	53.9	53.9	54.9	53.4	54.0	49.6	41.4	36.1	31.2	30.8	27.0
2018/01/24 15:51:52	73.1	34.5	34.5	48.8	48.8	59.2	59.2	69.2	69.2	67.8	57.5	63.1	58.9	69.4	61.6	58.3	61.3	60.5	63.6	62.7	61.2	62.7	62.4	60.5	61.8	61.4	60.9	55.6	50.6	48.0	45.0	46.0	39.9
2018/01/24 15:51:53	71.2	30.1	30.1	47.4	47.4	56.6	56.6	65.1	65.1	65.3	57.9	64.0	59.2	63.4	59.4	58.4	60.9	59.9	61.2	62.6	60.6	60.6	60.3	55.7	58.9	59.5	59.4	54.9	47.1	43.6	41.8	41.9	34.8
2018/01/24 15:51:53	60.4	29.6	29.6	48.0	48.0	55.7	55.7	55.9	55.9	55.9	54.5	53.0	52.0	57.0	55.0	49.4	51.5	49.7	51.5	53.2	50.7	48.3	46.3	43.4	45.7	45.0	44.3	38.3	31.9	28.9	24.7	23.7	21.4
2018/01/24 15:51:55	57.6	29.8	29.8	44.7	44.7	54.2	54.2	54.0	54.0	50.9	48.9	49.9	46.4	52.2	49.9	45.6	48.0	45.6	49.0	51.4	49.1	47.1	43.5	40.1	41.0	42.0	40.8	33.0	26.3	23.5	22.0	22.3	21.0
2018/01/24 15:51:55	56.1	27.8	27.8	44.2	44.2	53.9	53.9	54.5	54.5	50.2	46.3	47.6	44.8	49.8	48.2	42.5	44.4	44.4	47.8	51.1	47.4	44.3	41.2	37.6	38.3	39.1	39.0	33.9	26.1	24.5	24.7	24.3	24.1
2018/01/24 15:51:57	54.2	25.6	25.6	44.1	44.1	52.8	52.8	53.4	53.4	50.8	48.0	47.8	40.3	47.4	46.9	41.4	43.7	43.1	46.5	48.7	45.2	43.1	39.9	36.1	36.0	36.3	36.5	31.4	24.1	23.5	22.2	22.8	21.9
2018/01/24 15:51:58	53.6	26.2	26.2	43.9	43.9	53.2	53.2	53.2	53.2	49.0	46.9	44.4	39.1	45.9	46.1	39.5	42.3	42.3	47.7	48.4	44.1	41.0	38.4	35.4	35.3	35.2	33.5	27.7	22.0	20.5	20.8	22.1	21.0
2018/01/24 15:51:59	53.7	26.6	26.6	44.3	44.3	52.9	52.9	53.9	53.9	50.3	45.5	44.4	40.2	45.5	44.1	38.4	41.7	42.5	47.5	49.0	43.9	41.3	38.9	35.7	35.0	34.5	32.0	25.3	20.8	20.1	20.9	21.9	20.6
2018/01/24 15:52:00	54.0	26.3	26.3	45.9	45.9	54.3	54.3	53.9	53.9	50.3	46.2	43.8	38.6	45.0	44.0	39.3	41.0	41.8	47.1	50.2	44.1	41.5	38.8	35.6	35.1	33.7	31.7	25.3	21.0	20.6	21.0	22.1	21.2
2018/01/24 15:52:01	52.8	26.7	26.7	43.8	43.8	52.5	52.5	52.8	52.8	50.8	47.4	44.8	37.8	43.0	42.2	38.4	41.3	40.5	45.9	48.2	42.5	41.8	38.8	36.1	35.2	34.1	32.3	26.2	21.4	20.4	21.1	22.0	20.8
2018/01/24 15:52:02	52.6	25.6	25.6	44.1	44.1	53.0	53.0	53.6	53.6	50.2	45.7	45.5	39.4	43.9	43.2	39.1	40.8	40.2	45.6	47.6	41.9	41.7	39.3	37.0	36.5	35.1	32.4	26.6	26.0	20.2	20.9	22.0	20.9
2018/01/24 15:52:03	53.1	26.0	26.0	44.5	44.5	52.5	52.5	53.4	53.4	53.0	49.1	46.4	40.3	45.9	45.0	41.5	43.6	41.4	44.3	47.5	42.2	42.1	40.4	38.2	37.8	36.4	35.1	29.5	22.3	20.5	20.8	21.8	20.7
2018/01/24 15:52:04	52.9	27.4	27.4	43.8	43.8	53.4	53.4	53.9	53.9	51.4	48.5	46.1	39.8	45.0	44.1	40.8	43.9	41.8	44.2	46.1	42.1	41.9	40.0	38.8	39.6	38.8	37.1	29.5	22.5	20.6	20.9	22.3	20.7
2018/01/24 15:52:05	51.5	27.7	27.7	46.1	46.1	53.7	53.7	53.9	53.9	53.0	48.1	45.3	40.1	44.5	43.1	38.4	41.3	41.1	43.6	44.9	41.3	41.3	38.0	35.9	35.4	34.7	33.4	26.2	25.0	20.7	21.0	22.0	20.8
2018/01/24 15:52:06	50.0	27.3	27.3	43.7	43.7	52.2	52.2	54.2	54.2	53.8	47.1	44.5	41.5	44.4	42.3	37.1	40.2	39.5	41.4	42.5	40.9	39.6	37.0	34.3	34.2	32.7	30.7	24.7	26.8	20.1	20.6	21.9	20.5
2018/01/24 15:52:07	49.0	27.3	27.3	43.7	43.7	52.7	52.7	52.1	52.1	49.4	47.5	44.2	38.8	42.7	41.6	37.0	39.1	38.5	39.5	42.3	40.0	38.8	36.1	32.8	31.9	31.6	29.5	24.0	21.0	20.4	21.1	22.0	20.9
2018/01/24 15:52:08	48.7	26.5	26.5	42.5	42.5	52.5	52.5	53.9	53.9	49.4	45.6	43.8	40.0	44.7	41.8	38.1	38.6	37.6	39.5	42.2	38.6	38.2	35.0	32.7	32.0	31.3	30.0	24.0	21.0	19.8	20.7	21.8	20.6
2018/01/24 15:52:09	48.8	26.6	26.6	40.9	40.9	51.8	51.8	53.6	53.6	50.1	46.9	43.2	37.9	43.1	42.5	38.9	38.5	38.5	38.9	41.7	39.6	38.2	35.3	32.7	32.7	32.1	30.3	24.6	20.6	20.6	21.1	22.2	21.4
2018/01/24 15:52:10	49.7	27.3	27.3	42.7	42.7	52.3	52.3	53.1	53.1	48.7	44.9	43.6	39.0	42.6	41.3	38.8	40.7	38.9	40.6	43.4	40.2	39.0	36.2	32.6	33.0	34.3	32.6	26.5	21.7	20.5	20.8	22.0	21.4
2018/01/24 15:52:11	53.2	27.0	27.0	43.6	43.6	52.6	52.6	53.7	53.7	50.2	47.8	45.6	40.2	45.6	41.8	39.9	42.5	43.1	44.1	44.9	44.2	41.4	39.9	39.1	39.6	42.3	40.4	33.7	27.8	21.8	21.0	22.1	21.0
2018/01/24 15:52:12	57.8	30.0	30.0	48.0	48.0	57.5	57.5	56.7	56.7	52.2	48.2	48.9	44.0	51.9	47.8	47.6	47.4	46.8	46.9	47.9	46.5	47.1	45.8	43.8	45.0	48.1	45.7	39.6	35.5	27.0	22.5	22.3	21.0
2018/01/24 15:52:12	63.8	32.8	32.8	47.3	47.3	60.3	60.3	62.6	62.6	58.2	54.1	53.2	53.0	60.2	57.9	52.5	55.9	53.1	52.2	53.6	51.5	51.4	51.4	49.7	51.2	54.4	49.8	48.8	41.6	34.9	27.7	26.4	23.6
2018/01/24 15:52:14	72.5	32.4	32.4	48.4	48.4	57.6	57.6	64.6	64.6	63.5	58.1	62.6	58.9	66.1	63.3	59.7	60.7	60.1	62.0	65.4	61.2	60.3	58.9	57.9	59.5	64.0	58.5	55.4	49.3	46.0	41.1	39.7	34.5
2018/01/24 15:52:15	71.6	31.8	31.8	47.6	47.6	54.6	54.6	62.9	62.9	65.6	59.9	62.9	62.2	65.6	64.5	60.0	61.1	60.3	60.4	63.0	60.9	61.4	58.4	53.9	57.7	62.9	57.5	54.3	45.8	43.8	39.4	35.2	29.0
2018/01/24 15:52:16	61.5	29.0	29.0	46.5	46.5	58.3	58.3	60.5	60.5	55.4	52.3	54.7	51.8	58.6	56.2	51.6	53.2	51.5	50.5	53.4	52.6	49.8	49.5	45.0	46.4	46.9	43.8	38.2	30.6	25.2	22.5	22.8	21.3
2018/01/24 15:52:17	59.8	32.8	32.8	47.8	47.8	57.3	57.3	60.0	60.0	55.8	50.6	51.2	47.1	54.7	52.1	47.8	49.0	47.2	48.3	53.3	52.4	49.6	46.8	42.8	43.6	45.2	41.4	37.3	28.5	23.7	22.2	22.4	21.4
2018/01/24 15:52:18	60.7	32.8	32.8	51.0	51.0	59.7	59.7	58.1	58.1	52.8	50.7	52.7	45.8	53.8	51.8	46.8	50.2	49.0	49.7	56.5	52.0	49.6	45.4	43.4	43.5	43.2	40.4	34.8	26.1	21.9	21.2	22.0	21.0
2018/01/24 15:52:19	60.0	33.7	33.7	47.1	47.1	58.0	58.0	59.2	59.2	54.5	51.9	51.9	48.0	53.1	50.3	45.1	50.6	49.7	50.5	54.7	50.0	49.2	46.5	44.3	44.8	43.5	40.7	35.2	26.2	21.6	21.3	22.1	20.8
2018/01/24 15:52:20	60.3	29.9	29.9	47.2	47.2	58.6	58.6	60.0	60.0	54.5	51.4	51.0	45.6	50.1	46.7	45.7	48.9	48.2	50.5	56.8	49.9	48.1	45.3	43.9	45.7	42.4	40.6	34.4	26.5	23.1	21.9	22.8	21.7
2018/01/24 15:52:21	58.6	29.0	29.0	50.6	50.6	58.5	58.5	56.9	56.9	52.0	50.0	51.1	45.6	50.0	46.8	43.7	46.9	44.5	46.8	54.3	49.5	47.1	44.5	43.8	44.8	41.9	41.0	35.4	26.0	23.1	21.9	22.8	21.7
2018/01/24 15:52:22	56.8	31.7	31.7	50.4	50.4	59.6	59.6	59.5	59.5	54.0	50.2	50.4	44.8	48.7	46.8	43.9	46.5	44.5	45.2	49.0	47.5	47.1	43.8	42.8	43.2	46.3	41.8	38.3	29.4	27.1	22.2	23.5	22.7
2018/01/24 15:52:22	55.0	31.2	31.2	49.8	49.8	59.5	59.5	59.0	59.0	51.9	50.9	51.2	44.1	48.3	47.5	44.6	46.3	44.9	44.4	46.8	45.3	45.5	42.3	40.7	40.7	39.7	38.3	30.9	24.5	22.1	21.1	22.4	21.3
2018/01/24 15:52:24	55.0	30.9	30.9	51.2	51.2	59.5	59.5	58.5	58.5	53.6	50.8	48.9	43.5	48.9	46.0	44.1	44.7	44.0	45.4	46.8	45.8	45.0	43.8	40.8	40.9	39.6	37.8	32.0	26.3	22.5	22.4	22.8	23.9
2018/01/24 15:52:25	56.5	31.9	31.9	47.8	47.8	58.2	58.2	58.5	58.5	52.0	48.0	48.1	42.2	46.3	45.7	43.9	46.0	44.3	44.8	50.7	48.5	47.5	43.5	40.5	40.8	39.6	37.5	30.7	23.7	22.1	21.5	22.6	21.4
2018/01/24 15:52:25	55.7	29.8	29.8	47.7	47.7	58.0	58.0	57.1	57.1	50.9	50.2	50.4	43.1	46.5	45.4	43.3	45.0	44.7	46.2	47.8	48.5	46.1	42.9	40.9	40.5	39.2	37.7	31.6	24.2	21.5	21.2	22.3	21.2
2018/01/24 15:52:27	55.4	30.6	30.6	48.3	48.3	58.7	58.7	59.2	59.2	53.4	48.6	48.7	44.3	47.4	45.8	44.6	45.8	44.9	44.9	48.5	45.8	44.9	43.4	41.3	41.7	40.7	38.6	31.5	24.2	21.5	21.3	22.5	21.0
2018/01/24 15:52:28	54.7	30.1	30.1	48.9	48.9	57.2	57.2	56.5	56.5	52.0	48.9	48.8	42.4	48.2	46.8	44.2	44.7	44.2	44.8	46.0	44.9	44.8	43.1	40.3	41.1	40.5	39.0	32.5	24.8	22.5	22.5	22.4	21.2
2018/01/24 15:52:29	54.2	30.5	30.5	48.5	48.5	58.4	58.4	60.0	60.0	55.1	47.8	47.2	41.9	47.8	45.3	42.3	44.4	43.9	45.0	45.7	43.8	44.5	42.9	40.3	40.1	39.2	37.8	31.4	23.2	21.0	21.0	22.2	20.6
2018/01/24 15:52:30	53.6	31.3	31.3	48.6	48.6	58.1	58.1	58.3	58.3	52.5	48.6	47.2	43.0	46.6	45.5	41.2	43.3	42.8	44.0	45.6	43.1	44.3	42.6	39.4	38.9	38.1	36.4	30.5	23.7	20.9	21.0	21.7	20.7
2018/01/24 15:52:30	54.7	32.5	32.5	52.5	52.5	60.4	60.4	60.8	60.8	57.6	51.4	50.9	45.8	48.0	47.5	43.5	45.6	44.0	44.6	45.6	44.9	44.0	42.9	40.8	41.2	39.6	37.5	31.7	23.2	21.1	21.0	22.1	21.0
2018/01/24 15:52:32	55.4	32.8	32.8	50.8	50.8	59.9	59.9	59.7	59.7	58.3	52.9	51.0	45.5	48.1	45.6	44.4	45.6	45.0	45.9	47.0	45.0	45.5	43.5	41.5	41.1	40.6	39.5	33.0	25.1	21.0	20.8	22.0	20.5
2018/01/24 15:52:33	57.0	33.0	33.0	53.5	53.5	63.2	63.2	62.3	62.3	57.5	54.3	52.9	49.5	52.8	47.9	47.1	47.7	45.7	48.0	47.9	45.5	46.3	44.9	43.2	42.7	42.9	43.2	35.6	27.3	22.7	21.3	21.9	20.6
2018/01/24 15:52:34	62.3	32.7	32.7	53.3	53.3	62.2	62.2	60.9	60.9	60.9	58.0	54.7	50.8	57.2	53.7	52.8	51.8	50.9	53.4	50.5	50.7	50.8	50.6	49.7	50.0	49.8	51.8	44.0	35.7	31.3	24.9	23.6	22.1
2018/01/24 15:52:35	69.1	43.9	43.9	58.7	58.7	72.0	72.0	71.9	71.9	62.5	65.7	62.3	55.2	59.6	61.3	56.9	57.4	56.5	60.1	60.6	56.3	55.6	56.5	55.6	57.3	58.5	59.0	52.2	46.5	45.6	40.7	35.0	31.2
2018/01/24 15:52:36	67.0	38.4	38.4	51.8	51.8	65.2	65.2	68.2	68.2	61.1	65.1	65.8	56.3	60.9	61.5	56.3	54.7	56.2	57.5	56.5	53.7	54.8	53.8	52.4	54.9	56.3	55.9	50.7	43.8	38.9	35.1	29.9	26.0
2018/01/24 15:52:37	68.1	29.6	29.6	51.6	51.6	61.1	61.1	62.4	62.4	57.3	53.4	56.7	54.9	58.0	55.9	54.5	57.4	56.9	56.8	58.7	57.6	58.5	56.4	55.1	55.3	59.0	54.1	50.9	43.0	40.5	35.3	33.8	32.9
2018/01/24 15:52:38	72.3	31.3	31.3	50.9	50.9	60.0	60.0	60.1	60.1	62.4	60.2	59.8	58.9	62.6	63.0	59.4	60.2	60.0	64.0	64.7	61.9	61.2	57.9	56.7	60.2	62.0	58.6	55.7	49.3	46.4	43.3	38.8	39.4
2018/01/24 15:52:39	65.5	32.4	32.4	51.2	51.2	62.0	62.0	60.5	60.5	55.2	55.0	58.3	56.5	61.4	61.2	57.6	57.2	55.7	56.6	58.0	54.5	53.4	51.2	47.8	49.9	52.2	48.8	45.7	37.8	31.9	32.3	27.7	25.8
2018/01/24 15:52:40	60.5	30.5	30.5	48.2	48.2	58.9	58.9	59.8	59.8	55.7	51.7	52.8	49.8	54.7	53.8	51.9	50.8	50.9	53.5	53.0	50.1	48.9	46.5	45.4	45.2	44.6	41.8	35.7	26.9	22.4	21.9	22.0	21.0
2018/01/24 15:52:41	58.3	32.2	32.2	48.5	48.5	58.4	58.4	58.1	58.1	53.3	50.2	50.9	45.8	53.0	52.7	49.8	48.5	47.8	49.6	50.8	48.4	46.8	46.2	42.9	43.5	43.2	40.1	34.4	26.4	22.5	21.4	22.1	21.2
2018/01/24 15:52:42	57.4	32.0	32.0	48.1	48.1	57.5	57.5	56.8	56.8	52.3	49.4	48.4	43.9	50.8	52.5	49.5	47.9	46.4	49.5	49.6	48.1	46.6	44.2	41.4	41.5	41.1	38.3	32.2	24.7	21.0	21.4	22.2	20.9
2018/01/24 15:52:43	58.0	29.9	29.9	46.5	46.5	55.2	55.2	58.7	58.7	56.5	48.0	48.8	43.6	51.0	50.8	49.6	48.8	45.1	48.5	50.2	47.9	48.3	47.2	43.1	43.5	42.5	39.9	33.7	28.9	23.5	21.7	22.4	21.1
2018/01/24 15:52:44	57.2	31.2	31.2	48.9	48.9	57.0	57.0	59.5	59.5	56.3	49.3	48.4	42.3	49.1	48.2	47.4	47.0	46.1	49.3	49.6	48.5	47.7	44.8	41.3	41.0	39.2	36.7	30.8	25.2	20.8	21.2	22.3	21.0
2018/01/24 15:52:44	57.1	30.8	30.8	49.0	49.0	58.2	58.2	57.7	57.7	53.6	48.9	48.8	43.3	46.9	47.5	46.8	46.8	45.4	49.2	50.6	48.2	47.8	43.8	40.9	40.7	39.7	37.0	30.4	24.0	20.6	21.0	21.7	20.6
2018/01/24 15:52:46	57.1	32.2	32.2	50.3	50.3	60.2	60.2	59.5	59.5	53.8	50.3	49.6	43.7	47.9	46.3	45.4	46.1	44.9	47.8	50.4	49.1	48.1	44.7	41.2	40.4	39.5	36.7	29.9	22.7	20.5	20.9	22.3	21.1
2018/01/24 15:52:46	56.5	28.8	28.8	46.6	46.6	56.7	56.7	57.7	57.7	52.9	50.0	48.9	41.9	46.1	47.5	46.6	47.1	44.6	45.8	49.4	49.1	46.7	44.5	41.0	40.3	38.5	35.9	29.7	21.9	20.8	20.8	22.1	21.0
2018/01/24 15:52:48	56.3	30.7	30.7	47.0	47.0	56.1	56.1	56.8	56.8	51.0	48.4	48.6	42.3	48.6	48.8	47.8	47.4	45.1	47.3	48.3	47.5	47.0	44.9	41.3	40.0	38.6	36.0	29.4	23.8	20.9	21.1	22.2	21.0
2018/01/24 15:52:49	56.2	32.9	32.9	48.2	48.2	56.0	56.0	56.1	56.1	52.8	50.2	47.9	45.0	49.7	48.8	47.8	48.3	45.8	46.0	48.2	48.0	46.5	43.4	40.9	39.9	38.3	36.1	29.4	22.6	20.9	21.1	22.2	20.5
2018/01/24 15:52:49	56.4	32.8	32.8	49.8	49.8	57.1	57.1	56.8	56.8	53.9	49.0	49.5	46.4	50.6	51.4	47.5	47.7	46.6	47.4	49.0	46.9	46.5	43.1	40.3	39.5	37.9	35.4	28.6	22.6	20.5	20.9	22.2	20.7
2018/01/24 15:52:51	56.2	31.6	31.6	47.6	47.6	56.5	56.5	58.0	58.0	55.3	50.6	50.8	44.3	48.5	48.8	47.0	47.5	46.7	47.1	49.1	46.0	45.3	44.5	41.6	41.0	38.7	36.3	29.7	22.9	20.5	21.0	22.3	21.3
2018/01/24 15:52:52	57.0	27.6	27.6	45.8	45.8	55.9	55.9	58.1	58.1	56.3	52.3	52.1	47.6	51.1	51.2	46.6	48.1	47.5	48.1	50.3	47.2	45.5	44.1	41.6	41.1	39.2	36.7	29.7	22.4	20.7	21.0	22.0	20.8
2018/01/24 15:52:53	57.8	30.9	30.9	46.0	46.0	54.6	54.6	56.9	56.9	56.4	52.4	53.0	48.2	50.6	52.3	49.7	47.7	50.1	49.0	50.2	48.2	46.1	44.7	41.5	41.4	40.6	37.2	29.9	22.8	21.1	21.1	22.3	21.1
2018/01/24 15:52:54	58.6	29.0	29.0	44.6	44.6	54.5	54.5	57.9	57.9	56.7	51.5	54.3	48.2	51.8	52.2	50.1	50.5	49.7	48.0	50.7	49.7	48.5	46.7	42.3	41.9	41.1	38.2	32.7	24.5	21.7	21.4	22.2	20.8
2018/01/24 15:52:55	61.2	27.0	27.0	49.0	49.0	55.5	55.5	55.7	55.7	56.5	53.0	53.6	48.2	53.6	54.4	50.2	50.3	50.0	51.5	52.7	53.6	52.2	48.9	44.6	45.2	45.8	43.7	36.7	29.4	26.0	24.7	23.5	22.1
2018/01/24 15:52:56	61.7	31.6	31.6	47.6	47.6	55.8	55.8	57.8	57.8	56.7	53.7	54.0	48.9	54.3	52.4	50.8	50.2	49.6	51.2	54.2	55.0	51.8	49.2	44.7	46.6	46.6	44.0	38.5	33.6	29.0	25.0	24.8	23.7
2018/01/24 15:52:57	60.3	32.1	32.1	48.3	48.3	56.2	56.2	58.5	58.5	59.3	56.9	54.3	48.6	55.0	53.0	48.1	51.9	49.5	51.1	51.3	51.1	49.4	47.4	45.6	47.7	46.6	43.9	40.6	34.2	29.7	24.8	24.7	22.9
2018/01/24 15:52:57	65.6	35.6	35.6	50.1	50.1	62.7	62.7	62.9	62.9	55.9	55.9	53.9	48.7	54.5	54.0	51.6	53.1	52.7	53.7	56.5	55.3	56.2	53.9	53.7	53.4	55.4	53.5	48.2	41.4	39.9	38.3	33.4	33.5
2018/01/24 15:52:59	71.6	30.7	30.7	48.8	48.8	61.1	61.1	63.2	63.2	58.7	59.9	59.7	54.6	61.1	59.8	57.2	57.8	58.2	61.2	63.2	59.9	59.6	57.9	58.6	61.0	63.5	59.1	55.9	50.0	47.2	45.6	41.8	39.8
2018/01/24 15:53:00	65.4	32.5	32.5	48.8	48.8	58.9	58.9	61.3	61.3	58.0	52.7	56.0	55.7	59.8	58.0	55.2	57.2	53.3	53.6	56.2	54.3	53.0	52.2	51.2	53.6	54.6	53.6	50.1	41.6	37.1	34.9	30.8	27.1
2018/01/24 15:53:01	58.2	33.6	33.6	51.0	51.0	60.9	60.9	60.5	60.5	56.8	54.5	52.7	48.8	53.3	51.6	48.8	50.3	49.6	49.2	50.5	47.4	45.7	44.1	41.8	44.0	44.0	42.3	36.1	29.0	25.5	22.7	22.6	21.2
2018/01/24 15:53:02	55.5	33.5	33.5	50.3	50.3	60.2	60.2	59.5	59.5	55.4	51.6	50.6	46.6	52.1	48.4	45.0	46.7	45.5	45.3	46.9	46.1	44.3	42.5	40.7	41.0	40.9	39.7	32.2	25.1	22.3	21.4	22.4	21.2
2018/01/24 15:53:03	54.6	32.9	32.9	49.5	49.5	59.6	59.6	61.4	61.4	58.2	52.7	52.8	45.7	48.5	46.7	45.3	45.4	43.5	45.0	46.5	45.0	43.3	41.0	39.2	40.1	39.7	38.6	31.7	25.2	22.1	21.7	22.6	21.9
2018/01/24 15:53:03	54.8	31.0	31.0	48.3	48.3	59.1	59.1	62.6	62.6	61.4	56.0	51.8	44.7	48.4	46.4	44.3	45.5	43.0	45.0	46.4	44.3	42.9	41.6	40.4	40.8	40.6	38.9	32.8	25.6	21.7	21.3	22.5	21.4
2018/01/24 15:53:05	54.7	26.3	26.3	48.0	48.0	58.1	58.1	61.2	61.2	59.7	53.7	52.2	44.2	49.0	46.5	42.3	44.5	42.4	43.9	46.5	44.7	43.2	42.4	41.1	41.3	41.1	37.5	30.8	23.6	21.8	22.2	22.5	23.8
2018/01/24 15:53:06	54.8	35.8	35.8	49.0	49.0	61.6	61.6	64.0	64.0	58.0	54.1	52.0	43.0	49.7	46.4	43.6	46.0	43.0	42.8	46.4	45.1	44.3	42.9	40.6	40.9	39.9	37.3	30.7	23.8	21.9	21.7	22.5	21.2
2018/01/24 15:53:07	55.2	34.8	34.8	48.0	48.0	63.0	63.0	65.8	65.8	59.0	53.8	53.1	43.4	48.8	46.5	44.2	45.4	43.9	44.4	46.8	45.1	44.5	42.9	41.1	41.4	40.4	37.9	31.9	23.5	20.7	21.0	22.1	20.7
2018/01/24 15:53:08	55.2	35.0	35.0	47.5	47.5	64.1	64.1	67.2	67.2	59.7	51.2	49.9	42.3	48.7	45.6	43.2	44.8	43.3	44.6	46.4	45.7	44.4	43.1	41.3	41.8	40.5	38.4	31.6	23.5	21.4	21.2	22.0	21.0
2018/01/24 15:53:09	54.3	29.4	29.4	46.6	46.6	57.5	57.5	58.9	58.9	53.7	50.0	50.2	43.3	47.6	44.9	42.3	43.9	42.6	43.8	45.7	45.1	44.4	43.1	40.9	41.7	39.9	38.0	30.6	24.8	21.7	21.6	22.3	21.1
2018/01/24 15:53:10	54.0	29.9	29.9	45.8	45.8	56.3	56.3	58.1	58.1	54.3	48.1	48.4	42.0	45.8	45.4	41.2	44.0	42.3	45.2	44.5	44.0	44.3	43.0	41.8	41.4	39.2	37.0	30.4	23.8	21.1	21.2	22.3	21.1
2018/01/24 15:53:11	54.7	32.5	32.5	45.1	45.1	55.7	55.7	58.0	58.0	53.3	49.0	50.0	44.3	47.8	46.3	43.9	43.8	43.8	45.6	46.5	44.2	44.7	43.7	41.7	41.3	40.1	37.7	31.3	24.5	21.6	21.4	22.4	21.3
2018/01/24 15:53:11	55.3	33.0	33.0	45.5	45.5	56.5	56.5	58.9	58.9	53.0	49.1	50.9	44.6	48.9	45.8	42.4	46.2	45.3	46.5	47.5	44.9	44.4	43.6	41.7	41.5	40.0	37.6	31.3	23.9	21.4	21.3	22.5	21.1
2018/01/24 15:53:12	55.5	27.3	27.3	44.9	44.9	54.8	54.8	55.9	55.9	51.8	50.3	50.6	44.2	50.5	46.5	45.1	46.7	44.2	44.7	47.7	44.6	45.5	43.9	42.1	42.9	41.8	38.8	32.1	24.3	21.5	21.3	22.0	20.6
2018/01/24 15:53:14	55.6	29.9	29.9	46.6	46.6	56.1	56.1	56.6	56.6	51.9	51.4	50.7	47.0	50.4	45.4	45.8	44.6	43.9	44.9	47.0	45.1	45.1	44.4	43.5	42.8	42.1	40.6	32.8	26.3	21.7	20.9	22.1	20.7
2018/01/24 15:53:14	57.2	34.3	34.3	49.9	49.9	56.8	56.8	55.1	55.1	51.2	51.2	50.1	47.3	53.1	50.2	46.8	46.2	44.9	45.6	47.3	46.9	45.9	44.9	45.9	45.4	45.0	43.5	34.5	27.5	22.7	21.8	22.1	20.7
2018/01/24 15:53:16	58.9	32.6	32.6	50.2	50.2	58.7	58.7	58.2	58.2	53.7	53.1	51.4	45.9	50.9	49.8	46.5	48.9	47.3	48.0	48.2	47.9	48.0	47.0	47.8	48.3	47.9	46.3	37.1	29.3	24.1	22.1	22.8	20.7
2018/01/24 15:53:16	58.9	32.6	32.6	49.3	49.3	60.3	60.3	59.4	59.4	52.6	55.5	55.8	44.6	52.2	52.2	48.2	50.0	49.5	49.0	48.6	47.6	47.8	47.5	47.8	46.8	44.0	42.3	35.6	28.6	24.2	22.7	22.4	21.0
2018/01/24 15:53:18	58.2	33.8	33.8	51.7	51.7	60.2	60.2	59.2	59.2	53.5	53.3	54.0	46.3	50.4	49.2	47.4	49.7	48.1	46.9	48.4	47.3	47.7	47.3	46.9	46.1	44.5	42.9	36.8	30.8	25.7	23.2	22.7	20.9
2018/01/24 15:53:19	58.7	35.5	35.5	52.0	52.0	64.0	64.0	63.4	63.4	54.6	51.0	56.4	46.2	51.4	52.7	47.9	48.7	48.0	48.8	49.4	48.0	48.3	46.6	46.1	46.4	44.5	43.2	37.7	30.3	25.2	22.2	23.2	21.0
2018/01/24 15:53:20	55.9	34.9	34.9	49.7	49.7	62.8	62.8	64.1	64.1	56.8	53.0	54.8	43.0	48.1	49.2	44.9	44.5	45.0	46.1	46.5	46.3	44.9	44.7	42.3	42.4	41.1	39.8	33.8	25.8	22.1	21.7	22.5	21.2
2018/01/24 15:53:21	56.2	31.4	31.4	48.0	48.0	58.7	58.7	58.0	58.0	51.3	49.8	51.2	41.6	47.3	45.8	44.3	43.8	45.7	45.7	46.4	46.1	45.9	44.6	44.7	43.7	42.7	44.7	38.1	29.9	24.5	22.9	23.6	21.7
2018/01/24 15:53:22	56.3	29.4	29.4	47.2	47.2	56.7	56.7	55.5	55.5	50.1	49.9	51.1	43.0	47.3	44.5	43.0	44.0	45.5	47.4	48.0	45.9	45.7	44.5	43.1	43.7	43.5	44.4	37.4	30.1	25.4	23.4	23.0	21.8
2018/01/24 15:53:23	55.6	32.8	32.8	47.2	47.2	57.7	57.7	57.2	57.2	51.9	49.9	50.4	42.8	44.9	44.0	41.9	42.9	44.4	47.1	47.5	45.3	44.8	44.1	43.1	43.2	43.1	41.2	35.1	26.6	22.9	21.7	22.7	21.0
2018/01/24 15:53:23	55.6	34.2	34.2	48.1	48.1	59.6	59.6	59.5	59.5	52.0	46.2	48.4	42.3	45.7	46.3	44.0	44.8	44.8	47.6	48.4	45.2	44.5	42.4	40.7	41.7	42.4	41.9	34.2	27.0	23.7	22.9	23.2	21.5
2018/01/24 15:53:25	56.1	29.1	29.1	43.4	43.4	55.4	55.4	55.8	55.8	49.2	46.0	50.7	44.9	49.6	48.1	45.0	44.5	45.8	51.1	49.3	45.4	43.0	41.9	39.7	39.5	38.9	38.2	31.6	24.4	21.7	21.6	22.3	21.0
2018/01/24 15:53:25	56.3	29.3	29.3	45.5	45.5	54.5	54.5	55.2	55.2	50.8	47.9	51.5	45.4	51.5	47.2	46.3	45.4	47.5	51.1	49.4	45.3	43.3	41.9	39.5	39.0	38.3	35.6	29.3	23.5	21.0	21.2	22.2	20.6
2018/01/24 15:53:27	58.3	29.7	29.7	46.3	46.3	56.2	56.2	58.9	58.9	57.4	52.0	54.9	49.7	54.5	49.2	46.5	47.5	48.7	53.1	50.8	47.2	44.6	44.4	42.5	42.2	41.8	39.5	34.0	26.9	21.4	21.0	22.0	20.7
2018/01/24 15:53:28	58.8	30.2	30.2	46.5	46.5	55.9	55.9	58.5	58.5	56.5	52.5	54.8	51.4	55.4	51.2	48.9	48.7	50.3	51.9	51.4	48.0	45.9	44.0	42.8	43.5	42.4	40.4	34.5	26.9	22.3	21.6	22.3	20.9
2018/01/24 15:53:29	62.0	28.1	28.1	44.6	44.6	54.2	54.2	56.8	56.8	55.6	52.3	55.8	52.5	58.1	54.9	54.4	53.6	53.1	56.0	55.6	50.8	46.9	46.7	44.1	44.7	43.9	40.9	36.3	27.8	22.3	21.4	22.1	20.8
2018/01/24 15:53:29	64.4	28.0	28.0	46.3	46.3	56.5	56.5	58.0	58.0	56.3	55.4	57.5	57.3	62.2	56.5	57.3	57.2	56.8	59.4	57.2	51.0	47.5	45.7	43.1	43.7	43.3	40.9	35.1	26.5	22.1	21.5	22.1	20.9
2018/01/24 15:53:30	65.9	33.0	33.0	48.8	48.8	58.2	58.2	59.9	59.9	58.3	53.8	60.6	59.1	62.3	58.4	59.3	58.0	56.6	58.9	59.7	54.7	53.3	49.4	46.4	47.1	46.7	44.8	38.3	31.0	27.8	25.5	23.8	21.9
2018/01/24 15:53:31	68.5	33.4	33.4	49.6	49.6	60.3	60.3	60.6	60.6	57.4	56.1	57.7	57.6	62.4	56.1	55.9	58.4	59.4	60.9	62.4	60.0	58.0	54.0	50.4	52.1	50.7	48.9	44.5	40.0	36.1	30.7	32.7	28.4
2018/01/24 15:53:33	65.9	33.2	33.2	49.5	49.5	61.1	61.1	62.6	62.6	57.7	55.0	58.2	56.4	58.6	55.5	52.4	56.4	53.0	57.8	58.1	57.4	56.9	51.9	50.5	51.0	51.4	49.5	42.3	37.7	35.9	30.9	28.5	26.5
2018/01/24 15:53:34	65.7	30.7	30.7	47.1	47.1	57.7	57.7	60.6	60.6	60.2	56.3	54.9	54.5	58.1	57.4	52.6	55.8	55.2	54.3	53.2	54.2	54.4	53.5	55.4	55.1	54.8	53.4	47.9	39.9	34.2	29.3	29.7	29.3
2018/01/24 15:53:35	69.7	34.1	34.1	48.0	48.0	57.1	57.1	60.8	60.8	64.3	63.8	58.5	51.8	58.9	64.4	55.0	56.3	53.9	57.2	56.8	59.0	58.2	57.4	59.1	59.0	60.3	59.5	52.2	44.9	40.6	38.1	37.0	34.5
2018/01/24 15:53:36	67.0	35.0	35.0	49.3	49.3	63.2	63.2	65.4	65.4	60.2	63.5	65.3	53.7	59.6	60.0	52.1	54.9	54.9	57.1	57.0	57.3	56.0	54.0	53.0	55.7	56.2	54.2	47.1	40.7	36.9	34.0	33.2	31.3
2018/01/24 15:53:37	63.6	37.0	37.0	52.4	52.4	63.6	63.6	64.8	64.8	60.2	57.6	61.3	53.5	59.0	57.3	52.4	53.0	51.6	52.8	53.9	52.8	52.7	51.4	51.4	50.8	51.1	50.1	43.5	35.9	30.6	26.8	26.0	24.0
2018/01/24 15:53:38	69.7	38.6	38.6	52.6	52.6	64.9	64.9	65.9	65.9	61.3	62.9	62.5	55.7	58.8	58.8	57.7	61.5	57.8	57.7	62.3	59.4	57.9	56.7	55.3	58.4	58.5	58.3	50.7	43.9	39.7	36.8	34.4	32.3
2018/01/24 15:53:39	68.3	33.2	33.2	50.9	50.9	63.7	63.7	65.8	65.8	62.3	61.5	60.0	52.9	58.2	57.8	55.4	60.9	54.3	57.1	60.5	58.1	55.8	56.6	55.9	57.6	55.6	55.9	48.7	40.1	33.2	29.4	26.8	24.0
2018/01/24 15:53:40	64.1	32.6	32.6	48.3	48.3	59.4	59.4	60.1	60.1	58.8	61.3	57.9	53.6	56.8	54.5	56.1	55.3	51.9	53.0	54.7	53.3	53.3	52.8	51.9	53.0	50.3	49.5	45.4	35.4	29.0	24.5	23.2	21.1
2018/01/24 15:53:41	65.1	30.1	30.1	46.5	46.5	59.0	59.0	61.3	61.3	57.8	55.5	56.2	51.1	57.0	55.6	57.1	56.6	55.1	56.8	55.1	54.0	53.1	52.2	52.3	54.1	51.6	50.8	47.8	38.8	34.4	29.1	26.7	24.2
2018/01/24 15:53:42	68.5	35.2	35.2	51.3	51.3	62.6	62.6	63.7	63.7	57.9	53.6	54.8	50.4	58.5	58.8	60.2	59.4	59.1	60.2	61.1	59.0	56.5	56.4	53.4	55.1	52.8	53.6	50.2	41.8	38.7	34.4	31.8	28.3
2018/01/24 15:53:43	70.8	42.4	42.4	60.8	60.8	71.2	71.2	69.6	69.6	60.8	57.0	59.6	55.2	61.6	59.9	61.7	61.1	61.9	62.1	63.4	61.0	59.6	57.4	54.2	58.3	56.6	56.4	52.1	46.1	45.2	43.0	38.7	35.6
2018/01/24 15:53:44	64.7	32.9	32.9	51.2	51.2	60.8	60.8	60.5	60.5	56.8	54.1	57.2	54.7	58.1	55.7	53.2	54.2	53.9	54.6	57.3	57.0	55.0	51.9	48.4	49.3	49.5	48.4	42.6	35.5	33.0	31.8	26.8	24.2
2018/01/24 15:53:44	57.9	34.4	34.4	46.8	46.8	55.4	55.4	58.0	58.0	55.7	50.8	52.2	49.8	52.8	48.4	47.7	49.6	46.8	48.3	50.2	47.5	47.6	45.8	43.9	44.5	42.3	40.7	33.9	26.0	24.0	22.0	22.3	20.9
2018/01/24 15:53:46	55.1	30.1	30.1	46.6	46.6	57.0	57.0	56.8	56.8	53.1	50.8	52.2	49.0	49.7	43.9	41.1	46.6	44.3	45.5	46.4	45.6	44.1	43.9	40.8	41.6	40.5	39.1	31.6	24.2	22.8	21.2	22.1	20.8
2018/01/24 15:53:47	53.8	29.6	29.6	44.9	44.9	55.0	55.0	55.1	55.1	50.7	48.1	48.1	44.8	46.4	42.9	41.6	44.9	42.5	44.0	44.9	43.8	43.5	43.0	40.6	40.9	40.5	38.5	31.0	24.1	31.9	21.1	22.1	20.7
2018/01/24 15:53:48	53.8	28.2	28.2	43.7	43.7	54.3	54.3	55.7	55.7	51.7	48.4	47.5	43.2	46.8	42.5	40.3	44.0	42.9	44.3	44.6	44.1	42.6	42.1	40.4	43.3	40.5	38.7	30.5	22.8	21.3	21.0	22.1	20.9
2018/01/24 15:53:49	53.2	29.5	29.5	44.8	44.8	55.7	55.7	57.6	57.6	51.4	47.5	47.4	43.1	45.9	43.3	41.0	42.0	42.3	43.3	43.4	43.7	43.0	42.4	40.3	41.3	40.4	37.9	30.6	24.1	20.5	21.4	21.8	20.9
2018/01/24 15:53:50	52.6	28.2	28.2	45.1	45.1	55.9	55.9	55.6	55.6	48.8	46.5	45.3	41.7	45.7	42.9	38.3	42.9	40.5	43.2	43.3	42.8	42.1	41.2	39.4	40.4	40.3	37.9	29.8	21.9	20.4	20.8	21.9	20.6
2018/01/24 15:53:50	52.3	30.0	30.0	43.8	43.8	54.1	54.1	54.1	54.1	47.6	45.6	45.6	40.3	44.1	42.1	38.9	42.8	41.5	42.3	42.7	43.1	42.4	40.3	38.5	39.5	41.0	38.3	29.2	22.8	20.9	21.1	22.1	20.7
2018/01/24 15:53:52	52.5	29.7	29.7	45.2	45.2	55.8	55.8	55.4	55.4	51.1	49.8	47.5	42.5	45.5	41.0	39.7	43.2	40.6	42.1	42.8	43.5	42.8	40.8	38.2	40.2	40.1	37.8	29.1	22.5	20.6	21.3	22.2	20.9
2018/01/24 15:53:53	53.1	29.8	29.8	45.5	45.5	54.2	54.2	53.5	53.5	51.3	51.4	45.9	40.0	44.6	43.3	41.2	43.1	42.0	42.2	43.7	44.4	42.8	41.8	39.4	40.3	40.3	39.1	32.4	25.3	21.2	21.4	22.6	21.0
2018/01/24 15:53:54	53.6	27.9	27.9	45.7	45.7	55.1	55.1	54.8	54.8	49.9	45.0	45.5	41.0	45.2	42.9	38.9	43.5	41.5	42.9	44.7	44.7	42.8	42.2	40.6	41.7	42.0	39.6	32.4	24.9	21.6	21.3	22.2	20.7
2018/01/24 15:53:55	53.8	31.6	31.6	45.4	45.4	56.0	56.0	56.6	56.6	51.9	44.8	44.0	40.0	45.8	44.3	42.0	44.2	43.3	43.7	45.6	44.9	43.4	42.2	40.6	40.8	39.2	36.4	31.9	23.4	20.8	21.0	21.8	20.8
2018/01/24 15:53:56	54.4	27.1	27.1	44.9	44.9	54.9	54.9	57.0	57.0	54.9	50.5	44.7	42.6	46.8	45.1	40.9	44.0	41.5	44.4	46.5	45.9	44.5	43.2	41.2	40.4	39.1	36.2	28.6	22.2	20.6	20.7	21.8	20.8
2018/01/24 15:53:57	55.7	29.0	29.0	45.4	45.4	55.4	55.4	55.5	55.5	49.1	45.9	46.6	42.5	48.0	45.4	42.7	44.5	44.1	46.3	48.0	47.5	45.4	44.5	42.8	42.1	40.5	37.1	29.7	22.8	20.6	21.0	22.1	20.6
2018/01/24 15:53:58	54.8	28.4	28.4	45.7	45.7	54.3	54.3	53.9	53.9	50.0	49.9	47.3	41.4	48.0	46.0	42.1	45.9	44.0	44.7	47.7	45.9	43.7	42.4	40.8	41.4	40.4	36.6	29.7	22.4	20.7	20.9	22.0	20.6
2018/01/24 15:53:59	54.7	30.4	30.4	46.6	46.6	55.8	55.8	55.6	55.6	49.7	44.8	46.4	44.1	46.9	44.3	43.0	43.9	42.4	45.0	47.6	46.1	45.2	42.7	41.0	41.0	39.8	36.5	29.2	22.3	20.6	20.8	22.1	20.6
2018/01/24 15:54:00	55.2	28.9	28.9	46.2	46.2	56.5	56.5	56.8	56.8	52.8	48.7	47.3	43.1	48.4	44.0	42.8	46.3	42.9	45.9	48.1	46.2	45.1	43.5	41.2	40.6	39.7	37.2	30.2	22.2	20.7	21.1	22.3	20.8
2018/01/24 15:54:01	55.6	31.8	31.8	47.3	47.3	58.1	58.1	58.1	58.1	51.2	45.3	45.8	42.5	46.8	45.5	42.5	44.8	44.6	46.7	48.8	47.5	45.3	43.3	41.0	40.9	40.0	36.8	30.7	23.0	20.7	21.1	21.9	20.8
2018/01/24 15:54:01	55.7	29.6	29.6	47.3	47.3	57.3	57.3	57.2	57.2	52.2	46.8	47.0	43.0	47.1	45.1	43.9	47.6	45.5	46.6	47.7	47.5	45.1	43.2	41.7	41.4	40.6	38.0	30.7	24.0	21.0	21.0	22.0	20.9
2018/01/24 15:54:03	55.9	30.2	30.2	48.6	48.6	57.9	57.9	56.7	56.7	51.7	47.6	47.5	43.7	48.1	45.9	41.2	44.5	44.9	47.4	49.3	46.2	46.2	44.1	42.3	41.3	40.2	37.5	31.1	25.2	22.0	22.0	22.7	21.6
2018/01/24 15:54:03	56.3	26.8	26.8	46.9	46.9	55.7	55.7	55.0	55.0	50.6	47.6	46.3	43.8	47.5	46.2	43.0	47.0	45.9	48.7	49.3	46.8	46.0	44.2	41.8	41.9	40.1	38.7	31.7	24.8	21.6	21.5	22.1	21.2
2018/01/24 15:54:05	55.2	28.8	28.8	44.3	44.3	54.8	54.8	55.5	55.5	51.9	46.6	46.6	42.3	46.9	44.0	42.5	46.1	43.5	48.1	48.1	45.8	44.4	42.6	41.1	41.2	39.2	36.8	29.4	22.6	20.5	20.9	21.8	20.7
2018/01/24 15:54:06	55.1	26.9	26.9	43.8	43.8	54.5	54.5	55.8	55.8	51.2	46.0	46.9	41.0	46.3	44.7	41.9	45.4	43.6	47.6	48.9	45.6	44.3	42.3	40.1	39.7	39.2	38.0	32.2	25.8	22.4	22.2	23.0	21.7
2018/01/24 15:54:07	53.3	27.9	27.9	44.0	44.0	54.6	54.6	54.8	54.8	47.8	42.6	45.3	41.3	44.9	43.1	39.7	44.0	42.6	45.7	46.3	43.9	42.4	40.5	38.5	39.5	37.8	35.4	28.1	21.7	20.1	20.9	22.1	20.4
2018/01/24 15:54:08	52.6	26.7	26.7	43.0	43.0	52.8	52.8	52.3	52.3	47.3	43.4	44.2	39.7	44.4	44.5	39.3	43.9	41.1	44.4	45.5	43.4	41.5	40.1	38.0	38.7	37.5	36.3	28.9	21.5	20.4	20.9	21.8	20.5
2018/01/24 15:54:09	52.0	27.7	27.7	45.3	45.3	55.1	55.1	55.6	55.6	51.9	47.3	46.6	41.8	44.7	44.0	41.1	43.5	40.7	43.6	44.1	41.9	40.5	39.0	37.3	39.1	37.7	36.1	28.7	21.7	20.8	21.0	22.2	20.8
2018/01/24 15:54:10	51.4	25.8	25.8	43.0	43.0	53.1	53.1	53.6	53.6	49.6	47.0	45.5	40.0	44.9	41.5	38.7	42.7	40.0	43.1	43.5	41.2	40.3	38.2	37.2	38.6	38.4	36.3	28.6	21.9	20.1	20.6	21.8	20.6
2018/01/24 15:54:11	52.1	32.7	32.7	48.2	48.2	56.0	56.0	56.5	56.5	55.3	53.1	48.1	42.7	46.9	44.4	39.3	43.2	40.9	42.5	42.4	41.2	39.5	38.7	37.6	40.1	40.1	38.8	30.3	23.7	20.5	20.8	21.8	20.4
2018/01/24 15:54:12	54.5	35.9	35.9	52.3	52.3	58.0	58.0	58.7	58.7	58.5	55.7	49.0	49.1	52.0	46.2	40.8	46.3	44.4	45.3	44.6	41.8	41.7	40.9	39.6	41.9	41.6	41.6	33.0	24.3	20.7	21.0	21.9	20.7
2018/01/24 15:54:13	53.9	35.5	35.5	49.6	49.6	59.2	59.2	62.5	62.5	57.3	50.9	53.4	47.7	52.1	47.2	44.7	45.0	42.1	42.6	43.5	42.9	41.8	39.9	39.0	40.8	40.7	40.4	31.2	23.7	20.4	20.9	21.8	20.7
2018/01/24 15:54:14	57.5	39.3	39.3	55.1	55.1	61.7	61.7	60.8	60.8	57.9	59.8	57.9	51.9	56.5	51.6	50.5	53.2	46.3	46.0	45.2	43.8	43.5	41.7	42.1	42.8	43.0	42.5	33.9	25.6	21.2	21.2	21.9	20.8
2018/01/24 15:54:15	59.1	36.0	36.0	53.5	53.5	64.5	64.5	64.6	64.6	57.8	61.1	63.6	49.7	56.0	52.2	48.2	52.5	50.9	48.5	46.9	46.4	45.1	45.1	44.4	44.5	44.7	44.7	36.2	27.5	22.1	21.3	21.8	20.8
2018/01/24 15:54:16	56.8	29.2	29.2	45.9	45.9	56.2	56.2	59.7	59.7	61.5	57.3	54.6	52.5	54.6	51.4	48.6	50.3	45.2	44.7	46.4	44.8	43.4	42.7	43.1	43.8	42.8	41.1	33.6	26.3	21.5	21.0	22.2	20.9
2018/01/24 15:54:16	57.1	41.2	41.2	56.2	56.2	60.4	60.4	59.5	59.5	62.6	62.5	56.4	52.6	56.7	53.1	48.4	50.7	45.0	44.7	45.3	43.8	43.6	42.3	41.2	41.7	41.6	40.2	32.8	25.0	21.1	21.0	21.7	20.7
2018/01/24 15:54:18	57.3	36.7	36.7	55.6	55.6	60.8	60.8	58.8	58.8	57.9	61.2	57.7	49.0	55.1	49.0	48.1	50.9	47.7	46.4	46.7	45.0	44.9	43.4	43.0	42.8	43.2	41.9	35.1	27.0	21.7	21.0	22.0	20.7
2018/01/24 15:54:19	56.5	36.5	36.5	54.4	54.4	64.5	64.5	64.0	64.0	56.0	56.3	56.5	49.8	52.9	49.4	46.3	47.5	45.4	46.7	45.8	44.9	45.0	44.3	43.0	42.6	42.8	41.9	35.3	26.3	21.2	21.0	21.9	20.7
2018/01/24 15:54:20	57.1	32.8	32.8	47.8	47.8	62.0	62.0	64.1	64.1	58.3	57.4	56.6	47.4	51.8	49.7	46.4	48.3	47.0	47.4	47.6	44.9	45.5	44.9	43.5	43.6	43.2	42.1	36.1	25.6	21.6	20.9	21.8	20.6
2018/01/24 15:54:21	55.4	31.2	31.2	48.4	48.4	58.4	58.4	59.0	59.0	54.7	52.1	52.1	43.9	47.4	46.9	43.5	46.7	45.4	44.9	46.0	45.1	45.5	44.6	42.4	42.2	41.4	39.6	33.1	23.5	20.6	20.7	21.8	20.6
2018/01/24 15:54:22	55.6	34.6	34.6	55.8	55.8	64.2	64.2	63.2	63.2	57.7	51.7	52.2	46.0	49.4	47.2	42.8	46.6	45.2	45.4	46.3	45.3	45.1	43.7	42.4	42.2	41.0	39.7	32.5	23.4	20.6	20.9	21.8	20.8
2018/01/24 15:54:23	55.6	37.3	37.3	53.5	53.5	63.5	63.5	62.4	62.4	55.1	51.1	52.7	48.5	49.4	47.9	42.6	45.4	43.8	45.8	46.5	45.3	45.2	44.6	42.7	42.1	40.9	39.5	32.8	23.7	20.7	20.8	21.9	20.7
2018/01/24 15:54:23	56.0	35.2	35.2	50.5	50.5	61.5	61.5	63.0	63.0	59.3	52.6	53.8	50.2	48.6	47.4	42.9	46.1	45.4	45.9	47.1	46.0	45.3	44.3	42.6	42.3	41.1	39.2	32.0	23.4	20.6	20.7	22.1	20.7
2018/01/24 15:54:24	55.7	33.2	33.2	52.8	52.8	63.3	63.3	63.2	63.2	57.8	51.8	52.5	47.4	49.2	47.4	42.3	46.1	45.5	45.6	47.5	45.9	45.1	43.9	41.9	42.1	40.6	38.2	31.4	23.1	20.4	20.8	21.9	20.5
2018/01/24 15:54:26	55.9	34.5	34.5	49.6	49.6	59.0	59.0	58.0	58.0	56.8	53.3	52.3	43.4	48.8	47.5	44.5	46.6	43.9	45.7	46.5	46.0	45.8	44.8	43.0	43.2	41.5	39.1	32.9	27.4	20.9	21.0	22.0	20.8
2018/01/24 15:54:27	56.2	32.8	32.8	51.8	51.8	60.7	60.7	59.5	59.5	54.5	51.5	51.0	43.6	48.8	46.8	44.3	45.1	44.3	45.5	47.2	46.1	45.6	44.8	42.8	42.7	46.3	39.9	35.0	26.8	21.4	20.8	22.0	20.7
2018/01/24 15:54:28	56.1	33.4	33.4	52.9	52.9	61.7	61.7	60.8	60.8	55.0	50.6	51.5	44.0	47.2	45.1	43.9	43.5	44.2	46.3	46.8	45.7	45.5	44.3	42.0	41.7	47.8	38.9	33.5	25.7	21.2	21.0	22.0	20.7
2018/01/24 15:54:29	55.6	34.1	34.1	51.6	51.6	62.3	62.3	62.6	62.6	55.6	49.0	50.6	44.3	47.8	48.3	44.7	44.8	43.8	45.9	46.3	45.3	44.9	44.0	41.2	41.5	45.6	37.9	33.0	25.2	21.4	21.3	22.1	20.8
2018/01/24 15:54:30	55.6	35.4	35.4	52.3	52.3	63.4	63.4	63.2	63.2	56.1	51.5	51.6	44.4	48.9	48.4	45.0	45.2	46.6	45.7	47.0	45.0	44.8	43.8	41.7	41.1	42.5	38.9	34.2	27.3	22.8	22.0	23.0	21.4
2018/01/24 15:54:30	55.1	32.9	32.9	49.6	49.6	60.4	60.4	60.6	60.6	55.5	50.4	50.7	45.5	47.6	46.2	41.0	44.9	44.6	44.7	46.6	45.1	44.1	42.9	41.0	40.7	45.5	36.8	30.2	23.6	20.7	21.4	22.0	20.9
2018/01/24 15:54:32	55.0	33.5	33.5	49.7	49.7	60.2	60.2	60.3	60.3	55.2	52.1	52.3	45.7	48.2	46.2	41.9	44.1	44.1	45.5	47.4	45.4	44.4	43.1	41.7	40.5	39.6	38.2	32.2	25.0	21.7	21.8	22.4	21.1
2018/01/24 15:54:33	55.8	33.1	33.1	49.0	49.0	60.8	60.8	61.4	61.4	53.6	48.9	51.1	43.9	49.6	49.1	43.7	44.5	44.2	45.6	47.1	46.0	44.8	44.0	42.6	42.4	42.2	41.7	36.3	27.4	22.9	21.9	23.0	21.6
2018/01/24 15:54:33	55.5	35.1	35.1	50.4	50.4	61.7	61.7	61.5	61.5	54.2	49.6	50.6	45.1	48.8	46.1	44.3	44.8	43.7	45.9	48.2	45.0	44.9	43.0	42.0	41.5	40.8	41.4	36.6	27.2	22.3	21.2	22.8	21.4
2018/01/24 15:54:35	55.1	30.3	30.3	49.0	49.0	58.8	58.8	58.9	58.9	54.9	51.3	50.6	45.9	47.7	46.4	41.7	43.6	44.0	46.1	47.6	45.8	44.5	43.3	41.3	40.7	39.6	38.2	30.6	23.3	21.0	21.1	22.0	23.4
2018/01/24 15:54:36	55.3	31.9	31.9	49.8	49.8	60.8	60.8	60.5	60.5	54.3	50.1	49.8	45.4	47.3	46.2	42.8	43.4	45.1	46.4	48.1	45.4	44.6	43.7	41.4	40.7	39.1	37.2	36.4	36.7	21.0	21.1	21.9	24.7
2018/01/24 15:54:37	54.8	31.4	31.4	48.9	48.9	58.6	58.6	57.2	57.2	52.4	51.5	51.4	45.1	47.7	44.7	42.7	45.1	44.3	45.6	47.3	45.7	44.4	42.8	40.8	40.3	39.4	36.5	33.9	29.7	21.4	21.1	23.1	21.1
2018/01/24 15:54:38	55.1	34.1	34.1	51.1	51.1	60.6	60.6	60.0	60.0	53.8	52.4	51.8	44.1	47.7	45.4	42.4	44.5	44.2	46.2	47.9	45.3	44.9	43.5	40.2	40.6	40.0	37.0	29.1	22.6	20.6	21.1	22.4	22.4
2018/01/24 15:54:39	54.8	32.9	32.9	49.8	49.8	59.6	59.6	59.5	59.5	53.8	49.9	48.6	46.1	46.8	45.7	42.9	43.9	44.6	45.8	46.9	45.8	44.3	42.3	40.4	40.3	39.9	38.2	30.4	23.2	21.1	21.1	22.5	21.1
2018/01/24 15:54:39	54.6	33.2	33.2	49.3	49.3	59.9	59.9	59.9	59.9	53.7	50.5	49.0	44.8	47.1	46.4	46.9	44.5	43.6	45.1	46.8	44.3	43.5	42.2	40.3	40.3	39.2	37.3	35.2	37.5	21.1	20.9	22.1	20.9
2018/01/24 15:54:41	62.0	34.5	34.5	50.6	50.6	60.8	60.8	60.1	60.1	53.5	51.6	55.0	48.0	59.0	53.3	52.0	50.5	52.4	54.6	49.1	47.6	46.9	45.8	44.1	48.1	51.2	54.4	48.7	42.3	34.7	26.8	25.5	25.8
2018/01/24 15:54:42	74.2	32.9	32.9	48.5	48.5	58.1	58.1	59.0	59.0	57.3	53.5	66.3	74.6	73.4	62.9	60.2	61.9	63.3	68.2	58.6	56.2	54.8	54.3	54.3	59.0	64.5	66.3	58.7	51.8	44.9	37.7	35.5	32.0
2018/01/24 15:54:42	87.9	30.5	30.5	48.5	48.5	58.4	58.4	58.7	58.7	63.9	74.9	78.4	72.4	82.9	80.9	77.6	77.3	72.6	73.2	71.3	71.5	72.4	71.6	75.3	78.3	77.9	81.9	74.3	66.8	61.6	58.4	58.1	52.1
2018/01/24 15:54:44	96.9	39.9	39.9	49.4	49.4	59.8	59.8	61.0	61.0	69.6	84.0	89.4	72.6	92.1	90.3	82.7	82.9	77.2	79.6	84.2	86.2	83.3	80.5	86.0	85.5	88.9	87.6	83.0	78.9	74.7	71.2	70.8	66.8
2018/01/24 15:54:45	88.7	38.2	38.2	48.9	48.9	57.7	57.7	58.0	58.0	62.9	79.9	86.1	58.1	85.9	87.8	82.4	85.2	73.8	70.5	72.8	76.3	70.4	69.9	74.1	74.4	76.8	77.2	70.8	64.8	61.0	57.0	54.3	48.5
2018/01/24 15:54:46	79.3	30.8	30.8	48.4	48.4	57.5	57.5	59.0	59.0	62.6	74.6	79.2	60.5	77.7	77.0	74.5	73.7	64.8	65.6	64.9	67.3	63.6	61.0	63.5	64.0	67.3	68.9	62.2	55.5	49.4	43.3	38.5	32.3
2018/01/24 15:54:47	75.2	31.7	31.7	47.7	47.7	57.7	57.7	58.5	58.5	59.1	69.5	69.4	51.3	78.1	71.7	70.6	63.0	66.8	64.6	63.3	60.4	58.1	55.8	57.1	58.3	60.0	60.5	53.8	46.8	36.9	29.5	25.9	21.9
2018/01/24 15:54:48	72.6	32.4	32.4	49.4	49.4	58.7	58.7	59.9	59.9	56.9	64.1	68.2	50.4	70.6	71.7	68.6	68.4	58.6	63.8	60.8	56.0	54.7	55.2	55.2	56.1	58.4	58.9	49.5	40.9	32.0	24.6	22.5	20.7
2018/01/24 15:54:48	64.7	29.3	29.3	47.7	47.7	58.2	58.2	58.5	58.5	56.7	57.5	54.6	50.4	64.4	53.7	55.3	50.1	54.8	54.6	56.6	50.5	49.9	50.2	49.8	52.4	55.7	52.8	43.0	32.7	24.1	21.2	21.9	20.6
2018/01/24 15:54:50	63.3	29.6	29.6	47.2	47.2	57.0	57.0	57.7	57.7	56.7	54.0	57.0	49.7	62.4	50.5	51.7	51.9	53.3	55.7	53.2	52.3	47.2	49.9	49.3	50.6	53.0	50.9	39.5	29.4	22.3	21.2	22.3	21.0
2018/01/24 15:54:51	62.1	31.8	31.8	49.7	49.7	58.8	58.8	58.9	58.9	58.0	56.3	59.8	50.9	59.7	50.9	49.8	51.7	51.5	53.0	52.9	51.4	49.5	49.0	47.8	49.2	51.7	48.5	38.1	28.5	21.6	21.1	22.1	20.8
2018/01/24 15:54:52	60.0	35.4	35.4	47.8	47.8	58.4	58.4	58.9	58.9	55.5	53.4	58.0	50.4	57.7	49.0	48.4	50.0	50.5	52.1	51.2	49.3	48.2	47.2	45.1	46.1	46.7	44.0	35.6	28.8	22.0	21.5	22.2	20.8
2018/01/24 15:54:52	57.4	33.1	33.1	46.9	46.9	57.9	57.9	57.9	57.9	54.9	54.0	56.8	48.4	51.9	45.6	45.9	50.7	51.6	47.2	47.6	46.3	45.5	43.7	42.3	43.6	43.2	41.6	34.0	27.9	24.5	23.7	24.3	22.0
2018/01/24 15:54:54	58.5	30.4	30.4	48.9	48.9	58.7	58.7	58.9	58.9	55.1	52.4	56.2	53.3	57.9	48.9	47.9	55.5	53.0	46.4	46.8	45.5	44.4	42.7	40.8	41.3	41.8	42.1	34.5	25.0	21.7	22.1	22.8	21.1
2018/01/24 15:54:55	57.0	29.8	29.8	48.3	48.3	57.4	57.4	57.2	57.2	52.6	50.0	50.7	52.6	57.9	47.9	46.8	50.4	50.1	47.1	46.9	44.7	43.8	42.7	40.5	41.7	42.3	41.5	35.6	27.7	22.5	22.1	23.1	21.8
2018/01/24 15:54:56	57.9	30.0	30.0	46.8	46.8	57.2	57.2	58.2	58.2	54.0	51.8	51.1	53.8	57.3	49.3	45.5	48.2	48.7	52.8	47.9	44.6	44.1	44.2	42.4	43.0	42.5	41.3	36.1	30.5	22.5	21.4	22.2	21.0
2018/01/24 15:54:56	57.8	32.8	32.8	49.1	49.1	59.7	59.7	60.5	60.5	54.1	50.4	50.2	52.7	56.7	49.9	45.8	50.7	49.4	51.8	47.6	45.6	44.2	43.5	41.5	42.1	42.3	42.4	35.1	26.1	21.9	21.0	22.0	20.7
2018/01/24 15:54:57	58.3	33.5	33.5	50.5	50.5	58.2	58.2	58.3	58.3	55.3	50.8	49.4	53.0	58.3	49.7	49.3	51.8	54.4	49.6	46.9	44.3	44.0	42.1	40.2	41.0	41.2	40.0	32.7	24.3	21.3	21.6	22.2	20.8
2018/01/24 15:54:59	56.3	32.8	32.8	48.2	48.2	58.1	58.1	59.1	59.1	53.8	48.8	50.2	48.6	57.9	46.7	44.2	44.2	49.6	47.7	47.3	44.4	43.7	42.1	40.2	41.0	40.3	39.7	31.8	24.5	20.5	20.8	21.8	20.6
2018/01/24 15:55:00	54.0	34.5	34.5	50.0	50.0	59.2	59.2	61.4	61.4	58.4	50.6	48.9	44.9	47.0	45.6	44.5	43.2	43.4	44.2	45.0	44.0	43.1	41.7	39.4	39.8	40.6	40.3	32.8	23.1	20.8	21.2	22.1	20.6
2018/01/24 15:55:01	53.7	34.6	34.6	50.9	50.9	59.8	59.8	60.5	60.5	57.0	51.4	49.7	46.6	47.4	43.6	41.5	43.1	42.2	43.7	44.8	44.4	43.4	41.6	39.8	40.0	39.1	38.0	29.7	24.2	21.0	21.1	22.2	21.4
2018/01/24 15:55:01	54.0	31.8	31.8	50.8	50.8	59.5	59.5	59.9	59.9	55.4	49.9	49.2	47.1	47.3	44.8	42.8	45.3	44.2	43.7	45.3	44.4	42.6	41.4	39.9	40.0	40.1	40.3	33.0	24.9	21.6	21.4	22.1	20.5
2018/01/24 15:55:03	55.0	31.8	31.8	48.3	48.3	58.6	58.6	60.4	60.4	59.0	52.8	49.9	47.4	47.9	44.4	43.8	44.7	43.4	44.9	46.1	45.5	45.5	43.5	40.9	40.6	40.5	38.4	31.6	32.0	21.1	21.2	21.9	20.6
2018/01/24 15:55:04	54.3	30.3	30.3	48.0	48.0	58.0	58.0	59.4	59.4	55.8	50.8	47.9	44.3	46.4	43.6	43.0	44.1	42.9	43.6	45.7	44.3	44.8	41.7	41.2	41.3	41.5	38.9	31.8	29.2	21.3	20.9	22.2	20.7
2018/01/24 15:55:05	54.5	31.1	31.1	48.6	48.6	58.0	58.0	59.2	59.2	55.0	49.0	48.7	43.9	45.6	46.1	44.7	45.5	44.0	44.2	46.5	44.6	43.5	42.7	41.8	40.8	40.7	38.5	32.1	25.2	21.5	20.9	22.1	20.9
2018/01/24 15:55:06	55.7	33.8	33.8	48.4	48.4	57.8	57.8	58.6	58.6	54.6	50.5	51.4	45.9	49.2	48.5	44.5	46.3	45.0	45.3	47.4	45.5	45.0	43.6	43.4	42.2	41.8	39.9	34.3	27.0	22.1	21.1	21.9	20.7
2018/01/24 15:55:07	57.2	31.5	31.5	49.4	49.4	58.0	58.0	57.9	57.9	56.3	51.9	52.2	49.3	50.8	49.2	47.7	50.1	47.8	45.8	47.4	47.3	46.8	45.8	44.2	43.2	43.0	40.6	36.0	31.0	22.8	21.3	22.0	20.8
2018/01/24 15:55:07	57.3	32.7	32.7	48.6	48.6	57.7	57.7	58.6	58.6	55.2	50.6	51.2	48.0	49.6	47.9	46.3	46.6	45.7	47.0	47.6	47.8	48.3	46.1	45.0	44.7	42.9	41.6	36.0	28.3	24.2	21.1	21.8	20.5
2018/01/24 15:55:09	56.7	31.0	31.0	47.8	47.8	58.7	58.7	59.8	59.8	55.3	51.0	50.6	46.0	50.2	48.1	48.8	48.7	45.1	46.2	48.4	46.5	45.1	45.7	44.3	43.2	42.0	40.0	35.8	32.1	24.2	21.6	21.9	20.9
2018/01/24 15:55:10	58.3	27.5	27.5	46.1	46.1	56.0	56.0	58.5	58.5	56.1	51.9	53.0	46.7	53.0	49.4	48.3	51.3	47.8	47.3	49.2	47.4	47.1	47.2	45.9	45.7	43.5	41.8	35.0	28.5	24.4	21.7	22.1	20.5
2018/01/24 15:55:11	60.7	29.5	29.5	45.4	45.4	59.7	59.7	64.3	64.3	60.3	54.8	54.3	50.1	56.6	52.5	51.5	54.4	51.5	50.8	51.3	49.3	48.8	48.9	48.3	47.2	44.2	42.1	34.6	27.5	24.2	21.6	22.1	20.7
2018/01/24 15:55:12	58.5	28.4	28.4	45.4	45.4	57.5	57.5	62.4	62.4	58.7	52.7	55.6	46.4	52.6	51.2	51.0	50.9	47.9	49.4	48.5	47.9	46.1	46.7	46.4	45.4	43.4	40.8	35.6	26.3	22.5	21.3	22.1	20.5
2018/01/24 15:55:12	57.3	30.3	30.3	46.0	46.0	55.5	55.5	56.8	56.8	54.0	51.6	52.6	47.9	51.0	50.3	48.4	48.5	46.4	47.4	48.1	47.3	45.3	45.3	45.2	44.7	43.0	41.2	33.2	25.3	21.5	21.0	21.9	20.5
2018/01/24 15:55:14	56.9	28.8	28.8	44.1	44.1	54.9	54.9	57.9	57.9	54.4	50.0	51.0	48.3	51.0	53.1	48.0	48.1	45.9	47.8	48.1	45.9	44.4	43.9	43.6	43.8	43.7	40.2	33.2	25.6	21.1	21.1	22.1	20.8
2018/01/24 15:55:15	55.7	28.6	28.6	44.3	44.3	55.8	55.8	57.9	57.9	53.4	47.5	50.6	46.5	49.5	52.9	48.9	44.7	45.6	45.6	46.2	44.5	43.2	43.2	42.3	42.5	41.1	39.6	32.0	27.8	21.1	21.1	22.1	20.7
2018/01/24 15:55:15	54.2	29.1	29.1	45.8	45.8	55.3	55.3	55.5	55.5	51.3	47.7	50.1	45.1	47.4	48.0	45.0	44.5	44.9	44.7	45.9	43.6	42.5	41.7	40.9	41.3	39.8	38.2	32.8	32.0	20.5	20.8	22.0	20.7
2018/01/24 15:55:16	52.7	28.5	28.5	44.1	44.1	53.0	53.0	53.2	53.2	51.0	48.3	48.5	41.6	48.2	47.6	43.8	43.3	42.5	43.1	43.3	42.4	41.2	40.5	38.5	39.4	38.0	36.6	29.6	22.4	20.4	20.9	21.7	20.5
2018/01/24 15:55:18	54.9	29.1	29.1	45.3	45.3	58.2	58.2	61.0	61.0	55.3	49.3	51.8	48.4	51.4	53.4	45.6	47.6	46.3	44.1	45.2	42.6	41.3	40.2	39.4	41.0	38.6	36.5	30.8	23.4	20.9	20.9	21.8	20.8
2018/01/24 15:55:19	53.5	28.5	28.5	45.2	45.2	54.2	54.2	55.3	55.3	52.7	50.1	51.6	46.5	48.1	48.4	43.4	44.0	44.4	43.3	44.6	41.4	41.6	41.1	39.8	40.4	39.9	36.3	32.1	23.8	20.9	20.9	22.0	20.5
2018/01/24 15:55:20	53.1	28.2	28.2	46.0	46.0	53.3	53.3	57.4	57.4	55.9	48.7	50.7	44.1	48.3	50.0	41.2	42.4	43.0	43.6	43.8	41.5	41.5	40.1	38.8	39.3	40.2	36.9	33.3	31.5	20.9	21.2	22.1	21.0
2018/01/24 15:55:21	53.2	26.3	26.3	45.0	45.0	52.9	52.9	54.0	54.0	51.8	48.1	50.7	43.4	45.6	47.8	41.7	43.3	44.7	44.3	45.5	42.1	41.8	40.7	38.1	38.5	37.7	38.0	32.3	26.9	20.5	21.0	21.8	20.6
2018/01/24 15:55:22	53.1	28.7	28.7	43.9	43.9	54.3	54.3	55.3	55.3	51.4	47.8	49.1	44.2	46.4	47.3	42.3	43.5	44.3	44.5	46.2	42.3	41.8	39.9	37.8	37.5	36.7	35.3	29.3	24.1	20.4	20.9	22.1	20.5
2018/01/24 15:55:23	53.0	25.7	25.7	42.0	42.0	50.7	50.7	50.1	50.1	46.9	45.5	49.5	44.4	47.4	45.7	42.4	43.0	43.5	44.9	46.1	41.7	42.5	40.2	37.1	37.5	37.3	35.4	28.9	23.8	20.7	21.0	22.1	20.6
2018/01/24 15:55:24	53.6	27.9	27.9	44.6	44.6	54.1	54.1	54.9	54.9	52.4	48.0	50.5	45.9	46.6	47.3	44.1	45.8	43.0	44.1	46.8	44.3	42.8	40.4	36.6	37.0	35.8	34.4	28.5	21.7	20.0	20.7	21.9	20.6
2018/01/24 15:55:25	54.4	30.6	30.6	45.5	45.5	54.3	54.3	54.7	54.7	52.2	51.5	51.6	44.9	47.7	49.7	45.8	45.3	43.3	45.7	46.7	44.4	43.9	41.3	37.2	37.5	37.5	35.8	31.7	27.1	20.6	21.0	21.9	20.7
2018/01/24 15:55:26	56.8	29.9	29.9	47.0	47.0	55.5	55.5	55.7	55.7	53.2	48.2	50.6	45.0	50.3	53.6	47.9	48.6	45.7	47.7	50.3	45.9	45.3	43.2	40.2	41.0	39.9	39.4	33.2	24.6	21.5	21.1	22.2	20.6
2018/01/24 15:55:27	58.7	29.1	29.1	45.9	45.9	55.8	55.8	58.9	58.9	56.2	51.5	53.9	47.1	50.8	52.3	48.7	48.3	48.0	48.9	51.7	48.6	48.2	45.6	43.0	43.8	45.4	44.3	39.1	32.4	23.4	21.8	22.0	20.9
2018/01/24 15:55:28	62.6	29.9	29.9	49.5	49.5	59.3	59.3	58.7	58.7	54.9	52.1	55.1	51.8	53.8	54.2	49.3	50.8	52.2	51.8	52.3	51.5	49.6	50.3	49.1	51.2	52.7	52.7	46.6	38.2	27.8	23.0	22.7	21.3
2018/01/24 15:55:28	63.1	32.0	32.0	48.5	48.5	62.8	62.8	64.7	64.7	56.7	51.3	54.2	50.6	55.6	56.1	51.7	53.0	56.0	53.9	55.6	52.2	51.3	50.2	47.4	49.0	48.1	49.0	44.5	33.2	26.4	23.7	23.4	21.3
2018/01/24 15:55:30	63.5	30.8	30.8	48.0	48.0	59.6	59.6	61.4	61.4	57.4	55.4	55.5	53.3	57.9	58.8	54.6	55.0	54.7	56.0	56.1	53.2	51.9	50.3	45.8	45.6	45.4	43.5	37.1	30.4	23.4	21.6	22.2	20.7
2018/01/24 15:55:31	67.4	31.3	31.3	49.0	49.0	60.5	60.5	62.2	62.2	56.9	55.7	57.0	53.0	57.9	58.3	55.3	56.4	55.7	56.6	60.1	59.1	59.6	56.0	50.6	51.1	51.1	48.6	41.3	33.9	28.5	25.4	23.2	21.9
2018/01/24 15:55:32	69.2	34.6	34.6	51.0	51.0	62.2	62.2	63.7	63.7	60.3	58.4	60.0	54.1	56.1	57.2	54.5	55.9	58.0	60.8	62.4	60.9	60.6	57.9	52.7	55.3	52.6	48.6	42.6	38.8	33.7	43.9	26.8	23.7
2018/01/24 15:55:33	65.9	30.6	30.6	47.5	47.5	59.2	59.2	61.4	61.4	56.4	53.7	54.7	50.7	56.4	56.6	50.7	54.7	53.7	57.2	57.6	57.2	57.4	54.9	51.8	51.6	50.0	47.6	42.7	35.2	32.4	46.0	24.7	23.8
2018/01/24 15:55:33	62.0	31.1	31.1	48.6	48.6	60.4	60.4	61.5	61.5	56.3	50.2	52.6	47.9	52.5	53.3	48.4	52.7	49.4	51.3	51.4	52.7	53.6	52.0	49.9	48.9	46.8	46.8	41.5	29.8	25.3	41.7	22.8	21.2
2018/01/24 15:55:35	58.2	33.5	33.5	50.2	50.2	61.0	61.0	60.4	60.4	53.7	50.0	51.7	48.6	51.2	50.5	46.4	49.7	46.7	49.6	49.6	47.8	47.3	46.8	45.0	45.0	43.8	42.1	36.7	34.4	22.4	39.6	21.8	20.5
2018/01/24 15:55:36	56.8	30.3	30.3	45.3	45.3	57.2	57.2	58.2	58.2	52.8	49.6	49.9	46.7	49.0	46.2	43.2	45.9	45.1	47.4	48.7	47.5	46.3	45.3	43.2	44.6	43.2	41.0	34.7	28.3	21.3	35.6	22.1	20.8
2018/01/24 15:55:37	56.7	29.8	29.8	45.8	45.8	56.4	56.4	57.1	57.1	52.8	49.9	50.8	49.1	50.3	48.5	44.2	45.2	45.3	47.8	48.6	47.2	45.4	44.9	43.4	44.7	42.5	40.3	34.6	25.1	21.1	21.2	21.9	20.8
2018/01/24 15:55:38	57.0	30.2	30.2	45.8	45.8	55.1	55.1	56.6	56.6	52.2	53.3	54.8	50.2	53.2	48.4	44.4	47.1	45.5	47.1	48.5	46.6	45.0	45.3	43.7	45.5	43.5	40.7	33.6	26.3	21.8	21.3	22.0	20.7
2018/01/24 15:55:39	56.9	26.0	26.0	42.2	42.2	53.5	53.5	56.1	56.1	52.1	50.2	53.7	47.4	50.5	48.4	45.9	45.1	44.7	46.6	48.4	47.6	46.1	45.8	43.7	45.4	43.0	40.2	35.0	29.4	21.0	21.1	21.7	20.6
2018/01/24 15:55:39	57.0	29.6	29.6	44.3	44.3	55.2	55.2	55.5	55.5	50.4	50.8	53.0	46.3	49.0	47.9	47.4	46.5	44.9	47.0	48.8	46.9	46.3	46.5	43.6	46.0	41.3	40.5	32.0	23.7	21.0	21.0	22.0	20.8
2018/01/24 15:55:41	55.1	26.6	26.6	44.5	44.5	53.7	53.7	53.1	53.1	47.7	48.2	51.1	46.4	44.7	44.2	43.3	42.7	42.7	46.2	47.6	46.0	44.1	42.8	40.2	43.0	42.5	39.9	33.5	25.5	21.5	26.5	22.0	20.7
2018/01/24 15:55:42	54.0	29.6	29.6	43.6	43.6	55.6	55.6	56.8	56.8	50.3	46.6	48.4	43.6	44.4	43.0	40.6	42.3	43.2	44.7	46.9	44.8	42.7	42.4	39.5	42.2	40.2	35.5	28.7	22.0	20.4	35.6	21.8	20.7
2018/01/24 15:55:42	54.4	26.7	26.7	43.0	43.0	53.7	53.7	55.3	55.3	51.0	47.9	47.5	42.1	44.4	42.2	40.8	42.5	41.6	45.8	48.0	44.7	42.6	42.6	39.9	42.6	41.1	37.4	30.9	26.4	21.2	31.3	22.1	20.7
2018/01/24 15:55:44	55.5	27.9	27.9	43.0	43.0	53.3	53.3	54.3	54.3	50.5	47.4	48.7	43.2	45.0	43.5	42.4	44.6	44.1	46.0	48.3	45.9	44.4	44.2	40.7	42.5	42.4	39.7	40.3	28.9	20.9	21.0	22.0	20.8
2018/01/24 15:55:45	55.3	25.5	25.5	42.5	42.5	51.2	51.2	52.4	52.4	49.7	45.9	46.3	42.4	44.3	44.4	40.0	44.7	43.7	46.5	47.5	46.9	45.0	44.9	41.8	42.7	40.3	36.3	27.9	22.5	20.3	20.8	21.9	20.7
2018/01/24 15:55:46	53.8	25.4	25.4	40.9	40.9	51.6	51.6	52.5	52.5	48.4	46.0	45.2	40.8	45.8	44.2	41.7	42.5	41.8	44.9	47.1	44.4	42.3	41.8	39.6	41.6	41.1	35.3	26.9	21.3	20.1	20.9	21.9	20.7
2018/01/24 15:55:47	54.1	26.0	26.0	43.4	43.4	53.3	53.3	52.8	52.8	47.6	45.8	48.0	42.8	44.4	42.5	40.2	42.3	42.8	45.1	47.7	45.3	42.6	42.2	38.7	41.9	39.4	35.6	34.9	24.7	20.4	20.8	21.9	20.7
2018/01/24 15:55:47	53.7	27.1	27.1	42.0	42.0	53.0	53.0	54.5	54.5	49.3	44.9	46.7	40.5	44.7	41.5	40.5	42.4	43.2	44.8	47.6	44.8	41.7	41.4	38.8	41.3	38.3	35.5	27.8	22.2	20.1	20.8	21.9	20.6
2018/01/24 15:55:49	53.2	26.6	26.6	43.2	43.2	52.0	52.0	52.0	52.0	48.2	46.6	46.4	43.0	45.1	42.2	39.8	41.5	42.2	44.1	46.0	45.1	42.5	41.2	37.8	41.1	37.9	35.4	28.0	22.0	20.4	20.8	21.8	20.6
2018/01/24 15:55:50	58.9	25.3	25.3	44.1	44.1	52.3	52.3	52.1	52.1	47.6	43.9	46.0	41.3	43.3	43.8	40.4	41.5	41.9	44.4	46.3	44.9	41.9	41.7	46.0	50.0	52.6	50.7	46.6	34.2	27.4	23.1	23.7	21.2
2018/01/24 15:55:51	53.0	30.9	30.9	44.1	44.1	56.0	56.0	57.3	57.3	50.8	45.9	46.9	42.3	44.5	44.5	38.5	41.0	41.4	44.1	45.2	43.6	41.5	40.5	38.0	42.2	39.9	36.2	29.3	23.2	20.5	20.9	22.0	20.6
2018/01/24 15:55:52	53.5	30.5	30.5	49.4	49.4	59.4	59.4	61.0	61.0	59.4	54.6	52.7	44.3	44.8	44.5	39.3	39.7	40.8	44.1	45.8	44.4	41.3	40.0	37.1	42.0	38.9	35.7	31.9	22.9	20.1	20.9	21.7	20.5
2018/01/24 15:55:52	53.3	31.4	31.4	49.4	49.4	58.5	58.5	59.4	59.4	57.6	54.0	50.0	43.4	43.0	43.9	39.9	41.5	40.6	44.0	45.7	44.0	41.7	40.6	37.3	41.8	39.6	36.1	29.1	24.4	20.5	20.9	21.8	20.6
2018/01/24 15:55:54	53.4	28.5	28.5	45.4	45.4	55.5	55.5	57.4	57.4	53.3	49.4	50.4	43.6	44.2	43.4	39.8	40.7	41.6	43.4	46.6	44.5	41.6	41.3	38.1	41.0	40.5	37.8	31.2	27.8	21.1	21.1	22.1	20.6
2018/01/24 15:55:55	54.3	35.1	35.1	52.6	52.6	61.8	61.8	62.4	62.4	58.2	54.6	54.2	46.0	48.7	42.3	40.3	41.1	41.6	43.6	47.7	44.4	42.4	41.5	38.2	41.9	40.5	36.5	29.5	24.6	20.8	20.9	21.7	20.6
2018/01/24 15:55:56	54.6	28.5	28.5	47.1	47.1	56.6	56.6	57.8	57.8	53.5	49.6	48.0	43.3	47.0	45.5	43.4	43.5	42.9	45.7	47.6	45.1	43.9	42.5	39.2	41.9	41.1	37.2	30.3	25.9	20.8	21.0	22.0	20.8
2018/01/24 15:55:56	55.0	30.3	30.3	48.7	48.7	58.1	58.1	59.6	59.6	56.8	51.3	50.4	46.4	48.7	45.3	42.6	42.6	42.2	45.7	46.8	45.3	44.0	42.8	39.9	43.0	41.3	40.4	37.2	25.4	20.4	21.0	21.8	20.4
2018/01/24 15:55:58	56.2	28.2	28.2	45.9	45.9	56.4	56.4	58.9	58.9	54.4	46.6	46.8	43.6	46.9	44.3	40.5	42.7	42.6	44.2	46.0	45.5	44.3	43.6	45.5	47.9	46.2	41.0	37.8	29.3	22.9	22.1	22.1	20.6
2018/01/24 15:55:59	58.3	28.0	28.0	44.2	44.2	53.4	53.4	54.2	54.2	50.3	47.1	47.3	43.1	44.7	44.7	41.6	43.2	43.9	45.6	46.1	46.1	46.0	43.9	45.2	49.7	52.0	45.7	42.0	32.0	25.7	23.4	23.2	20.9
2018/01/24 15:56:00	56.2	27.5	27.5	44.9	44.9	54.6	54.6	55.5	55.5	49.9	46.0	47.5	41.8	46.5	44.6	43.4	44.4	43.7	46.0	46.9	45.7	43.5	43.2	42.4	46.1	48.2	41.9	37.5	28.8	23.5	21.7	22.3	20.6
2018/01/24 15:56:00	55.3	28.7	28.7	45.8	45.8	55.3	55.3	55.3	55.3	50.2	46.5	47.9	42.1	45.9	50.0	48.9	47.8	44.0	45.3	46.2	45.5	43.3	42.4	39.9	44.0	39.9	38.1	34.0	26.5	21.3	21.1	22.1	21.0
2018/01/24 15:56:02	55.8	27.0	27.0	45.3	45.3	54.5	54.5	55.8	55.8	51.9	48.0	47.3	44.4	47.6	46.9	47.2	43.9	45.0	46.1	47.2	45.6	44.4	43.2	40.6	45.0	44.4	40.7	38.3	33.9	25.1	24.5	23.4	22.0
2018/01/24 15:56:03	53.9	29.4	29.4	47.8	47.8	57.2	57.2	57.1	57.1	51.6	46.3	48.0	44.0	45.6	42.3	39.3	42.7	41.2	44.0	45.9	45.4	42.6	41.5	39.3	42.8	41.3	37.9	32.7	27.9	26.2	29.6	26.1	23.6
