DataTime                     	dB(A)	16	20	25	31.5	40	50	63	80	100	125	160	200	250	315	400	500	630	800	1000	1250	1600	2000	2500	3150	4000	5000	6300	8000	10000	12500	16000	20000
2018/02/08 15:24:04	57.1	34.3	34.3	52.4	52.4	61.4	61.4	62.4	62.4	58.9	54.9	54.0	48.0	50.6	48.8	47.5	50.6	49.3	48.6	46.3	45.8	45.0	42.2	41.4	40.6	42.8	43.8	41.3	36.2	33.1	31.3	30.3	27.3
2018/02/08 15:24:05	59.0	35.1	35.1	54.8	54.8	62.3	62.3	66.3	66.3	64.2	58.0	57.6	50.5	52.0	52.6	49.5	51.7	50.0	49.1	46.9	47.8	46.7	45.2	43.6	42.8	45.9	45.5	42.3	37.8	35.2	34.1	31.8	28.3
2018/02/08 15:24:06	60.4	43.3	43.3	59.4	59.4	65.4	65.4	70.1	70.1	70.3	60.8	58.9	52.7	52.5	51.7	50.8	51.9	51.6	51.4	48.2	47.7	47.9	45.8	43.6	44.2	46.3	44.9	42.7	37.8	36.6	34.0	32.6	29.1
2018/02/08 15:24:07	60.7	40.7	40.7	52.8	52.8	64.5	64.5	70.0	70.0	66.3	58.1	58.1	54.7	53.5	50.1	51.7	54.4	53.0	50.2	50.0	50.8	48.7	46.0	44.8	44.4	45.0	45.1	43.2	37.6	35.5	34.3	32.9	30.4
2018/02/08 15:24:08	63.9	41.0	41.0	60.2	60.2	66.7	66.7	69.9	69.9	68.9	62.2	61.1	55.4	55.6	56.6	54.3	55.9	54.8	53.8	54.4	54.5	51.8	50.7	49.2	48.1	48.5	48.0	45.2	39.7	36.2	34.6	34.1	33.3
2018/02/08 15:24:09	62.2	40.2	40.2	56.3	56.3	65.7	65.7	65.6	65.6	63.1	60.4	57.3	52.3	55.1	53.0	53.0	56.3	53.0	52.7	53.2	52.2	51.2	47.6	47.1	46.0	47.0	46.3	43.9	39.0	35.5	33.5	45.4	37.0
2018/02/08 15:24:10	64.2	41.5	41.5	59.9	59.9	68.8	68.8	72.4	72.4	68.5	58.8	59.6	53.4	55.3	55.5	53.4	57.1	55.0	55.0	55.1	54.4	53.1	49.8	48.6	48.1	49.6	48.6	44.7	40.9	38.1	36.1	54.3	49.2
2018/02/08 15:24:11	65.3	39.0	39.0	58.6	58.6	69.8	69.8	71.8	71.8	66.0	60.5	60.5	55.4	57.5	56.1	54.7	58.8	57.0	55.6	56.9	55.5	53.3	51.6	50.8	50.1	50.7	48.6	45.8	42.1	38.2	32.9	47.6	47.6
2018/02/08 15:24:12	66.5	35.2	35.2	54.6	54.6	64.5	64.5	69.7	69.7	66.8	58.2	58.2	53.2	58.7	57.8	56.6	59.2	58.1	57.5	58.3	57.3	55.0	52.9	51.5	50.1	51.2	49.8	46.7	42.8	37.9	31.6	29.3	29.6
2018/02/08 15:24:13	68.1	36.8	36.8	54.1	54.1	65.9	65.9	68.3	68.3	63.1	61.6	63.0	55.5	59.6	57.9	58.3	61.5	59.1	59.3	59.8	57.6	57.0	54.9	53.4	51.7	52.2	53.8	50.1	45.5	42.3	39.4	38.0	54.1
2018/02/08 15:24:14	65.9	41.4	41.4	60.9	60.9	68.0	68.0	68.8	68.8	67.2	62.0	61.7	56.4	57.9	58.1	54.7	58.2	57.0	57.3	57.2	56.7	54.8	52.8	51.8	50.8	49.3	48.3	44.4	39.6	36.1	34.7	32.1	38.4
2018/02/08 15:24:15	66.6	39.2	39.2	58.4	58.4	64.5	64.5	65.8	65.8	63.8	59.9	59.7	55.1	57.6	58.3	55.2	58.9	58.9	57.8	58.8	57.4	55.9	53.1	52.1	50.3	49.6	48.8	44.8	41.0	35.5	34.7	38.4	40.0
2018/02/08 15:24:16	68.2	34.0	34.0	54.4	54.4	61.6	61.6	62.1	62.1	60.9	58.7	62.4	58.1	60.9	59.6	58.8	60.5	59.6	59.7	58.9	59.4	57.6	55.4	52.9	52.2	51.6	51.3	48.0	45.3	40.0	37.5	34.2	31.2
2018/02/08 15:24:17	68.2	35.7	35.7	53.4	53.4	64.6	64.6	65.0	65.0	61.8	62.9	63.1	57.6	64.7	62.7	58.5	59.8	60.6	58.7	57.7	58.3	57.7	55.2	53.1	51.6	52.0	51.7	48.4	46.7	43.1	40.1	42.4	40.5
2018/02/08 15:24:18	67.5	39.0	39.0	51.8	51.8	68.5	68.5	71.3	71.3	65.8	63.1	61.2	57.9	62.5	63.5	60.6	60.4	58.9	59.2	57.7	57.1	55.7	52.9	51.6	50.5	51.2	49.7	45.6	40.8	37.8	35.5	36.3	33.1
2018/02/08 15:24:19	71.9	37.6	37.6	53.2	53.2	65.9	65.9	68.7	68.7	62.9	64.3	64.1	60.8	63.9	63.9	61.9	62.8	64.4	64.7	64.5	60.6	59.9	59.8	56.7	55.7	55.1	54.9	50.9	47.4	43.8	38.7	36.3	39.4
2018/02/08 15:24:20	73.2	38.3	38.3	53.5	53.5	66.5	66.5	69.3	69.3	65.6	67.2	65.3	59.1	63.2	63.2	62.8	63.8	64.0	64.6	66.8	63.6	61.6	60.5	58.7	57.6	58.3	56.4	52.7	48.6	44.5	43.2	40.7	43.2
2018/02/08 15:24:21	69.4	41.3	41.3	54.9	54.9	67.4	67.4	69.8	69.8	68.4	68.0	64.8	58.5	62.6	60.1	57.7	60.2	60.4	61.6	62.3	59.9	57.6	55.7	53.8	52.4	53.4	52.5	47.2	41.4	35.7	31.9	28.8	25.7
2018/02/08 15:24:22	69.9	41.4	41.4	61.1	61.1	67.6	67.6	68.7	68.7	69.8	68.6	64.5	59.4	63.4	61.1	58.7	60.7	61.3	62.0	62.7	59.2	57.9	56.9	54.7	53.9	55.0	52.2	47.6	42.5	37.6	32.1	28.5	25.1
2018/02/08 15:24:23	75.2	45.6	45.6	63.5	63.5	71.4	71.4	72.6	72.6	68.7	67.5	66.5	61.2	64.5	62.3	65.4	67.9	68.7	68.4	66.5	66.0	63.1	62.0	58.2	56.1	57.9	58.2	53.3	49.6	45.9	42.4	39.7	39.8
2018/02/08 15:24:24	86.5	45.2	45.2	61.6	61.6	74.9	74.9	77.6	77.6	78.3	81.0	79.8	71.6	75.0	72.7	71.3	78.0	81.9	77.4	74.3	74.2	74.0	76.4	73.4	71.9	73.6	72.4	67.5	63.2	59.8	58.8	58.3	52.1
2018/02/08 15:24:25	79.7	38.3	38.3	55.4	55.4	68.8	68.8	72.2	72.2	70.9	77.2	77.3	63.0	66.3	65.4	64.9	70.6	71.6	68.2	70.1	70.9	68.9	67.4	66.2	65.5	68.0	66.3	61.6	55.5	52.7	52.5	50.3	45.2
2018/02/08 15:24:26	74.1	37.4	37.4	54.5	54.5	65.5	65.5	71.3	71.3	69.7	64.2	63.8	59.1	63.9	62.5	61.5	64.9	66.3	64.2	62.7	64.6	64.0	61.8	61.9	61.3	61.8	60.6	54.8	50.1	46.4	45.5	44.5	40.8
2018/02/08 15:24:27	73.3	38.3	38.3	58.4	58.4	66.8	66.8	68.9	68.9	66.1	66.7	67.2	59.2	64.9	64.8	61.8	65.3	65.2	62.4	63.3	63.6	63.0	61.4	61.0	60.3	60.0	57.8	52.4	45.6	41.1	38.0	35.0	30.5
2018/02/08 15:24:28	71.4	39.9	39.9	57.9	57.9	67.7	67.7	67.7	67.7	63.4	66.8	66.3	57.1	63.3	67.4	58.8	63.6	64.0	60.4	62.0	62.1	60.3	58.0	56.8	56.5	57.0	54.9	48.7	42.7	36.3	31.8	28.6	24.9
2018/02/08 15:24:29	72.0	32.7	32.7	56.7	56.7	66.6	66.6	68.6	68.6	62.6	61.5	63.6	56.5	65.0	65.4	62.0	64.6	63.3	60.4	62.5	64.2	60.5	59.5	58.4	57.0	58.0	54.3	48.0	42.5	36.7	32.1	28.8	25.5
2018/02/08 15:24:30	74.3	39.4	39.4	58.4	58.4	70.3	70.3	72.7	72.7	67.2	61.7	63.9	57.1	65.9	73.3	63.3	69.0	66.5	63.8	63.9	65.7	61.8	58.7	57.7	56.1	57.5	54.4	47.8	41.8	36.6	31.8	29.7	25.5
2018/02/08 15:24:31	72.5	45.3	45.3	61.9	61.9	74.4	74.4	74.5	74.5	66.3	64.0	65.3	61.8	66.5	72.0	64.8	67.1	64.7	63.3	61.7	61.9	59.1	54.8	54.2	53.4	53.9	53.8	49.1	44.4	40.8	34.8	33.9	30.5
2018/02/08 15:24:32	78.5	47.0	47.0	64.2	64.2	77.4	77.4	78.1	78.1	71.9	69.4	68.2	65.3	69.3	70.3	65.3	71.6	71.3	68.8	68.8	70.7	67.0	66.8	63.4	60.0	63.4	63.0	56.4	53.2	51.5	48.2	46.6	47.3
2018/02/08 15:24:33	84.9	51.3	51.3	65.0	65.0	78.2	78.2	78.6	78.6	73.5	75.3	77.0	71.4	73.8	73.3	70.7	76.0	74.8	74.3	72.8	76.2	76.3	75.3	71.7	69.3	72.2	70.4	63.4	59.0	56.8	54.7	54.3	50.3
2018/02/08 15:24:34	77.8	51.8	51.8	64.9	64.9	79.5	79.5	80.2	80.2	71.1	71.8	72.4	70.2	71.3	68.5	64.3	69.2	68.5	66.4	66.9	70.3	68.8	65.8	63.3	61.6	64.3	60.1	54.6	49.2	44.5	42.3	40.7	34.8
2018/02/08 15:24:35	74.5	48.1	48.1	61.3	61.3	78.2	78.2	80.7	80.7	73.2	69.9	71.4	66.8	68.4	63.4	63.1	66.4	65.4	64.2	65.1	65.6	64.9	61.4	59.7	57.8	60.1	57.8	53.3	47.4	41.6	37.3	35.5	32.9
2018/02/08 15:24:36	76.6	44.8	44.8	59.5	59.5	76.2	76.2	79.1	79.1	72.3	68.7	71.5	69.8	70.2	65.5	66.2	69.0	70.0	66.9	65.8	66.0	66.3	65.2	62.4	61.0	61.2	60.4	58.8	52.3	48.0	43.7	42.2	40.2
2018/02/08 15:24:37	71.2	42.2	42.2	56.6	56.6	75.3	75.3	79.5	79.5	73.4	67.5	68.5	61.5	64.0	60.4	61.2	63.9	62.5	61.8	59.9	61.4	61.0	59.5	56.8	55.4	56.2	54.3	49.8	43.9	39.1	35.7	32.8	31.0
2018/02/08 15:24:38	71.7	36.0	36.0	54.9	54.9	68.2	68.2	73.4	73.4	71.9	65.7	65.4	62.4	64.3	63.0	64.6	65.1	64.2	64.1	62.2	61.2	60.4	57.7	55.3	54.0	56.1	53.8	50.7	46.7	42.5	38.3	35.7	34.1
2018/02/08 15:24:39	76.9	40.0	40.0	57.5	57.5	68.7	68.7	71.0	71.0	68.1	68.7	69.1	65.4	68.7	66.9	66.8	68.9	69.5	67.8	67.7	67.3	65.3	63.5	62.1	61.7	62.7	64.1	62.4	56.5	55.3	52.3	52.0	50.3
2018/02/08 15:24:40	80.6	40.5	40.5	61.7	61.7	71.7	71.7	72.7	72.7	70.9	70.2	74.3	69.9	74.6	70.5	70.8	72.8	74.7	71.7	69.5	70.0	69.2	67.8	66.5	65.9	66.1	65.1	63.7	59.3	56.9	53.6	52.1	51.0
2018/02/08 15:24:41	74.6	45.4	45.4	62.2	62.2	72.3	72.3	74.1	74.1	72.9	67.1	71.9	67.3	68.4	66.4	63.0	66.6	69.2	67.3	65.2	63.6	62.3	61.1	58.9	57.3	56.8	55.4	51.9	47.2	42.3	41.1	35.9	32.3
2018/02/08 15:24:42	69.8	38.2	38.2	58.8	58.8	70.0	70.0	71.7	71.7	66.9	65.1	68.5	67.8	62.8	60.3	59.0	61.6	63.0	60.5	60.6	59.2	59.5	56.5	54.3	53.1	52.8	51.5	48.3	43.1	37.8	36.1	29.7	27.2
2018/02/08 15:24:43	73.5	41.9	41.9	57.2	57.2	71.0	71.0	73.7	73.7	67.8	66.1	67.5	60.8	62.2	64.7	61.9	65.6	65.2	65.1	64.5	65.1	63.4	60.8	59.1	56.7	56.0	56.1	52.2	47.5	43.8	40.7	38.2	40.6
2018/02/08 15:24:44	68.4	41.9	41.9	56.5	56.5	69.8	69.8	71.7	71.7	65.0	61.2	61.4	54.7	60.1	60.5	57.7	60.3	58.9	58.9	59.7	59.7	59.1	55.9	54.3	51.5	52.3	51.1	46.9	41.0	38.2	32.7	29.7	31.5
2018/02/08 15:24:45	71.1	46.6	46.6	59.4	59.4	74.6	74.6	75.8	75.8	66.2	69.9	68.6	59.3	62.3	63.7	60.5	60.7	59.7	61.9	63.4	62.7	61.4	58.4	56.4	53.9	53.3	53.1	49.2	45.0	41.5	36.5	33.0	31.4
2018/02/08 15:24:46	73.8	44.9	44.9	62.6	62.6	75.8	75.8	76.2	76.2	68.7	71.0	68.7	61.3	65.6	69.2	65.1	64.0	63.3	62.5	66.2	66.1	63.9	60.3	57.9	56.1	54.9	54.5	51.0	47.3	43.8	43.1	39.9	36.9
2018/02/08 15:24:47	69.4	46.0	46.0	62.7	62.7	76.0	76.0	78.5	78.5	71.9	70.3	69.1	61.5	63.3	62.3	58.3	60.0	58.3	56.4	58.9	61.0	60.1	55.9	54.9	54.2	53.4	51.2	46.9	41.9	38.1	34.3	31.2	31.4
2018/02/08 15:24:48	69.5	43.7	43.7	58.9	58.9	74.3	74.3	78.9	78.9	74.6	73.8	72.3	58.0	60.7	61.3	57.5	58.9	58.6	57.1	58.6	60.3	59.4	56.3	55.2	54.3	54.4	51.5	47.2	42.1	36.2	31.6	28.5	34.9
2018/02/08 15:24:49	70.4	43.8	43.8	56.2	56.2	69.0	69.0	74.2	74.2	69.8	64.5	64.8	58.1	61.6	62.0	59.5	60.0	61.1	62.0	62.0	61.7	61.0	57.2	54.9	53.3	54.0	52.8	49.4	44.4	39.5	35.8	33.9	31.0
2018/02/08 15:24:50	72.5	43.8	43.8	59.3	59.3	69.0	69.0	73.5	73.5	70.1	63.7	65.2	57.7	62.4	62.2	59.9	62.3	64.0	64.6	63.7	64.7	62.5	60.0	58.3	56.1	55.2	54.4	50.0	45.3	41.5	39.4	37.2	33.2
2018/02/08 15:24:51	73.8	44.8	44.8	66.9	66.9	76.7	76.7	77.0	77.0	71.1	65.9	65.6	58.6	65.1	63.8	62.8	64.7	66.0	64.7	65.0	64.5	65.0	61.3	59.4	57.7	57.7	56.2	51.6	46.7	42.9	39.9	37.3	35.0
2018/02/08 15:24:52	76.9	47.4	47.4	66.9	66.9	76.3	76.3	79.7	79.7	76.6	70.4	71.4	63.9	68.0	67.9	66.6	69.4	67.0	69.9	67.4	66.8	66.7	64.5	61.7	60.4	60.5	62.5	57.6	52.8	50.6	45.4	44.1	42.7
2018/02/08 15:24:53	75.2	40.2	40.2	61.2	61.2	72.7	72.7	75.4	75.4	68.6	62.6	65.5	61.3	64.2	63.8	62.3	65.3	65.8	67.0	66.5	66.7	66.2	63.1	60.2	59.4	60.1	60.1	53.6	48.0	45.6	43.7	39.9	36.5
2018/02/08 15:24:54	70.4	41.0	41.0	61.8	61.8	71.6	71.6	72.3	72.3	66.6	61.3	63.0	58.5	62.1	61.0	58.5	62.2	60.8	61.1	61.1	61.5	61.1	58.7	56.0	54.4	55.1	54.1	50.0	46.5	40.6	35.9	32.6	31.2
2018/02/08 15:24:55	72.5	41.4	41.4	62.5	62.5	71.0	71.0	71.9	71.9	67.5	64.4	65.4	61.6	65.1	65.0	62.5	64.5	63.5	63.3	63.1	63.4	62.8	60.2	57.5	55.9	56.9	56.7	53.0	49.5	45.3	40.9	38.4	36.3
2018/02/08 15:24:56	72.4	41.8	41.8	59.5	59.5	72.2	72.2	74.6	74.6	69.2	62.0	65.1	59.7	63.7	66.2	60.9	63.7	64.3	62.0	63.9	63.6	62.8	59.6	57.4	55.1	55.7	55.1	52.0	47.1	43.6	40.1	37.0	34.5
2018/02/08 15:24:57	70.2	42.9	42.9	57.1	57.1	72.0	72.0	74.3	74.3	66.6	63.9	63.6	58.3	60.3	60.7	57.6	62.3	62.5	60.8	62.1	61.0	60.5	56.7	54.5	54.4	53.5	53.6	50.2	46.4	42.3	36.6	34.5	32.0
2018/02/08 15:24:58	72.8	41.6	41.6	58.5	58.5	71.2	71.2	73.5	73.5	66.9	64.0	63.6	58.3	62.8	63.5	62.4	63.4	63.7	63.3	65.6	64.5	64.0	59.4	55.6	55.5	54.7	54.9	52.9	48.7	42.2	37.4	36.5	33.0
2018/02/08 15:24:59	74.9	42.9	42.9	62.6	62.6	72.2	72.2	71.9	71.9	65.4	65.2	63.6	59.4	65.9	64.1	62.8	65.4	64.6	64.2	66.8	68.1	64.7	62.5	60.8	60.6	58.5	58.2	56.3	50.2	45.2	42.4	40.7	36.7
2018/02/08 15:25:00	73.6	40.3	40.3	56.0	56.0	65.6	65.6	68.1	68.1	65.0	61.5	64.6	59.8	63.4	63.1	60.0	64.2	64.4	62.8	65.2	65.8	64.7	61.2	59.3	58.4	57.4	58.1	55.7	50.7	45.9	43.6	42.0	40.9
2018/02/08 15:25:01	74.0	42.6	42.6	56.9	56.9	70.6	70.6	72.6	72.6	67.0	64.7	64.2	59.5	65.4	65.0	64.0	64.0	64.6	63.1	64.0	65.4	64.9	62.0	62.3	59.8	58.9	58.3	55.4	49.7	45.8	44.2	42.7	41.0
2018/02/08 15:25:02	72.9	38.2	38.2	55.8	55.8	67.7	67.7	74.8	74.8	72.4	63.4	66.4	61.5	68.2	64.6	61.6	61.8	63.3	63.4	63.5	64.8	63.0	60.0	59.5	58.0	57.3	56.4	52.5	47.0	41.9	39.5	38.8	37.2
2018/02/08 15:25:03	75.0	41.8	41.8	59.6	59.6	64.1	64.1	66.9	66.9	68.2	63.7	63.7	58.6	66.1	65.6	63.6	63.6	63.7	63.2	65.9	66.7	65.4	63.6	61.4	60.3	60.3	62.2	60.4	59.2	56.3	51.7	48.9	47.6
2018/02/08 15:25:04	71.8	31.9	31.9	51.2	51.2	59.1	59.1	60.4	60.4	60.4	61.3	61.7	56.4	62.7	62.6	60.9	59.8	58.9	59.9	59.8	64.8	62.0	58.3	57.6	56.4	57.7	60.4	59.1	56.9	54.0	48.3	47.3	46.4
2018/02/08 15:25:05	73.0	34.5	34.5	64.5	64.5	71.0	71.0	66.6	66.6	65.3	65.7	66.2	61.7	65.9	65.9	65.2	65.5	64.3	63.7	62.0	66.7	61.4	58.2	57.1	54.2	54.6	56.2	52.4	48.3	42.9	39.4	38.4	35.7
2018/02/08 15:25:06	76.0	33.5	33.5	56.5	56.5	65.5	65.5	65.3	65.3	61.9	63.7	64.5	59.9	63.7	66.1	65.5	69.3	66.0	67.9	69.5	67.2	65.8	62.3	59.8	57.4	57.4	58.5	53.3	48.3	45.0	40.8	38.0	36.6
2018/02/08 15:25:07	72.9	38.8	38.8	59.4	59.4	68.5	68.5	67.4	67.4	62.8	59.6	61.4	57.1	60.0	60.4	61.4	63.8	63.4	63.3	64.2	66.0	64.6	59.6	58.7	55.4	54.1	53.2	48.3	42.5	38.7	34.5	32.0	30.3
2018/02/08 15:25:08	77.0	54.0	54.0	72.0	72.0	82.3	82.3	80.1	80.1	68.2	67.4	69.8	68.5	67.9	66.4	64.3	67.3	68.9	68.6	69.0	67.5	66.3	63.2	60.8	61.2	62.2	64.0	59.6	56.5	52.7	50.3	49.7	47.8
2018/02/08 15:25:09	74.1	43.3	43.3	60.1	60.1	69.5	69.5	68.1	68.1	64.8	64.3	66.4	62.1	64.3	63.4	63.4	64.2	64.4	65.0	64.6	66.1	66.3	62.2	59.0	56.3	56.0	57.1	52.3	48.6	43.7	40.8	37.9	36.1
2018/02/08 15:25:10	73.0	42.9	42.9	59.7	59.7	70.0	70.0	68.6	68.6	63.0	63.8	63.0	57.3	63.1	64.7	63.5	63.1	62.7	63.1	63.6	65.2	64.3	62.0	58.6	56.3	55.8	55.3	51.7	48.1	44.2	40.3	37.1	41.6
2018/02/08 15:25:11	70.6	36.8	36.8	55.6	55.6	65.3	65.3	64.0	64.0	59.2	57.8	62.0	55.3	59.9	59.7	58.6	58.9	58.7	60.0	60.8	65.0	62.9	57.8	55.5	53.1	51.9	49.5	44.3	39.2	35.7	32.2	28.6	27.9
2018/02/08 15:25:12	69.2	38.8	38.8	53.7	53.7	64.2	64.2	67.5	67.5	65.4	62.4	63.4	58.5	61.3	60.4	56.1	58.2	57.2	59.0	58.9	63.0	61.2	57.1	53.1	51.2	50.5	50.3	46.2	43.1	40.3	37.2	36.0	31.9
2018/02/08 15:25:13	72.7	39.3	39.3	57.3	57.3	67.0	67.0	66.2	66.2	64.4	63.7	61.4	55.1	62.2	61.9	57.7	61.0	62.2	62.6	65.6	66.6	63.7	60.2	55.9	53.8	52.9	53.9	51.4	47.0	43.5	40.4	40.2	34.3
2018/02/08 15:25:14	71.8	38.8	38.8	58.6	58.6	68.0	68.0	66.6	66.6	62.1	59.6	60.0	57.2	60.8	61.5	56.6	61.0	61.9	61.4	64.4	64.6	62.9	59.9	57.8	53.8	53.3	53.6	49.8	44.1	39.2	35.8	33.1	29.5
2018/02/08 15:25:15	68.6	34.9	34.9	53.1	53.1	61.0	61.0	61.6	61.6	59.2	55.6	58.7	53.1	57.2	56.6	54.4	58.7	58.4	60.8	59.8	61.9	60.2	55.6	52.5	50.3	50.0	49.7	46.0	41.1	37.4	33.8	32.7	31.4
2018/02/08 15:25:16	72.2	39.7	39.7	56.6	56.6	62.2	62.2	64.9	64.9	64.7	59.2	62.5	55.1	61.8	60.3	59.0	62.1	60.5	64.0	65.5	65.1	62.3	58.9	56.1	54.0	53.4	52.8	51.0	47.6	46.1	43.0	42.4	40.1
2018/02/08 15:25:17	68.3	38.8	38.8	55.8	55.8	64.5	64.5	66.9	66.9	66.2	62.5	63.2	57.7	60.0	58.2	56.1	58.6	57.1	56.4	60.4	61.5	58.3	55.7	54.5	52.9	52.0	50.0	46.2	41.8	36.3	34.3	34.6	39.3
2018/02/08 15:25:18	65.8	40.0	40.0	54.6	54.6	63.3	63.3	64.0	64.0	62.5	58.8	62.1	55.1	56.3	54.1	52.7	53.3	52.1	54.3	55.7	58.9	56.2	55.2	52.5	51.4	51.7	50.8	46.5	41.1	36.1	32.1	30.4	29.2
2018/02/08 15:25:19	66.5	34.4	34.4	54.8	54.8	62.4	62.4	63.6	63.6	62.0	55.8	56.8	50.9	57.9	54.0	51.5	54.4	53.6	55.9	59.1	58.5	57.7	55.2	52.4	51.6	51.5	50.9	46.7	41.7	43.2	35.1	27.4	25.1
2018/02/08 15:25:20	64.8	38.3	38.3	56.2	56.2	62.3	62.3	62.2	62.2	60.1	56.0	56.9	55.0	60.1	53.3	50.9	52.9	53.9	53.5	56.2	56.9	54.9	52.9	50.8	50.3	50.4	50.6	45.6	47.7	35.8	29.6	28.4	26.1
2018/02/08 15:25:21	63.2	33.7	33.7	53.4	53.4	61.3	61.3	62.1	62.1	59.2	54.2	52.6	49.8	55.5	50.8	48.7	51.5	52.7	50.9	52.6	56.0	54.0	52.0	50.5	49.0	48.9	49.5	43.7	37.0	31.5	28.8	26.2	23.7
2018/02/08 15:25:22	63.8	35.5	35.5	54.2	54.2	62.5	62.5	60.4	60.4	56.5	52.1	53.9	48.9	54.3	50.4	50.1	52.6	54.6	52.8	51.6	56.1	54.4	52.1	50.8	51.1	50.7	51.6	45.7	38.9	34.5	31.3	27.8	25.2
2018/02/08 15:25:23	66.4	36.4	36.4	55.3	55.3	64.6	64.6	62.7	62.7	56.9	53.2	57.2	53.7	56.3	51.2	52.4	56.3	58.9	56.2	53.5	57.7	55.8	54.5	53.9	54.1	54.1	53.7	49.8	43.0	38.1	35.3	32.4	29.7
2018/02/08 15:25:24	66.3	34.6	34.6	56.8	56.8	64.0	64.0	61.2	61.2	55.9	55.8	55.8	53.2	59.3	52.6	52.9	54.2	55.1	57.6	55.7	57.3	55.6	54.5	53.6	53.7	54.7	53.7	49.6	43.4	38.9	35.6	33.3	30.6
2018/02/08 15:25:25	65.7	33.9	33.9	54.9	54.9	61.7	61.7	60.0	60.0	55.9	55.0	55.2	49.9	57.6	50.2	53.2	53.6	55.8	56.0	54.0	57.2	56.2	55.2	53.5	52.2	52.7	52.1	47.3	40.5	39.5	31.3	28.4	26.9
2018/02/08 15:25:26	67.1	38.7	38.7	56.7	56.7	66.2	66.2	67.3	67.3	63.8	65.0	65.7	56.6	66.3	58.9	58.6	58.1	56.9	57.3	56.1	56.3	55.3	54.2	53.0	52.6	53.2	52.5	47.7	41.4	36.1	32.0	29.3	27.3
2018/02/08 15:25:27	67.7	41.5	41.5	59.7	59.7	69.2	69.2	71.7	71.7	71.6	69.5	70.3	60.2	64.8	59.7	56.6	55.0	55.5	56.2	56.7	57.7	56.8	56.4	53.7	52.5	52.6	52.6	47.6	40.9	36.5	33.5	31.3	28.5
2018/02/08 15:25:28	66.1	35.0	35.0	53.8	53.8	61.9	61.9	62.3	62.3	62.8	60.5	60.0	55.6	57.5	54.6	52.6	55.6	54.6	54.4	57.9	57.3	56.2	55.8	53.6	51.9	51.5	50.8	46.2	40.3	35.9	34.1	31.8	31.0
2018/02/08 15:25:29	65.5	34.0	34.0	53.2	53.2	62.0	62.0	63.2	63.2	58.7	54.6	56.6	53.2	58.6	55.2	53.8	58.0	55.3	55.8	58.2	55.6	54.6	53.5	51.5	50.4	50.9	51.2	45.9	39.5	34.5	31.2	28.8	26.4
2018/02/08 15:25:30	66.9	36.9	36.9	55.8	55.8	64.8	64.8	65.4	65.4	61.9	56.9	57.2	55.5	60.6	58.7	56.5	58.7	57.8	57.5	59.2	57.2	56.0	54.1	52.5	51.3	52.2	51.8	47.2	41.2	35.9	32.2	30.2	28.9
2018/02/08 15:25:31	64.3	33.5	33.5	55.4	55.4	63.5	63.5	60.6	60.6	57.0	53.9	56.4	54.4	56.3	53.6	54.1	56.2	55.7	53.7	55.3	54.8	53.3	50.8	49.1	47.4	50.0	51.1	46.4	38.7	34.9	56.5	27.6	26.0
2018/02/08 15:25:32	65.1	33.2	33.2	56.8	56.8	62.9	62.9	62.3	62.3	66.6	61.8	58.9	58.9	57.6	54.5	53.4	57.4	56.6	55.3	54.3	55.2	54.0	51.2	49.5	49.7	52.5	52.9	52.0	43.5	38.9	46.0	30.5	28.3
2018/02/08 15:25:33	66.7	32.4	32.4	56.2	56.2	62.2	62.2	65.7	65.7	69.3	60.8	58.4	55.4	59.8	56.0	55.1	58.5	57.3	56.2	56.2	55.1	55.5	51.7	53.1	52.4	56.7	55.3	53.4	45.4	41.5	42.7	34.5	31.5
2018/02/08 15:25:34	62.3	30.4	30.4	51.0	51.0	59.3	59.3	61.4	61.4	59.2	55.1	57.4	51.9	53.7	54.2	51.4	55.3	52.7	52.6	52.5	52.2	50.9	48.6	46.9	46.6	49.6	51.3	46.2	38.9	35.2	37.2	28.4	26.5
2018/02/08 15:25:35	63.3	33.7	33.7	49.3	49.3	58.5	58.5	62.7	62.7	61.5	58.0	58.8	51.3	57.3	52.7	51.3	54.4	52.1	53.8	54.2	52.1	51.2	48.8	47.8	48.7	51.8	53.0	48.7	42.7	38.7	50.2	34.1	32.7
2018/02/08 15:25:36	61.1	29.5	29.5	49.7	49.7	58.9	58.9	61.0	61.0	60.0	59.0	57.2	52.2	56.1	52.2	50.6	52.1	52.6	50.3	50.9	51.4	49.9	47.3	45.1	46.1	48.1	49.3	45.5	39.0	34.5	41.5	34.3	37.1
2018/02/08 15:25:37	61.2	31.7	31.7	50.4	50.4	59.4	59.4	60.9	60.9	57.4	53.8	55.1	54.7	58.8	50.9	51.6	52.8	53.1	51.6	50.7	49.3	49.8	47.6	44.5	45.4	47.6	50.1	46.7	39.4	34.5	31.3	34.3	40.6
2018/02/08 15:25:38	61.4	29.2	29.2	48.9	48.9	57.2	57.2	61.4	61.4	61.8	56.6	62.5	59.3	59.8	52.0	48.5	51.3	51.9	50.9	51.2	50.1	48.7	45.9	45.0	45.7	48.2	50.7	45.8	39.5	35.4	32.4	33.9	42.3
2018/02/08 15:25:39	60.7	31.7	31.7	50.5	50.5	58.6	58.6	61.5	61.5	61.0	55.2	57.5	55.4	55.6	51.1	49.4	51.6	52.4	52.0	52.0	48.8	48.8	45.7	43.6	44.4	46.9	49.9	45.1	37.0	32.8	30.1	27.7	27.4
2018/02/08 15:25:40	61.7	30.7	30.7	51.8	51.8	58.9	58.9	59.8	59.8	58.6	56.6	56.7	51.4	53.5	52.3	51.2	53.9	52.3	51.9	53.9	49.0	51.2	46.2	44.7	45.4	48.6	51.5	46.8	38.5	34.1	30.4	27.8	27.1
2018/02/08 15:25:41	63.0	29.8	29.8	52.5	52.5	60.4	60.4	62.3	62.3	59.3	55.6	60.7	54.2	57.1	50.2	50.3	54.2	52.9	53.6	55.9	51.2	52.6	48.0	45.6	48.2	49.7	51.3	47.4	39.0	33.8	30.2	46.0	26.5
2018/02/08 15:25:42	61.6	31.6	31.6	52.4	52.4	60.8	60.8	62.3	62.3	59.1	56.5	59.9	50.9	52.8	51.3	49.7	52.9	51.2	52.2	54.0	49.8	52.5	46.8	44.4	47.0	47.6	49.0	46.4	38.9	32.9	29.3	46.1	24.6
2018/02/08 15:25:43	61.2	31.9	31.9	51.2	51.2	59.7	59.7	61.7	61.7	57.9	55.0	59.3	50.7	52.2	50.1	48.8	52.4	51.2	50.2	52.6	50.1	52.7	45.9	44.1	45.6	48.5	50.5	45.2	37.3	32.8	30.3	44.1	25.5
2018/02/08 15:25:44	61.1	29.1	29.1	50.4	50.4	57.8	57.8	59.4	59.4	56.1	51.5	57.5	49.2	50.9	49.3	48.9	53.5	52.3	51.5	51.2	48.2	50.3	46.5	44.8	45.8	49.5	52.2	47.0	38.0	33.7	31.0	34.9	26.6
2018/02/08 15:25:45	60.8	28.3	28.3	49.5	49.5	55.7	55.7	57.3	57.3	54.2	50.7	56.4	50.5	50.4	49.6	47.7	53.9	51.3	50.9	49.8	47.7	49.2	46.0	45.8	46.2	50.4	52.2	46.9	38.8	35.0	31.9	29.2	28.3
2018/02/08 15:25:46	60.5	27.3	27.3	48.2	48.2	54.9	54.9	57.1	57.1	54.2	51.5	54.8	49.8	50.9	48.8	47.1	52.3	51.9	50.5	49.0	47.4	48.5	45.1	46.2	47.9	50.2	51.7	46.2	39.2	35.8	32.2	29.9	30.4
2018/02/08 15:25:47	59.1	30.8	30.8	50.7	50.7	57.2	57.2	57.8	57.8	55.5	53.7	53.7	49.1	50.2	48.3	47.7	51.0	48.6	47.4	48.5	46.6	48.0	43.7	44.8	47.1	49.0	49.5	44.7	37.3	34.1	30.0	27.5	27.2
2018/02/08 15:25:48	57.8	31.2	31.2	49.8	49.8	56.6	56.6	58.9	58.9	57.0	51.0	52.5	49.2	49.8	47.1	45.6	50.2	48.0	45.5	46.8	45.9	46.6	42.9	43.4	45.2	47.4	48.3	43.4	36.4	32.7	29.9	26.9	25.6
2018/02/08 15:25:49	59.1	29.2	29.2	51.6	51.6	58.1	58.1	58.0	58.0	54.0	52.7	53.8	50.6	51.3	47.3	46.7	50.0	51.0	47.3	48.8	46.9	46.8	45.3	44.4	44.9	48.6	50.7	44.7	36.9	32.8	30.4	27.2	25.7
2018/02/08 15:25:50	60.4	29.7	29.7	51.1	51.1	58.2	58.2	57.6	57.6	54.4	52.8	54.0	49.4	50.0	49.0	47.5	53.4	51.9	50.4	49.5	47.2	47.4	45.8	44.6	45.8	50.1	51.8	47.1	37.2	33.5	30.4	28.1	26.6
2018/02/08 15:25:51	60.4	30.1	30.1	48.9	48.9	55.9	55.9	57.5	57.5	53.5	50.3	52.5	47.6	50.7	47.2	48.8	52.8	51.3	52.0	49.6	47.2	47.1	46.2	45.0	46.6	50.0	51.7	47.0	37.5	34.1	30.2	28.5	26.9
2018/02/08 15:25:52	60.7	27.4	27.4	49.7	49.7	57.3	57.3	58.8	58.8	54.2	52.2	53.9	48.6	51.1	47.3	48.7	53.6	52.0	51.2	50.4	47.8	47.1	46.2	45.4	46.2	49.6	52.6	47.3	37.5	33.8	30.1	28.8	28.6
2018/02/08 15:25:53	60.0	29.2	29.2	50.7	50.7	58.1	58.1	58.9	58.9	55.8	49.9	52.7	47.6	49.4	45.6	47.6	52.1	49.9	49.6	49.8	46.8	47.3	45.5	44.9	45.3	49.5	52.5	47.1	37.0	33.4	30.2	28.2	28.0
2018/02/08 15:25:54	60.5	26.5	26.5	48.6	48.6	56.0	56.0	58.6	58.6	56.2	52.3	54.5	48.4	50.2	47.3	47.8	54.2	51.3	50.4	50.4	48.0	48.6	45.9	45.7	45.8	48.8	51.8	46.4	37.0	33.1	30.0	28.0	26.1
2018/02/08 15:25:55	61.9	30.8	30.8	50.4	50.4	58.3	58.3	60.1	60.1	56.3	53.5	54.5	46.8	50.5	47.8	48.0	54.1	50.7	52.1	52.6	50.5	50.2	48.9	47.3	48.9	50.6	52.4	47.3	38.2	34.4	30.1	28.2	26.4
2018/02/08 15:25:56	60.9	30.6	30.6	49.3	49.3	58.6	58.6	61.2	61.2	57.5	54.0	53.9	48.7	50.3	46.3	47.1	52.4	51.6	50.6	51.6	48.9	50.5	45.8	45.9	45.8	49.7	52.3	46.8	37.6	33.3	30.0	28.0	26.1
2018/02/08 15:25:57	60.5	28.4	28.4	51.3	51.3	59.7	59.7	61.1	61.1	55.5	51.3	51.7	48.8	50.0	47.7	46.8	53.5	51.9	50.7	51.2	46.7	46.9	46.1	45.2	44.9	49.5	52.2	46.6	37.7	33.1	30.1	28.0	26.2
2018/02/08 15:25:58	59.9	27.9	27.9	49.6	49.6	56.1	56.1	58.5	58.5	54.7	51.6	53.2	48.0	50.8	48.7	46.4	52.7	51.6	50.3	49.3	46.4	46.5	45.0	44.1	44.8	48.7	52.1	46.3	36.8	33.0	29.9	28.1	26.3
2018/02/08 15:25:59	59.5	30.5	30.5	48.9	48.9	58.3	58.3	60.2	60.2	54.6	52.0	52.3	47.8	50.4	46.4	46.5	53.2	50.4	50.5	48.6	44.7	45.9	44.5	43.5	43.9	48.9	51.8	46.4	37.2	32.9	30.1	27.6	26.1
2018/02/08 15:26:00	59.4	31.6	31.6	51.0	51.0	58.3	58.3	59.0	59.0	54.6	50.4	52.7	46.6	47.6	46.3	46.4	52.6	50.4	50.1	48.4	45.9	45.6	44.0	43.7	44.3	48.7	51.7	46.4	37.3	33.5	29.8	28.2	26.4
2018/02/08 15:26:01	59.5	30.1	30.1	49.8	49.8	56.4	56.4	59.1	59.1	56.8	53.3	53.4	48.4	49.9	46.3	46.0	52.6	50.6	49.9	48.8	45.8	45.3	43.9	43.9	44.4	48.8	51.9	46.3	37.0	33.2	29.9	28.2	26.3
2018/02/08 15:26:02	59.5	31.4	31.4	50.4	50.4	59.4	59.4	60.6	60.6	56.2	53.5	55.0	48.7	51.1	47.6	47.4	52.9	50.8	49.7	48.9	44.9	46.0	44.3	44.0	44.6	48.9	51.2	46.5	37.2	33.2	29.8	28.3	26.3
2018/02/08 15:26:03	59.4	34.3	34.3	52.6	52.6	59.5	59.5	61.8	61.8	59.6	55.6	55.6	49.0	50.3	48.4	48.0	52.5	50.1	50.0	47.7	45.1	45.6	44.2	43.7	44.5	48.5	51.1	46.7	36.7	33.4	29.8	28.2	26.1
2018/02/08 15:26:04	59.8	32.0	32.0	52.1	52.1	60.6	60.6	61.2	61.2	58.5	59.4	58.4	51.6	50.9	47.9	48.0	53.2	50.4	49.5	48.9	45.5	46.4	44.6	43.7	44.7	48.9	51.3	46.3	37.1	33.7	29.8	28.4	26.2
2018/02/08 15:26:05	60.7	36.0	36.0	52.7	52.7	61.6	61.6	62.7	62.7	59.4	57.5	58.7	51.6	54.4	52.2	48.9	54.3	50.7	49.6	49.0	47.2	47.9	46.3	46.1	46.2	49.7	51.4	46.8	38.3	34.3	30.9	28.8	26.8
2018/02/08 15:26:06	62.1	31.0	31.0	52.2	52.2	60.6	60.6	61.8	61.8	59.4	58.3	58.3	49.0	54.6	54.4	49.1	54.5	53.0	50.6	51.5	50.8	50.3	47.8	48.1	49.3	50.6	51.8	47.7	39.6	37.5	32.6	30.7	30.4
2018/02/08 15:26:07	63.0	35.1	35.1	53.8	53.8	64.1	64.1	65.7	65.7	61.4	58.6	61.2	54.1	57.0	56.4	51.0	54.6	53.8	51.7	51.3	52.3	51.6	49.0	48.5	50.3	51.1	51.8	47.8	41.2	37.6	32.1	30.2	28.5
2018/02/08 15:26:08	63.2	32.8	32.8	52.5	52.5	59.6	59.6	62.5	62.5	62.8	58.1	60.3	53.7	59.6	56.7	51.8	55.9	52.8	52.0	53.2	52.5	50.7	49.0	48.5	49.2	51.2	51.8	47.1	40.9	36.4	32.3	29.5	28.0
2018/02/08 15:26:09	66.4	35.1	35.1	52.8	52.8	60.6	60.6	67.0	67.0	67.5	59.5	59.5	53.9	59.1	59.2	57.3	61.3	56.6	55.4	55.0	55.1	54.5	52.2	50.9	51.7	53.8	55.4	51.1	44.0	42.2	39.1	33.1	31.7
2018/02/08 15:26:10	70.7	34.8	34.8	55.2	55.2	62.7	62.7	66.3	66.3	67.6	62.8	66.3	61.9	66.7	65.7	58.6	62.8	61.1	59.4	57.4	58.2	57.9	54.7	55.0	56.3	60.0	61.9	56.1	51.3	53.5	48.7	44.9	44.7
2018/02/08 15:26:11	70.4	41.3	41.3	54.7	54.7	64.2	64.2	67.0	67.0	64.4	64.4	64.8	57.9	62.2	63.5	61.3	62.5	61.1	58.9	60.8	61.0	58.7	55.4	54.3	55.5	58.1	59.8	56.2	48.4	46.2	41.3	36.6	34.5
2018/02/08 15:26:12	71.7	39.4	39.4	57.8	57.8	66.1	66.1	66.8	66.8	67.0	63.3	68.6	62.6	63.8	64.3	61.4	62.4	60.8	60.3	61.7	62.4	60.0	57.5	57.8	57.4	60.0	60.5	58.2	50.8	48.3	43.6	41.0	38.5
2018/02/08 15:26:13	68.6	37.7	37.7	58.3	58.3	67.3	67.3	67.6	67.6	70.2	68.4	66.0	59.4	60.8	61.1	59.1	60.5	58.2	55.9	58.3	58.4	57.5	55.7	55.5	55.4	55.7	55.2	50.6	44.0	40.6	36.5	34.5	31.1
2018/02/08 15:26:14	69.3	41.1	41.1	56.0	56.0	67.1	67.1	67.8	67.8	61.7	63.9	62.0	56.6	60.8	59.5	58.4	62.8	59.9	58.4	59.2	59.1	58.7	55.9	55.6	56.0	57.7	56.0	53.2	44.7	39.7	35.6	30.6	28.0
2018/02/08 15:26:15	72.9	37.5	37.5	55.8	55.8	65.6	65.6	67.4	67.4	67.0	64.3	64.3	63.3	66.5	58.7	61.4	69.5	63.7	62.2	62.6	60.7	60.2	58.7	57.1	58.5	60.8	61.4	57.2	50.0	44.1	39.1	34.9	35.7
2018/02/08 15:26:16	73.0	35.7	35.7	55.6	55.6	62.6	62.6	65.8	65.8	68.1	67.6	64.2	63.3	66.6	61.1	62.7	67.0	62.1	61.9	62.1	60.6	60.3	58.9	58.8	59.8	62.3	63.8	59.1	52.1	46.5	42.3	39.3	38.1
2018/02/08 15:26:17	70.4	42.1	42.1	60.4	60.4	66.3	66.3	65.6	65.6	66.9	67.5	67.1	59.6	62.0	62.9	61.0	62.3	60.8	60.3	61.2	59.4	58.2	58.0	56.4	56.9	57.9	57.8	55.1	47.8	42.1	37.0	33.0	29.7
2018/02/08 15:26:18	70.2	37.8	37.8	59.0	59.0	65.9	65.9	63.9	63.9	61.0	57.6	59.8	57.8	60.8	59.0	59.2	60.2	59.3	57.8	60.0	59.5	59.9	57.9	55.3	56.3	59.0	61.2	57.4	49.7	43.2	38.5	34.9	32.4
2018/02/08 15:26:19	70.0	34.2	34.2	55.8	55.8	63.5	63.5	63.8	63.8	60.2	58.3	61.5	56.3	61.8	60.7	60.2	59.8	58.2	56.4	60.1	59.5	60.5	57.9	55.8	56.3	58.6	59.8	56.2	49.2	41.6	36.7	34.8	31.6
2018/02/08 15:26:20	68.3	35.8	35.8	57.5	57.5	65.8	65.8	64.3	64.3	60.8	58.3	60.0	54.0	58.1	57.8	56.1	57.7	59.3	59.3	59.3	57.8	58.2	56.1	54.1	54.6	56.6	55.9	51.5	44.6	39.9	36.1	33.3	32.6
2018/02/08 15:26:21	68.0	37.4	37.4	57.6	57.6	63.9	63.9	63.4	63.4	63.6	60.5	60.2	53.6	58.8	58.8	57.2	60.3	59.1	57.1	58.8	57.3	55.9	55.2	54.3	55.2	56.8	55.6	50.8	44.6	38.9	35.1	33.1	30.6
2018/02/08 15:26:22	68.8	38.0	38.0	57.9	57.9	66.1	66.1	64.5	64.5	61.2	59.4	61.6	52.9	58.5	57.0	56.3	58.8	57.5	56.5	58.4	57.0	57.0	55.1	53.1	55.5	61.7	59.2	51.3	46.9	37.9	33.7	30.0	27.3
2018/02/08 15:26:23	73.3	45.3	45.3	64.2	64.2	73.8	73.8	71.3	71.3	64.7	64.8	63.2	55.1	63.8	61.1	57.8	61.3	61.1	60.2	60.7	60.8	60.4	59.3	57.0	61.5	66.8	65.2	57.0	53.4	47.7	42.3	38.7	36.6
2018/02/08 15:26:24	71.4	39.8	39.8	59.5	59.5	68.9	68.9	68.5	68.5	66.6	64.9	61.3	55.9	61.5	59.7	57.5	61.4	60.1	59.4	59.7	61.9	60.5	57.7	56.0	58.3	63.9	59.7	54.9	49.7	42.8	38.5	35.2	32.7
2018/02/08 15:26:25	71.1	42.4	42.4	59.3	59.3	65.9	65.9	64.8	64.8	61.2	60.7	61.8	56.7	62.8	61.9	60.3	63.1	61.0	61.7	62.8	61.7	59.2	56.8	56.4	56.4	59.2	59.8	54.1	48.2	41.5	35.5	34.1	31.0
2018/02/08 15:26:26	68.2	36.9	36.9	58.2	58.2	66.2	66.2	65.2	65.2	61.6	59.6	61.2	57.9	58.6	59.9	58.2	60.9	58.4	58.5	59.1	58.3	57.3	55.0	53.5	54.3	55.8	55.2	50.8	44.6	37.6	33.3	29.4	26.8
2018/02/08 15:26:27	72.8	46.2	46.2	69.7	69.7	77.4	77.4	73.2	73.2	63.7	62.3	67.6	56.0	63.1	61.3	61.5	62.0	62.2	64.7	66.9	62.4	62.4	59.0	56.2	57.2	58.2	58.7	54.2	48.2	43.0	38.1	33.3	32.4
2018/02/08 15:26:28	71.9	38.1	38.1	61.1	61.1	70.1	70.1	72.0	72.0	67.7	62.5	66.7	58.5	62.1	63.0	60.2	63.3	62.5	62.0	65.2	63.4	61.6	57.5	55.6	55.5	56.9	56.2	51.9	45.5	39.6	34.9	31.4	30.6
2018/02/08 15:26:29	73.1	38.5	38.5	58.0	58.0	68.0	68.0	71.1	71.1	67.8	64.8	65.7	60.6	63.9	64.6	65.0	65.0	64.3	64.3	64.6	63.8	63.1	59.3	56.8	56.5	57.6	57.6	54.1	47.6	43.7	46.1	40.2	31.7
2018/02/08 15:26:30	70.5	36.8	36.8	56.8	56.8	68.2	68.2	71.5	71.5	67.9	67.7	70.3	62.5	63.1	63.8	62.5	64.0	63.9	59.3	59.5	60.3	59.7	56.0	53.9	54.4	56.3	54.0	49.4	42.4	36.7	33.5	33.7	27.1
2018/02/08 15:26:31	72.8	38.0	38.0	56.8	56.8	68.2	68.2	71.4	71.4	69.8	70.7	72.3	66.0	65.5	64.8	62.4	65.3	65.5	61.9	62.9	61.0	60.8	60.3	58.4	58.4	59.7	58.8	56.4	47.0	41.1	36.1	33.0	30.5
2018/02/08 15:26:32	76.1	40.6	40.6	58.7	58.7	68.2	68.2	72.0	72.0	70.6	68.5	71.2	65.4	66.7	66.5	62.5	66.6	68.4	66.2	67.0	65.1	65.2	63.9	62.5	62.7	64.0	62.4	58.4	51.5	47.5	42.5	38.7	35.5
2018/02/08 15:26:33	72.2	39.7	39.7	55.1	55.1	65.4	65.4	73.0	73.0	71.1	64.4	69.2	62.8	64.9	66.9	62.7	63.0	63.3	61.8	63.1	61.2	60.9	60.1	58.1	57.9	57.9	57.0	57.3	50.5	41.0	36.5	31.4	28.9
2018/02/08 15:26:34	72.9	40.7	40.7	57.2	57.2	67.7	67.7	73.2	73.2	70.8	63.7	65.7	59.8	63.9	66.0	63.4	64.3	63.0	63.3	64.2	63.4	62.9	61.5	58.9	57.3	57.2	57.8	54.0	47.1	42.2	38.2	35.0	32.7
2018/02/08 15:26:35	70.5	38.7	38.7	57.2	57.2	66.7	66.7	70.6	70.6	68.7	62.3	66.1	60.0	62.8	62.6	63.9	62.9	61.9	59.9	62.5	59.1	60.1	57.5	55.8	55.1	55.7	54.3	51.0	45.7	40.7	36.0	31.1	28.2
2018/02/08 15:26:36	75.1	38.8	38.8	57.6	57.6	67.8	67.8	71.0	71.0	68.4	62.9	65.6	60.2	63.1	61.3	61.9	65.3	65.5	67.0	69.8	64.0	63.8	62.6	60.3	59.2	60.1	59.4	56.8	50.2	45.8	40.3	37.5	37.1
2018/02/08 15:26:37	69.8	36.6	36.6	56.6	56.6	65.3	65.3	64.3	64.3	59.1	58.0	62.4	58.8	57.4	57.8	56.4	59.3	57.9	57.7	63.2	61.6	60.7	58.3	56.2	54.6	54.4	52.6	49.7	44.4	40.7	35.0	30.2	27.8
2018/02/08 15:26:38	69.0	39.4	39.4	55.7	55.7	65.4	65.4	66.1	66.1	61.2	57.5	58.7	54.3	56.2	55.3	55.7	56.5	57.2	55.8	62.1	61.1	60.3	58.1	56.1	54.3	53.7	51.5	46.9	40.6	35.5	33.3	28.0	26.3
2018/02/08 15:26:39	72.7	38.8	38.8	56.3	56.3	65.1	65.1	64.7	64.7	62.1	60.6	63.7	55.3	59.4	61.2	60.5	59.4	60.7	60.8	61.2	63.3	63.0	60.3	58.8	59.7	62.6	62.5	59.3	53.0	48.6	46.1	42.8	40.7
2018/02/08 15:26:40	69.7	37.4	37.4	55.5	55.5	64.9	64.9	65.6	65.6	63.3	60.2	62.1	53.3	59.8	60.2	61.1	60.5	58.4	56.4	57.2	60.5	61.9	57.7	57.0	56.4	57.4	56.0	51.2	46.0	41.1	39.6	35.3	31.7
2018/02/08 15:26:41	66.6	35.9	35.9	59.1	59.1	67.9	67.9	67.2	67.2	60.7	60.8	62.7	54.2	56.7	56.8	58.3	58.1	58.2	55.2	56.6	56.4	55.5	54.4	53.3	53.4	54.3	53.0	49.0	41.6	36.3	33.5	29.2	26.7
2018/02/08 15:26:42	72.4	39.4	39.4	58.5	58.5	67.4	67.4	65.9	65.9	61.3	59.8	61.3	56.0	63.4	61.2	60.6	64.4	62.8	64.2	63.2	61.3	62.1	59.4	58.3	58.3	60.1	60.3	56.1	48.7	44.9	41.5	37.5	38.6
2018/02/08 15:26:43	70.4	38.3	38.3	56.2	56.2	66.1	66.1	66.5	66.5	61.6	61.2	59.9	55.1	59.8	57.7	61.6	62.7	62.0	60.1	61.5	59.9	60.5	58.1	57.1	56.3	56.4	56.2	51.8	44.5	41.6	37.4	35.5	34.4
2018/02/08 15:26:44	69.9	37.2	37.2	56.8	56.8	66.5	66.5	66.4	66.4	61.8	63.5	63.6	56.3	61.7	61.4	58.6	60.7	60.4	61.0	62.2	61.2	59.2	57.0	54.1	53.8	55.4	55.4	52.4	46.2	41.8	37.9	35.6	33.7
2018/02/08 15:26:45	70.2	38.2	38.2	56.8	56.8	68.1	68.1	69.4	69.4	63.6	63.9	63.5	57.9	60.8	62.5	57.7	61.1	59.8	59.5	60.9	62.8	60.4	58.0	55.7	53.9	55.3	55.2	52.1	45.9	41.4	37.4	35.3	33.5
2018/02/08 15:26:46	68.4	38.0	38.0	57.9	57.9	66.5	66.5	65.7	65.7	60.4	57.5	59.1	53.4	58.3	59.4	56.4	57.4	58.1	58.3	60.7	58.6	59.0	56.7	53.6	53.6	54.6	55.3	52.0	44.6	39.6	36.0	32.8	32.2
2018/02/08 15:26:47	72.1	36.1	36.1	57.0	57.0	66.6	66.6	67.6	67.6	61.7	58.5	62.3	55.5	63.8	64.6	58.7	61.9	61.5	60.4	64.7	61.5	62.4	59.8	58.9	58.5	58.5	59.8	56.9	50.1	45.3	42.3	41.3	40.0
2018/02/08 15:26:48	66.0	36.3	36.3	57.6	57.6	66.5	66.5	65.3	65.3	60.1	56.7	56.3	50.0	56.1	57.2	53.8	55.8	57.0	52.3	57.1	56.5	57.5	54.9	52.0	51.8	52.6	51.5	48.2	41.2	36.7	34.5	30.8	28.0
2018/02/08 15:26:49	63.9	38.0	38.0	57.2	57.2	66.1	66.1	66.3	66.3	62.2	56.2	56.1	50.4	55.1	53.6	51.7	54.8	55.4	52.4	54.2	54.3	54.2	53.2	49.8	49.0	50.0	50.3	46.0	38.4	33.8	32.4	28.1	26.2
2018/02/08 15:26:50	64.3	37.5	37.5	57.5	57.5	66.4	66.4	65.5	65.5	61.3	56.7	56.8	52.4	54.8	55.9	53.1	57.2	57.1	53.9	54.4	53.6	54.4	51.9	49.2	49.3	50.5	50.8	46.4	38.8	33.9	32.1	28.0	26.3
2018/02/08 15:26:51	69.0	36.9	36.9	57.4	57.4	66.8	66.8	67.9	67.9	64.3	58.4	64.7	57.2	61.5	58.1	56.7	60.4	60.3	59.6	59.9	57.6	59.4	56.3	54.5	54.7	56.1	56.4	51.4	45.1	40.4	37.5	34.7	32.6
2018/02/08 15:26:52	69.6	40.8	40.8	57.8	57.8	68.6	68.6	69.4	69.4	62.4	60.0	63.6	61.0	63.3	58.6	59.0	61.3	60.8	59.8	60.5	59.0	59.7	57.4	55.1	55.1	56.8	55.1	50.6	44.9	40.8	38.2	35.0	32.1
2018/02/08 15:26:53	73.8	41.2	41.2	66.2	66.2	71.8	71.8	68.9	68.9	64.6	62.9	67.5	65.5	65.6	63.7	61.9	63.2	64.1	63.3	65.4	61.8	61.6	61.6	60.6	61.7	61.3	62.1	58.7	56.2	53.3	51.5	49.8	46.1
2018/02/08 15:26:54	72.9	39.7	39.7	65.0	65.0	71.6	71.6	67.3	67.3	66.0	62.9	64.5	57.1	61.9	63.4	58.2	64.3	63.0	61.6	64.7	63.3	62.9	60.5	59.4	60.5	59.8	58.9	56.2	51.9	47.2	45.6	43.9	38.8
2018/02/08 15:26:55	73.2	38.7	38.7	57.9	57.9	66.1	66.1	65.9	65.9	63.4	61.3	62.7	58.1	61.5	60.8	59.4	63.5	61.7	62.8	65.7	64.8	63.3	60.9	58.8	59.6	60.0	58.6	57.6	49.8	44.7	39.6	37.1	36.6
2018/02/08 15:26:56	71.6	37.4	37.4	59.0	59.0	65.9	65.9	64.0	64.0	62.5	60.3	61.4	58.8	64.0	61.2	59.7	62.7	61.6	62.9	62.6	63.3	61.7	58.5	57.1	56.0	57.0	57.0	53.7	47.5	43.2	37.9	33.1	30.0
2018/02/08 15:26:57	73.3	36.9	36.9	59.8	59.8	68.1	68.1	67.6	67.6	63.8	62.5	66.0	60.8	64.6	63.0	62.0	65.0	64.9	64.5	65.7	64.9	62.1	59.2	57.7	57.6	59.0	58.5	54.0	47.8	42.8	38.6	36.5	31.6
2018/02/08 15:26:58	77.2	39.9	39.9	63.4	63.4	71.5	71.5	71.5	71.5	68.6	62.6	68.2	62.7	64.2	64.0	67.6	67.1	67.6	67.0	68.1	66.9	65.7	64.8	63.7	63.6	66.3	66.2	60.5	55.7	52.0	50.0	47.1	45.5
2018/02/08 15:26:59	72.3	38.1	38.1	57.0	57.0	66.0	66.0	66.9	66.9	64.0	59.1	66.2	58.2	60.5	60.6	60.3	60.8	62.6	60.6	64.4	63.0	62.0	61.0	59.4	57.8	60.8	58.0	52.0	47.1	43.6	39.6	37.8	33.8
2018/02/08 15:27:00	70.8	38.8	38.8	55.6	55.6	65.1	65.1	65.4	65.4	61.4	58.9	60.7	54.9	61.5	59.2	57.9	59.8	60.0	59.7	62.5	62.4	61.4	59.0	57.1	56.2	58.7	56.4	51.1	44.6	38.5	33.1	30.6	27.8
2018/02/08 15:27:01	73.6	39.8	39.8	59.8	59.8	68.6	68.6	66.9	66.9	62.7	62.6	64.5	59.1	65.5	60.8	59.3	64.8	61.5	62.9	65.7	64.5	64.9	60.7	59.5	58.8	60.8	60.2	55.1	48.9	44.4	40.0	37.6	34.9
2018/02/08 15:27:02	70.2	39.4	39.4	54.9	54.9	67.2	67.2	68.1	68.1	62.9	61.6	61.0	57.2	62.6	60.8	57.0	60.9	60.6	59.5	60.8	61.4	60.7	57.1	55.7	55.4	57.6	57.1	53.1	46.7	41.5	36.9	35.7	35.6
2018/02/08 15:27:03	70.3	34.3	34.3	54.5	54.5	62.8	62.8	64.8	64.8	64.4	59.8	63.4	59.1	62.4	64.4	58.6	60.2	60.2	60.4	62.4	60.8	60.6	57.0	55.2	55.2	56.7	56.4	51.6	45.5	41.7	37.7	34.5	33.2
2018/02/08 15:27:04	69.8	37.3	37.3	55.9	55.9	64.9	64.9	67.3	67.3	65.4	58.8	61.6	57.3	61.9	64.6	57.1	61.5	59.6	60.5	61.3	61.1	59.6	56.3	53.5	54.5	55.2	54.7	50.2	44.3	39.4	36.2	34.0	32.3
2018/02/08 15:27:05	70.9	38.0	38.0	54.0	54.0	67.1	67.1	69.1	69.1	63.8	59.3	57.7	53.5	64.0	64.2	57.2	61.1	60.4	62.4	64.2	61.4	59.7	58.2	56.0	55.6	55.4	54.8	50.4	44.1	38.2	33.6	29.0	25.2
2018/02/08 15:27:06	71.4	37.3	37.3	52.8	52.8	65.2	65.2	71.8	71.8	68.6	63.9	60.9	53.3	63.5	61.9	57.5	61.0	60.9	62.1	65.0	63.0	60.0	57.9	58.0	56.0	56.2	55.5	51.3	43.7	38.4	33.4	28.8	26.2
2018/02/08 15:27:07	71.3	38.7	38.7	53.9	53.9	70.7	70.7	77.2	77.2	73.1	66.1	60.4	55.1	60.7	62.1	57.3	59.8	60.8	62.1	65.2	62.5	60.5	57.7	56.0	55.0	55.3	55.3	51.6	44.6	38.0	33.7	31.8	30.2
2018/02/08 15:27:08	71.9	39.2	39.2	54.9	54.9	64.2	64.2	65.1	65.1	60.1	56.4	60.9	56.1	62.0	62.6	59.9	62.3	61.2	61.9	65.2	63.7	61.9	58.1	55.9	56.7	57.3	57.6	53.4	47.1	42.1	36.5	35.1	32.6
2018/02/08 15:27:09	75.5	39.7	39.7	56.7	56.7	67.5	67.5	69.0	69.0	67.0	60.9	63.3	61.7	63.4	64.4	64.2	65.2	63.7	64.3	67.6	67.5	63.1	60.6	60.7	62.7	64.3	64.3	59.4	53.0	50.4	44.9	41.9	39.4
2018/02/08 15:27:10	76.2	36.2	36.2	55.3	55.3	64.8	64.8	68.2	68.2	67.1	62.8	65.2	60.8	65.1	63.5	65.9	65.0	62.3	63.9	67.1	67.2	64.6	62.4	61.5	63.7	65.2	66.1	65.0	58.4	53.9	46.9	40.2	40.8
2018/02/08 15:27:11	73.1	37.5	37.5	53.8	53.8	64.0	64.0	66.9	66.9	62.6	60.4	63.5	58.1	63.1	62.1	62.1	63.1	61.7	62.3	64.8	65.0	62.8	60.7	59.6	59.7	59.2	59.7	56.6	49.8	46.0	39.7	38.9	38.0
2018/02/08 15:27:12	74.0	36.6	36.6	52.5	52.5	69.8	69.8	75.3	75.3	70.0	63.3	68.2	58.8	63.4	62.4	62.9	64.9	64.5	63.5	65.0	62.3	62.2	61.3	60.2	60.8	63.5	63.0	59.5	51.3	48.0	43.1	40.5	38.6
2018/02/08 15:27:13	73.3	40.3	40.3	55.2	55.2	69.6	69.6	72.9	72.9	67.1	67.5	68.9	60.0	64.0	62.4	61.0	64.0	63.4	64.9	65.3	63.5	60.9	60.0	58.3	59.0	60.9	61.1	58.3	49.8	45.5	41.3	39.5	37.8
2018/02/08 15:27:14	70.7	38.0	38.0	54.7	54.7	65.1	65.1	65.6	65.6	61.1	60.4	60.3	56.5	60.9	59.3	57.8	61.6	63.9	60.4	61.8	60.8	59.5	58.2	56.4	57.6	58.7	57.5	52.5	44.6	39.2	35.4	35.1	31.7
2018/02/08 15:27:15	70.7	36.3	36.3	51.8	51.8	62.5	62.5	64.1	64.1	60.7	59.3	60.6	57.6	61.9	60.6	60.6	64.8	62.7	61.5	61.1	60.4	58.8	57.1	55.9	57.0	57.3	57.5	53.8	45.7	41.1	38.7	32.8	30.1
2018/02/08 15:27:16	77.5	34.6	34.6	54.6	54.6	63.8	63.8	66.1	66.1	66.9	68.1	70.6	68.0	70.5	67.5	65.9	69.2	68.1	66.5	66.2	66.1	63.5	64.1	64.5	66.2	67.0	66.8	63.8	57.3	53.6	51.8	47.1	45.4
2018/02/08 15:27:17	80.8	41.4	41.4	59.6	59.6	71.7	71.7	72.7	72.7	67.6	71.8	71.7	67.0	68.7	65.1	67.7	70.7	68.6	66.5	67.8	69.0	68.7	68.7	69.4	68.2	71.9	71.3	68.7	65.7	62.2	58.9	56.2	54.2
2018/02/08 15:27:18	70.5	38.9	38.9	59.5	59.5	68.5	68.5	69.8	69.8	69.4	67.9	71.4	64.9	66.9	63.2	58.3	61.0	60.4	59.3	60.9	60.7	58.7	57.9	56.0	56.0	56.4	55.8	51.5	48.1	47.9	43.9	40.6	35.8
2018/02/08 15:27:19	71.8	43.1	43.1	59.8	59.8	69.5	69.5	69.7	69.7	66.0	64.8	64.3	59.6	65.3	61.1	59.1	64.0	63.3	63.7	63.5	60.7	61.2	59.0	57.8	57.4	57.0	57.0	53.0	47.1	43.0	38.7	36.7	37.0
2018/02/08 15:27:20	69.2	40.2	40.2	60.7	60.7	68.1	68.1	66.2	66.2	62.8	60.2	61.0	56.4	60.3	58.6	58.2	62.4	61.2	59.4	60.0	59.1	58.1	57.0	55.7	55.9	54.9	54.9	49.3	41.7	38.1	33.5	31.3	29.2
2018/02/08 15:27:21	70.3	37.1	37.1	55.8	55.8	63.6	63.6	62.6	62.6	61.1	60.0	59.1	55.1	60.6	58.2	57.5	60.5	60.6	60.5	63.1	61.6	58.3	57.5	56.5	56.8	57.2	57.7	50.3	43.6	41.2	36.9	35.2	35.3
2018/02/08 15:27:22	67.6	36.8	36.8	55.5	55.5	63.5	63.5	63.2	63.2	59.6	56.3	57.2	53.6	60.4	56.8	53.9	58.2	57.7	57.5	59.9	59.1	57.8	55.6	53.1	53.4	52.8	52.2	47.0	40.8	38.8	34.4	34.3	32.6
2018/02/08 15:27:23	65.2	34.0	34.0	52.2	52.2	60.7	60.7	61.1	61.1	60.6	58.9	58.5	54.0	56.9	54.8	54.0	57.7	55.0	55.2	57.0	56.6	54.8	53.0	50.1	49.8	50.2	50.5	46.4	39.1	35.7	31.3	29.1	29.6
2018/02/08 15:27:24	66.4	35.4	35.4	54.0	54.0	63.7	63.7	63.7	63.7	61.7	67.6	65.0	54.0	57.4	55.5	54.9	56.9	55.8	57.2	57.7	56.7	54.4	52.5	51.8	51.7	53.7	54.6	50.0	45.0	41.4	40.0	37.2	39.8
2018/02/08 15:27:25	62.2	37.2	37.2	54.7	54.7	63.9	63.9	63.0	63.0	58.5	60.9	58.7	50.5	54.0	52.1	51.3	53.3	53.4	52.2	53.0	52.4	51.0	48.9	48.6	47.9	49.6	48.8	44.3	38.4	34.6	32.4	31.5	30.0
2018/02/08 15:27:26	60.3	34.0	34.0	53.7	53.7	61.3	61.3	60.0	60.0	57.7	56.0	55.8	50.7	54.0	51.3	49.2	51.2	52.6	51.5	50.5	51.0	49.6	46.6	45.5	45.4	46.4	46.3	42.3	35.4	31.0	27.5	26.3	24.9
2018/02/08 15:27:27	60.8	33.5	33.5	52.9	52.9	60.3	60.3	58.5	58.5	57.8	56.1	52.8	48.0	51.5	50.6	50.0	51.8	51.4	52.5	52.2	50.6	50.2	47.7	46.0	45.8	48.1	47.3	42.5	35.6	31.3	28.5	26.3	24.6
2018/02/08 15:27:28	62.4	35.2	35.2	52.3	52.3	61.2	61.2	60.6	60.6	56.0	52.8	54.0	50.2	53.4	54.9	51.2	55.4	53.1	54.7	53.0	52.4	51.2	48.9	47.0	46.6	48.0	49.5	44.4	38.2	33.4	30.0	27.8	27.1
2018/02/08 15:27:29	64.0	31.2	31.2	49.2	49.2	58.4	58.4	58.9	58.9	59.8	57.4	56.6	51.5	54.3	53.5	51.9	56.3	54.1	59.1	52.6	52.9	51.6	50.0	47.7	48.5	51.0	50.9	46.5	41.3	37.0	34.2	33.5	32.8
2018/02/08 15:27:30	63.0	35.2	35.2	51.5	51.5	61.1	61.1	60.4	60.4	56.4	54.0	53.2	49.7	53.4	52.0	51.6	54.9	52.5	56.8	51.7	53.0	50.4	50.2	47.3	48.1	51.0	51.1	46.3	41.2	36.9	34.4	32.8	31.1
2018/02/08 15:27:31	62.8	34.8	34.8	54.2	54.2	63.3	63.3	61.7	61.7	56.5	52.6	52.0	49.3	52.2	51.2	49.6	53.3	54.6	54.9	51.8	54.3	51.0	49.4	46.9	48.7	50.6	51.1	46.1	41.4	36.6	33.5	33.7	33.8
2018/02/08 15:27:32	63.0	34.7	34.7	52.9	52.9	62.2	62.2	61.8	61.8	58.5	54.9	53.1	49.1	52.4	52.5	50.4	52.9	54.5	55.7	51.9	54.6	51.9	50.4	47.9	48.0	50.2	49.3	44.6	39.0	34.3	31.7	29.7	28.0
2018/02/08 15:27:33	65.5	37.6	37.6	54.4	54.4	64.8	64.8	63.5	63.5	55.7	52.9	54.5	50.2	54.0	52.8	51.8	55.3	56.7	57.1	56.1	57.5	55.3	53.7	50.6	51.2	52.1	51.3	45.2	39.0	34.9	31.6	28.4	26.9
2018/02/08 15:27:34	64.9	36.8	36.8	55.4	55.4	65.2	65.2	64.2	64.2	57.4	54.8	55.7	51.6	55.4	54.5	52.0	55.5	57.1	57.0	55.1	56.1	54.2	52.0	49.4	50.3	51.4	50.9	45.9	39.0	34.1	31.3	28.4	27.1
2018/02/08 15:27:35	65.0	35.6	35.6	54.8	54.8	63.0	63.0	61.7	61.7	57.8	57.2	56.8	52.4	55.1	53.3	52.1	55.8	56.6	57.1	54.8	55.7	54.4	52.1	50.0	50.5	52.1	51.9	47.1	40.2	35.7	32.2	28.9	27.4
2018/02/08 15:27:36	64.5	35.4	35.4	55.5	55.5	64.2	64.2	63.6	63.6	59.3	57.5	56.6	53.1	54.9	51.7	51.2	55.6	55.2	57.0	55.4	54.8	52.6	51.0	49.7	50.9	51.5	52.3	48.1	40.4	35.3	31.7	29.1	27.5
2018/02/08 15:27:37	63.4	34.2	34.2	52.8	52.8	61.7	61.7	60.4	60.4	56.8	56.6	55.6	53.5	53.2	51.2	52.0	54.6	54.4	55.9	54.0	54.6	51.7	50.1	48.4	48.7	50.3	49.5	43.9	37.7	33.7	31.6	28.8	28.0
2018/02/08 15:27:38	63.8	36.1	36.1	54.6	54.6	63.2	63.2	62.6	62.6	61.3	58.1	55.5	50.4	54.5	51.6	51.2	55.6	55.7	56.4	54.0	54.0	52.4	50.2	48.4	49.7	51.0	50.4	45.7	38.5	34.9	32.4	30.0	28.9
2018/02/08 15:27:39	63.9	37.6	37.6	55.7	55.7	64.8	64.8	64.0	64.0	59.7	56.6	56.3	50.5	54.0	51.2	51.7	54.5	55.2	56.4	54.6	54.9	52.4	50.6	48.7	49.2	51.3	50.4	45.7	39.0	35.0	32.3	29.8	28.7
2018/02/08 15:27:40	64.1	33.4	33.4	54.6	54.6	66.1	66.1	70.9	70.9	67.5	59.8	58.6	51.9	57.3	54.0	51.0	56.2	56.3	55.9	54.0	54.4	52.5	49.7	48.6	48.6	50.4	49.9	45.8	38.7	34.6	31.5	29.9	30.0
2018/02/08 15:27:41	66.5	36.6	36.6	57.1	57.1	68.7	68.7	74.7	74.7	71.8	64.5	61.7	54.3	61.0	54.6	54.7	59.3	57.3	57.9	55.8	55.7	54.6	52.6	52.2	51.6	52.9	53.9	48.3	40.5	35.4	32.6	30.0	28.6
2018/02/08 15:27:42	73.2	38.6	38.6	56.0	56.0	63.8	63.8	69.9	69.9	68.4	65.9	66.8	62.3	67.7	61.4	60.3	64.7	64.7	66.1	63.9	62.7	61.3	59.8	58.8	57.4	59.6	61.3	54.3	46.9	40.9	37.9	32.3	31.4
2018/02/08 15:27:43	70.2	36.7	36.7	56.4	56.4	66.3	66.3	67.2	67.2	65.6	65.0	66.2	60.4	66.7	61.3	60.7	62.0	61.0	62.9	60.6	58.5	57.5	56.4	55.3	54.8	56.6	57.7	50.8	43.5	37.3	32.8	29.4	28.5
2018/02/08 15:27:44	64.6	35.3	35.3	55.3	55.3	63.9	63.9	63.4	63.4	59.9	60.3	62.1	53.5	56.8	55.2	54.7	56.4	57.1	57.9	53.8	54.3	52.1	50.7	49.4	49.1	51.1	50.1	44.7	38.0	33.9	31.0	29.0	27.7
2018/02/08 15:27:45	63.2	34.7	34.7	53.8	53.8	63.4	63.4	64.6	64.6	61.7	57.6	58.4	53.8	55.8	53.0	52.2	56.1	55.0	56.3	53.1	54.0	50.7	48.5	47.0	47.5	49.4	48.6	43.5	37.3	33.3	30.8	28.8	27.3
2018/02/08 15:27:46	62.6	35.4	35.4	54.7	54.7	62.8	62.8	60.7	60.7	57.9	57.1	58.3	51.1	55.1	53.7	52.1	53.8	54.6	55.8	52.4	52.3	51.0	48.2	46.7	47.7	49.2	49.1	43.8	37.3	33.6	31.1	29.1	27.5
2018/02/08 15:27:47	63.0	34.5	34.5	53.6	53.6	62.6	62.6	62.6	62.6	59.8	58.0	58.7	52.4	55.5	52.1	51.0	53.7	55.6	56.2	52.9	53.3	50.6	48.1	46.5	47.4	49.5	50.2	44.7	38.1	34.4	31.9	29.3	27.8
2018/02/08 15:27:48	63.1	36.8	36.8	53.4	53.4	64.1	64.1	65.2	65.2	61.3	58.1	56.6	53.0	55.0	52.7	51.8	54.2	54.5	56.3	53.7	53.5	50.2	49.0	46.6	47.8	49.9	50.7	44.8	39.0	35.3	33.2	30.0	28.3
2018/02/08 15:27:49	63.5	38.8	38.8	54.7	54.7	63.8	63.8	64.8	64.8	62.1	57.2	58.5	52.6	54.0	52.6	54.0	56.7	54.8	54.2	53.4	55.9	51.0	49.2	46.5	48.2	50.0	49.8	45.1	38.6	34.8	32.5	30.4	27.9
2018/02/08 15:27:50	62.1	36.6	36.6	54.8	54.8	63.1	63.1	61.9	61.9	59.6	55.7	55.7	51.0	54.4	53.4	52.4	54.5	54.1	54.1	52.5	52.9	49.1	46.9	46.7	47.7	49.0	49.0	43.0	36.3	31.8	30.4	28.7	26.2
2018/02/08 15:27:51	62.4	36.0	36.0	54.8	54.8	62.0	62.0	60.9	60.9	59.3	56.7	57.9	52.7	54.6	53.1	50.5	54.1	54.3	54.9	52.6	52.9	49.3	46.8	46.7	48.7	50.0	49.6	43.7	36.4	31.6	29.9	28.0	25.9
2018/02/08 15:27:52	64.0	36.8	36.8	53.9	53.9	63.8	63.8	63.7	63.7	63.3	60.7	57.9	52.6	56.0	53.7	51.7	56.6	55.7	55.9	53.7	54.6	51.4	49.3	48.7	50.3	50.7	51.9	46.2	39.4	35.2	32.6	29.6	27.6
2018/02/08 15:27:53	63.8	36.8	36.8	52.8	52.8	61.8	61.8	62.5	62.5	62.0	59.9	57.8	54.1	56.0	54.4	50.8	55.4	54.9	56.3	52.5	54.3	50.9	49.5	49.1	50.7	51.0	52.1	47.0	39.6	36.1	33.1	30.8	29.1
2018/02/08 15:27:54	63.5	38.3	38.3	52.7	52.7	61.6	61.6	60.2	60.2	57.9	57.5	56.8	53.4	54.8	52.9	51.1	55.2	55.4	55.5	53.3	55.1	51.1	49.0	49.0	49.3	50.3	51.0	46.2	38.2	33.6	31.7	29.0	27.2
2018/02/08 15:27:55	65.7	38.2	38.2	55.5	55.5	63.2	63.2	62.8	62.8	59.5	57.5	57.1	54.0	57.5	54.0	52.8	55.2	56.5	57.2	55.7	57.6	53.0	52.1	52.5	53.0	52.6	53.4	47.9	39.9	35.4	33.3	30.4	27.7
2018/02/08 15:27:56	64.8	42.8	42.8	57.3	57.3	63.0	63.0	61.3	61.3	59.6	58.1	57.9	54.6	55.9	53.7	51.7	55.7	56.6	56.0	55.0	56.1	52.2	50.6	51.7	51.0	52.1	53.0	46.6	39.5	34.7	32.1	29.6	27.6
2018/02/08 15:27:57	63.9	41.6	41.6	58.0	58.0	65.0	65.0	63.6	63.6	59.7	57.2	57.4	54.6	54.5	52.9	51.3	55.4	55.7	55.8	52.8	55.5	52.0	49.2	48.9	49.8	50.5	51.6	46.3	39.5	35.5	32.5	30.0	28.2
2018/02/08 15:27:58	65.0	39.9	39.9	56.7	56.7	63.2	63.2	63.4	63.4	61.0	60.0	60.2	53.6	55.1	53.6	50.5	54.4	56.9	57.0	53.2	55.9	52.0	49.7	50.3	51.3	53.6	54.6	49.6	43.6	42.4	37.6	35.3	34.3
2018/02/08 15:27:59	65.9	39.1	39.1	55.3	55.3	63.4	63.4	63.2	63.2	64.4	62.9	61.0	54.1	57.1	53.5	52.8	57.0	58.5	57.4	54.5	55.7	52.4	50.8	51.0	52.4	54.7	55.1	51.1	44.9	42.0	37.9	37.3	35.5
2018/02/08 15:28:00	66.4	36.7	36.7	56.7	56.7	66.8	66.8	69.7	69.7	67.3	63.4	65.2	56.6	57.5	54.1	54.8	58.5	58.7	58.2	56.4	55.7	52.6	51.1	51.6	51.8	53.0	55.0	50.4	43.6	39.6	35.5	33.7	31.1
2018/02/08 15:28:01	65.4	37.6	37.6	55.2	55.2	64.1	64.1	65.9	65.9	66.1	64.6	67.1	59.7	61.3	57.2	52.1	55.5	57.3	55.6	53.6	55.9	53.0	50.3	49.8	50.5	51.3	53.0	48.8	42.3	37.2	35.0	33.5	42.4
2018/02/08 15:28:02	64.5	37.1	37.1	53.6	53.6	63.3	63.3	67.1	67.1	66.5	63.6	61.5	55.8	58.4	53.7	52.0	55.1	56.3	55.7	53.8	55.8	52.4	48.8	49.4	50.8	51.0	51.4	46.9	39.9	36.4	34.4	31.7	28.9
2018/02/08 15:28:03	64.5	35.0	35.0	53.7	53.7	62.5	62.5	66.3	66.3	66.5	66.1	62.8	55.4	55.9	55.2	51.5	55.0	55.8	55.7	52.9	56.1	51.4	48.8	48.9	50.7	52.5	52.3	47.3	40.3	36.0	35.7	32.5	29.4
2018/02/08 15:28:04	64.9	36.1	36.1	55.3	55.3	64.3	64.3	65.2	65.2	65.7	65.5	63.1	55.7	56.6	52.6	51.9	55.2	56.2	56.8	54.2	55.5	52.3	49.6	49.4	52.0	52.4	53.1	48.4	41.0	36.4	35.1	32.4	29.7
2018/02/08 15:28:05	65.3	37.1	37.1	54.2	54.2	63.7	63.7	65.7	65.7	66.0	65.7	64.3	55.9	55.7	55.4	53.4	56.9	55.9	56.2	54.5	56.0	53.4	50.8	49.5	52.1	53.2	52.6	47.7	40.3	36.8	34.7	32.1	29.0
2018/02/08 15:28:06	68.8	39.4	39.4	59.1	59.1	69.8	69.8	70.2	70.2	65.3	65.5	65.4	57.6	57.8	57.5	55.3	57.5	58.4	58.2	56.0	56.9	55.6	55.3	61.2	57.8	56.1	56.6	53.1	44.6	40.9	37.0	33.9	30.5
2018/02/08 15:28:07	67.5	35.8	35.8	52.7	52.7	63.9	63.9	67.6	67.6	67.9	65.6	67.8	59.1	58.9	55.8	54.4	57.9	58.3	57.8	55.9	57.6	55.4	52.5	53.7	55.0	55.7	56.2	53.6	45.3	39.8	36.5	33.7	30.3
2018/02/08 15:28:08	71.6	38.8	38.8	56.0	56.0	66.6	66.6	67.4	67.4	66.3	66.8	70.6	62.4	62.7	59.0	58.6	62.6	60.0	57.6	59.4	60.0	59.0	56.4	58.4	60.5	61.6	63.3	58.1	50.4	44.3	41.6	38.1	34.8
2018/02/08 15:28:09	70.5	40.1	40.1	55.7	55.7	67.1	67.1	70.3	70.3	66.3	66.8	71.3	64.2	64.4	59.5	58.0	62.8	61.3	57.3	59.4	59.7	58.4	56.3	56.6	58.4	59.7	58.6	53.0	47.2	42.8	40.2	37.1	33.6
2018/02/08 15:28:10	71.8	37.6	37.6	56.0	56.0	70.5	70.5	74.7	74.7	68.8	68.1	71.8	66.5	68.5	64.1	64.0	63.7	62.0	58.2	60.0	61.7	61.1	58.4	57.4	58.0	59.2	57.9	52.1	45.5	41.6	37.3	35.1	32.1
2018/02/08 15:28:11	69.1	38.0	38.0	57.8	57.8	68.5	68.5	71.3	71.3	67.2	66.1	66.9	63.8	62.9	61.5	59.2	59.9	60.2	58.9	59.5	58.9	56.9	55.8	54.6	56.4	56.0	55.3	50.6	43.4	39.2	36.4	35.8	29.8
2018/02/08 15:28:12	70.7	44.0	44.0	60.7	60.7	67.8	67.8	68.5	68.5	66.1	63.3	65.1	59.7	62.7	59.1	57.9	60.7	61.6	61.8	61.3	61.0	59.3	57.9	56.4	58.9	58.2	58.0	53.0	45.8	41.3	39.0	40.2	33.7
2018/02/08 15:28:13	70.5	46.5	46.5	61.4	61.4	66.4	66.4	66.3	66.3	66.0	60.7	62.0	56.3	61.7	58.8	60.2	60.4	61.8	63.6	60.7	59.4	59.0	57.7	54.9	57.2	57.6	59.0	54.9	46.1	41.5	38.5	37.4	32.8
2018/02/08 15:28:14	73.2	41.2	41.2	63.3	63.3	71.6	71.6	69.4	69.4	64.8	64.4	64.5	58.8	66.2	63.3	60.4	63.8	66.0	64.0	62.6	61.2	62.8	58.4	58.3	60.5	60.3	62.8	59.9	50.6	46.1	41.3	37.1	37.8
2018/02/08 15:28:15	70.0	45.1	45.1	62.0	62.0	67.1	67.1	65.9	65.9	62.8	61.4	62.9	56.7	60.3	59.1	56.3	60.1	61.7	62.5	59.2	58.1	58.3	56.0	55.8	57.8	58.2	59.4	54.5	47.4	43.1	38.7	37.1	35.9
2018/02/08 15:28:16	70.8	45.6	45.6	57.0	57.0	63.8	63.8	64.9	64.9	62.5	61.4	60.9	57.7	60.6	59.6	56.9	60.6	61.7	63.4	59.7	59.9	61.3	57.0	56.4	58.9	58.2	59.1	53.7	46.4	42.3	37.7	37.5	35.8
2018/02/08 15:28:17	68.5	34.6	34.6	53.9	53.9	61.2	61.2	62.4	62.4	63.8	63.4	61.4	55.2	57.5	55.7	55.1	59.5	57.4	57.6	58.3	59.1	59.7	56.1	55.8	55.7	56.4	56.0	51.3	43.5	39.2	34.6	33.6	29.9
2018/02/08 15:28:18	69.6	36.9	36.9	57.3	57.3	64.8	64.8	65.1	65.1	64.4	62.5	63.2	55.6	58.3	57.5	57.0	60.1	59.9	59.3	59.3	58.4	58.8	56.3	56.6	58.3	59.4	58.1	53.8	45.5	40.6	36.5	33.8	31.3
2018/02/08 15:28:19	68.9	37.4	37.4	56.4	56.4	66.4	66.4	66.7	66.7	63.6	59.2	60.0	54.6	58.5	57.1	55.7	59.7	57.9	58.1	58.7	57.6	58.3	56.3	57.0	57.6	58.4	57.2	53.3	44.6	38.2	33.0	29.6	27.1
2018/02/08 15:28:20	69.8	40.2	40.2	58.0	58.0	69.0	69.0	69.4	69.4	65.7	61.1	59.9	55.5	57.1	58.4	56.5	60.5	59.7	59.5	60.2	58.9	58.2	56.7	56.9	58.2	59.3	58.6	54.2	46.1	39.0	33.6	29.6	26.1
2018/02/08 15:28:21	72.8	36.5	36.5	53.6	53.6	66.4	66.4	68.1	68.1	64.1	63.3	67.6	60.7	61.8	61.3	60.9	65.7	63.3	63.7	62.9	61.2	60.5	58.8	59.9	60.0	61.5	61.5	57.2	49.5	45.1	40.0	36.9	33.8
2018/02/08 15:28:22	75.9	37.1	37.1	55.8	55.8	64.4	64.4	65.6	65.6	65.2	67.4	65.4	60.9	65.1	62.2	60.4	67.1	64.1	63.4	63.3	61.6	63.3	60.2	63.9	64.9	66.8	67.7	65.1	56.1	50.6	44.5	44.3	42.6
2018/02/08 15:28:23	87.5	32.6	32.6	52.4	52.4	62.7	62.7	63.2	63.2	67.5	72.5	66.1	54.4	70.1	63.3	64.7	74.4	72.7	76.0	75.8	72.1	74.7	72.7	76.0	78.3	79.8	78.5	74.7	69.0	65.7	62.7	59.0	57.4
2018/02/08 15:28:24	84.5	33.5	33.5	54.5	54.5	64.9	64.9	66.6	66.6	66.9	72.1	68.2	58.5	70.3	63.0	66.4	68.3	70.2	72.3	69.8	69.3	72.8	70.8	73.1	75.4	75.6	76.7	72.8	66.7	64.2	59.9	53.2	55.0
2018/02/08 15:28:25	81.1	37.2	37.2	55.0	55.0	64.8	64.8	65.2	65.2	62.8	67.8	66.0	56.4	66.4	61.0	68.0	67.2	67.6	63.2	67.4	64.0	68.5	68.6	71.7	72.6	72.3	72.4	68.2	60.4	52.2	48.0	46.9	48.4
2018/02/08 15:28:26	77.3	36.4	36.4	53.3	53.3	65.2	65.2	71.3	71.3	68.8	61.9	66.1	59.6	67.8	61.9	60.5	65.9	65.2	64.9	62.0	62.1	63.2	64.1	66.1	67.0	69.1	69.6	65.2	56.7	49.7	43.3	41.9	35.8
2018/02/08 15:28:27	76.5	45.0	45.0	63.3	63.3	73.8	73.8	74.1	74.1	73.8	74.6	70.9	64.1	70.1	62.8	62.6	66.0	67.0	66.3	65.3	63.8	64.3	61.8	62.4	64.0	65.6	68.1	64.4	58.1	55.6	51.0	47.1	44.1
2018/02/08 15:28:28	73.7	39.2	39.2	58.5	58.5	67.6	67.6	68.5	68.5	69.0	68.0	62.0	59.7	64.9	63.9	59.8	64.2	63.2	64.7	66.4	64.6	62.2	60.4	59.8	60.3	60.4	59.9	55.7	49.3	45.3	52.9	37.6	34.4
2018/02/08 15:28:29	73.0	40.4	40.4	59.9	59.9	67.7	67.7	65.4	65.4	63.9	62.4	63.0	62.1	63.5	63.5	60.1	63.4	61.2	64.4	66.1	63.8	62.2	59.6	59.2	59.0	59.4	58.5	54.2	47.3	41.5	46.8	34.0	30.6
2018/02/08 15:28:30	75.4	40.1	40.1	61.7	61.7	70.3	70.3	68.2	68.2	66.5	62.8	64.7	61.9	64.9	64.6	63.2	66.8	66.2	67.5	68.3	65.3	64.1	62.0	61.2	60.7	62.1	60.8	57.2	49.6	43.7	41.2	39.3	37.2
2018/02/08 15:28:31	72.9	43.6	43.6	63.4	63.4	72.1	72.1	69.0	69.0	62.5	61.1	61.7	54.5	60.8	62.6	56.5	62.2	62.8	62.1	66.8	64.9	62.2	59.1	57.7	58.0	59.6	57.9	54.5	47.2	43.4	40.1	37.4	36.1
2018/02/08 15:28:32	69.2	36.1	36.1	57.2	57.2	64.5	64.5	61.7	61.7	61.4	60.3	63.4	55.5	59.0	57.2	56.4	59.7	59.0	56.7	61.5	61.1	59.1	55.7	54.8	55.4	56.5	55.4	50.6	43.5	38.3	35.5	31.8	29.2
2018/02/08 15:28:33	69.1	33.3	33.3	55.7	55.7	63.1	63.1	61.6	61.6	58.8	61.4	61.7	53.5	57.2	59.5	57.2	61.6	59.1	58.3	59.9	59.3	58.6	56.1	54.9	55.2	57.8	56.7	52.0	43.7	40.7	38.9	33.2	30.1
2018/02/08 15:28:34	74.3	38.0	38.0	60.9	60.9	66.3	66.3	64.2	64.2	64.7	61.0	63.1	63.8	64.9	65.5	62.7	66.5	65.6	64.2	65.4	62.4	62.4	60.6	61.2	61.8	62.7	62.6	58.3	51.9	48.9	44.8	40.5	39.2
2018/02/08 15:28:35	68.4	33.6	33.6	56.8	56.8	64.4	64.4	62.3	62.3	58.2	56.7	58.6	55.9	59.8	58.8	59.1	60.8	58.9	57.2	59.5	58.4	58.3	56.2	55.3	54.9	55.7	53.6	49.2	41.8	38.0	36.7	32.2	28.4
2018/02/08 15:28:36	71.4	34.4	34.4	58.8	58.8	66.2	66.2	64.6	64.6	65.9	62.8	59.4	56.3	61.2	62.2	58.2	62.8	63.0	63.2	62.2	59.7	59.9	58.6	56.9	57.4	60.2	58.7	55.2	48.4	44.8	39.9	38.3	36.1
2018/02/08 15:28:37	71.7	32.3	32.3	54.8	54.8	63.6	63.6	63.6	63.6	62.6	61.4	60.9	56.1	62.2	63.2	58.3	62.6	63.7	62.1	63.5	61.1	61.3	59.8	58.7	56.6	58.0	56.2	54.2	47.6	42.6	38.3	36.6	34.2
2018/02/08 15:28:38	73.9	33.2	33.2	53.9	53.9	65.4	65.4	66.2	66.2	60.9	62.6	65.9	58.6	66.0	64.7	60.2	67.0	63.5	65.0	65.4	63.2	63.9	61.2	58.6	59.6	61.0	59.8	56.9	49.5	43.7	39.7	38.0	35.8
2018/02/08 15:28:39	69.1	29.7	29.7	50.2	50.2	59.7	59.7	61.0	61.0	58.0	59.6	59.0	54.3	59.1	59.7	55.0	60.0	58.3	57.4	61.0	60.1	60.0	58.1	55.4	55.5	56.2	52.5	48.6	42.1	38.4	36.1	33.4	29.0
2018/02/08 15:28:40	73.8	33.1	33.1	49.4	49.4	59.2	59.2	60.8	60.8	64.1	65.7	63.3	59.2	66.0	64.4	61.0	64.6	64.3	65.0	66.6	63.9	62.5	60.9	59.4	60.2	59.6	59.1	55.8	48.9	43.8	40.6	38.7	37.9
2018/02/08 15:28:41	69.3	38.3	38.3	53.8	53.8	64.6	64.6	64.0	64.0	62.9	62.6	61.6	56.8	61.2	58.6	57.2	58.3	56.8	55.5	63.6	61.4	59.9	57.1	55.3	54.0	52.7	50.4	45.9	39.1	34.8	34.4	31.9	27.3
2018/02/08 15:28:42	69.7	39.1	39.1	53.4	53.4	68.4	68.4	70.6	70.6	62.7	57.7	62.2	65.6	63.3	63.7	64.8	60.6	60.6	58.4	61.3	60.7	58.9	55.9	53.6	52.4	52.5	50.9	46.0	39.3	34.2	34.8	29.2	26.2
2018/02/08 15:28:43	72.9	39.4	39.4	54.9	54.9	72.1	72.1	76.3	76.3	70.3	63.2	64.6	63.2	66.2	63.8	63.9	64.1	64.3	64.3	65.4	63.2	60.6	58.1	56.9	57.3	58.7	58.6	54.5	48.3	42.9	40.5	36.0	33.5
2018/02/08 15:28:44	74.1	43.5	43.5	59.2	59.2	75.6	75.6	78.4	78.4	72.5	70.0	70.0	65.0	67.0	62.9	63.0	65.5	68.2	65.8	66.3	65.0	60.0	58.7	55.7	56.3	59.0	59.0	55.1	51.8	48.5	38.5	33.6	31.5
2018/02/08 15:28:45	90.7	47.5	47.5	60.9	60.9	78.6	78.6	85.4	85.4	83.3	80.6	83.3	76.7	83.2	75.9	81.8	82.8	79.2	79.8	79.4	81.6	78.1	74.3	72.7	77.5	79.7	81.8	78.0	73.8	70.9	72.5	63.3	61.6
2018/02/08 15:28:46	90.6	54.1	54.1	64.2	64.2	79.7	79.7	89.1	89.1	87.0	81.5	88.0	77.7	84.2	80.2	84.2	82.3	80.2	78.7	79.2	79.5	76.9	75.8	75.0	77.2	80.3	80.3	76.9	74.1	71.2	71.0	67.0	64.3
2018/02/08 15:28:47	80.5	42.4	42.4	54.6	54.6	63.7	63.7	75.4	75.4	76.6	74.2	74.9	70.6	74.5	71.5	74.5	70.4	69.8	67.1	69.2	70.6	70.6	66.9	66.8	68.4	69.1	65.9	63.8	60.9	57.3	54.5	55.6	46.6
2018/02/08 15:28:48	78.4	39.2	39.2	53.0	53.0	69.7	69.7	74.8	74.8	72.2	69.9	71.2	67.8	69.6	68.8	67.7	69.0	68.2	66.5	68.7	68.0	66.1	64.6	70.3	65.5	65.3	63.1	60.8	54.7	51.9	49.5	45.4	39.7
2018/02/08 15:28:49	72.5	36.5	36.5	52.9	52.9	63.4	63.4	66.8	66.8	63.3	64.5	65.5	61.0	63.8	62.3	60.3	64.6	64.3	61.4	63.9	62.3	60.7	60.5	59.5	58.9	59.8	59.1	54.9	48.9	44.2	40.7	36.6	34.4
2018/02/08 15:28:50	74.2	39.7	39.7	58.7	58.7	67.3	67.3	67.5	67.5	65.1	67.5	66.9	61.7	65.8	63.3	62.2	64.3	65.4	64.2	65.9	65.1	63.8	63.2	60.6	59.9	60.1	59.2	55.1	49.4	44.9	41.3	37.3	35.1
2018/02/08 15:28:51	74.4	37.8	37.8	56.2	56.2	63.9	63.9	64.5	64.5	68.6	65.3	65.0	62.7	64.8	63.4	62.1	65.4	63.8	64.5	66.8	64.3	63.4	61.4	60.1	63.6	60.9	59.6	55.2	49.5	45.0	40.6	37.9	35.0
2018/02/08 15:28:52	69.1	37.8	37.8	55.8	55.8	65.4	65.4	64.6	64.6	63.3	64.2	63.6	58.2	58.8	58.4	57.7	60.7	59.1	58.3	62.3	60.2	57.9	56.1	54.9	55.4	55.0	53.4	48.0	41.9	36.5	33.4	30.9	27.6
2018/02/08 15:28:53	73.3	44.4	44.4	58.4	58.4	71.6	71.6	72.0	72.0	64.8	66.8	66.4	62.5	64.4	59.2	58.1	62.5	64.6	64.4	65.0	62.6	60.1	59.5	59.2	60.1	62.0	62.8	58.9	52.3	47.0	42.7	39.0	38.1
2018/02/08 15:28:54	73.9	40.7	40.7	54.4	54.4	68.5	68.5	70.3	70.3	63.8	65.9	64.2	63.2	63.9	60.6	59.8	62.5	64.0	64.1	65.5	63.4	62.6	60.1	59.6	61.8	62.6	63.2	58.7	52.6	47.4	42.8	40.9	39.3
2018/02/08 15:28:55	68.5	37.6	37.6	59.7	59.7	67.8	67.8	69.0	69.0	65.5	62.2	61.5	61.3	62.1	58.6	58.3	59.9	59.8	57.6	59.1	58.1	57.8	54.6	54.8	55.2	56.0	54.8	52.0	45.9	40.2	37.0	31.7	28.2
2018/02/08 15:28:56	72.8	38.5	38.5	62.7	62.7	69.9	69.9	67.9	67.9	67.4	63.3	61.0	61.1	68.3	63.2	59.0	61.3	62.2	61.5	62.1	61.7	60.8	59.0	59.2	61.6	62.7	60.9	60.9	55.4	53.3	49.9	46.0	42.1
2018/02/08 15:28:57	70.3	35.9	35.9	54.0	54.0	61.3	61.3	61.8	61.8	60.9	59.0	60.4	59.5	63.6	59.5	56.9	60.0	60.1	61.5	61.6	61.0	59.9	56.8	55.4	57.2	57.9	56.9	53.9	46.9	44.4	40.4	37.5	33.8
2018/02/08 15:28:58	70.3	36.5	36.5	57.6	57.6	66.1	66.1	67.9	67.9	65.7	60.0	60.3	61.2	65.2	61.2	59.1	61.1	59.3	60.3	63.0	61.0	60.0	56.6	54.6	56.2	57.0	55.9	53.4	45.7	40.0	34.8	33.8	31.7
2018/02/08 15:28:59	69.8	38.9	38.9	56.5	56.5	64.4	64.4	67.1	67.1	65.3	61.9	61.8	59.5	62.0	61.1	59.4	60.5	60.0	61.3	62.1	60.2	59.7	57.7	54.3	54.4	54.9	54.1	51.0	43.0	39.1	35.4	32.8	32.2
2018/02/08 15:29:00	73.9	42.9	42.9	63.0	63.0	68.0	68.0	70.5	70.5	71.5	63.9	64.6	60.7	65.8	65.0	59.8	62.7	64.2	64.2	65.9	64.4	63.9	61.7	61.0	60.2	60.1	58.5	55.2	48.2	43.7	39.8	37.8	36.7
2018/02/08 15:29:01	69.1	38.9	38.9	57.3	57.3	64.5	64.5	65.5	65.5	65.3	59.9	60.7	57.5	61.0	59.1	56.9	59.2	59.9	58.9	61.0	59.5	59.6	57.0	55.4	54.4	55.1	54.2	50.5	43.5	41.3	33.6	30.8	28.7
2018/02/08 15:29:02	71.6	36.5	36.5	57.4	57.4	66.5	66.5	69.3	69.3	66.1	62.7	63.6	57.8	63.3	61.0	57.5	59.9	60.7	61.2	63.7	61.3	62.4	59.0	57.5	57.6	59.4	59.3	55.9	51.3	46.5	44.0	41.9	42.0
2018/02/08 15:29:03	72.5	37.1	37.1	57.8	57.8	67.8	67.8	69.7	69.7	65.6	64.7	66.9	60.8	63.2	58.9	58.4	62.0	61.6	61.5	63.0	62.0	62.3	59.3	57.8	60.9	62.0	61.3	58.0	51.2	46.4	43.0	39.5	37.9
2018/02/08 15:29:04	75.4	42.3	42.3	55.6	55.6	69.6	69.6	70.8	70.8	63.3	66.8	66.0	61.0	66.3	61.0	60.2	63.5	62.3	62.4	64.0	62.5	63.6	61.8	61.0	66.8	66.4	66.0	61.4	55.6	50.1	46.3	44.5	40.7
2018/02/08 15:29:05	72.1	39.4	39.4	52.7	52.7	67.2	67.2	68.9	68.9	60.9	59.5	59.4	58.5	63.6	60.7	58.0	63.5	64.1	62.5	61.6	60.8	61.6	59.3	57.7	61.2	60.5	59.3	55.8	49.1	47.1	41.9	37.0	33.6
2018/02/08 15:29:06	75.3	41.5	41.5	55.6	55.6	71.9	71.9	73.7	73.7	66.4	64.7	66.7	64.7	66.5	63.6	61.5	66.6	65.7	66.2	63.9	63.4	64.2	61.4	62.5	65.8	63.9	62.8	59.3	53.0	50.2	43.8	41.5	38.5
2018/02/08 15:29:07	70.3	31.0	31.0	50.4	50.4	60.8	60.8	63.3	63.3	59.2	57.7	61.6	57.7	61.5	59.9	57.9	60.5	58.7	60.1	60.4	60.6	60.6	57.6	56.5	57.4	58.9	58.7	54.1	45.7	40.0	35.6	33.5	29.6
2018/02/08 15:29:08	72.2	33.2	33.2	52.7	52.7	61.8	61.8	60.7	60.7	55.8	56.7	62.3	59.8	66.2	60.3	58.9	64.1	62.7	64.3	64.3	61.6	62.2	57.8	57.6	57.9	57.7	58.4	54.1	46.7	42.1	39.4	35.8	36.1
2018/02/08 15:29:09	65.9	27.0	27.0	48.6	48.6	57.5	57.5	57.4	57.4	52.9	52.2	55.7	53.1	55.6	53.3	52.5	59.2	54.0	54.6	57.5	57.4	58.5	53.5	51.1	49.9	49.9	48.8	42.4	35.5	31.1	27.3	25.4	22.3
2018/02/08 15:29:10	65.1	28.3	28.3	46.4	46.4	54.1	54.1	53.5	53.5	52.7	52.2	54.2	52.6	56.4	53.9	52.6	58.2	55.0	53.6	56.2	57.1	56.6	52.9	49.6	49.4	50.1	49.3	42.8	35.2	29.8	25.3	25.0	22.3
2018/02/08 15:29:11	65.5	30.2	30.2	48.5	48.5	57.3	57.3	56.2	56.2	53.6	53.6	53.9	51.3	56.9	52.5	53.1	58.4	57.6	56.5	58.2	54.9	53.8	52.3	51.5	50.5	51.8	51.8	45.5	37.5	33.1	29.4	26.1	23.3
2018/02/08 15:29:12	66.4	28.8	28.8	47.4	47.4	56.4	56.4	57.6	57.6	54.7	57.0	58.2	55.5	59.4	57.0	55.9	60.9	57.1	57.6	56.9	57.2	55.2	52.1	51.9	50.9	52.3	51.0	47.1	38.5	32.3	27.5	23.3	21.9
2018/02/08 15:29:13	69.0	31.2	31.2	51.0	51.0	61.4	61.4	62.0	62.0	61.8	60.9	60.8	58.3	62.0	60.1	59.0	60.4	59.9	59.1	57.9	59.6	57.5	54.8	54.3	55.7	57.8	57.4	53.1	45.0	38.8	33.5	29.4	28.1
2018/02/08 15:29:14	74.4	33.8	33.8	51.7	51.7	59.9	59.9	62.8	62.8	63.6	63.0	66.4	60.5	64.2	62.4	62.7	65.7	65.2	62.8	63.1	62.8	61.1	59.5	60.9	62.3	64.7	65.4	61.2	55.0	52.5	49.2	50.4	45.8
2018/02/08 15:29:15	67.9	35.3	35.3	51.9	51.9	59.4	59.4	60.3	60.3	59.5	56.0	58.8	54.1	56.6	55.9	56.2	59.6	58.9	56.6	60.1	57.8	57.6	54.7	55.0	54.9	55.0	53.8	50.3	44.7	42.8	38.6	39.0	33.2
2018/02/08 15:29:16	67.3	34.5	34.5	50.8	50.8	60.1	60.1	61.2	61.2	58.4	54.3	56.4	53.5	55.2	55.3	55.2	58.1	59.2	58.3	59.4	58.0	57.2	54.8	52.9	52.3	53.0	52.0	49.5	43.4	37.5	32.7	30.7	27.7
2018/02/08 15:29:17	69.7	32.3	32.3	49.3	49.3	61.7	61.7	62.7	62.7	58.5	56.8	58.1	53.0	59.6	59.7	54.3	58.8	59.5	60.0	63.3	60.5	59.9	56.9	54.9	55.4	55.6	54.7	51.2	44.2	40.3	35.6	36.0	33.2
2018/02/08 15:29:18	69.0	32.4	32.4	52.8	52.8	61.4	61.4	60.6	60.6	56.5	56.5	56.7	54.2	60.2	57.7	54.8	58.5	59.3	58.8	61.1	60.2	59.7	56.5	55.4	54.9	55.3	54.8	50.7	45.2	40.8	35.7	32.5	29.1
2018/02/08 15:29:19	69.2	34.9	34.9	57.5	57.5	65.8	65.8	63.4	63.4	59.7	57.7	57.6	56.6	61.1	58.5	55.9	57.4	58.8	59.1	61.0	59.5	59.1	56.2	55.1	56.6	57.1	56.6	52.1	47.8	43.0	39.6	36.1	32.8
2018/02/08 15:29:20	66.8	34.0	34.0	57.9	57.9	65.5	65.5	62.5	62.5	58.7	55.8	57.0	59.2	59.0	53.6	52.4	58.0	58.4	55.9	58.9	58.5	55.0	53.0	51.9	54.6	52.8	53.3	47.9	42.3	36.9	34.5	31.7	28.0
2018/02/08 15:29:21	68.4	34.8	34.8	53.8	53.8	64.1	64.1	63.9	63.9	58.5	56.4	56.6	53.9	57.8	57.0	57.0	59.7	61.1	58.2	59.4	59.7	56.6	55.4	53.7	54.5	54.6	55.8	52.2	45.8	43.1	39.3	36.4	33.9
2018/02/08 15:29:22	68.6	34.3	34.3	50.4	50.4	59.4	59.4	60.3	60.3	58.8	57.6	57.5	51.7	57.5	58.0	55.4	58.5	60.8	59.1	60.7	59.3	57.6	54.7	54.4	53.9	56.1	55.5	50.9	45.4	41.8	39.8	38.7	34.8
2018/02/08 15:29:23	65.4	36.1	36.1	56.6	56.6	65.4	65.4	63.3	63.3	59.1	56.8	55.6	52.8	57.1	55.4	53.2	56.9	56.7	57.0	59.0	56.1	54.8	51.2	49.1	48.7	48.8	48.4	45.9	38.8	33.9	29.3	27.9	24.4
2018/02/08 15:29:24	67.8	34.4	34.4	60.3	60.3	67.0	67.0	65.8	65.8	67.4	62.5	63.0	60.8	63.4	56.2	56.2	58.6	58.0	58.0	61.3	57.2	56.4	54.8	52.2	51.9	52.8	52.8	49.8	44.9	40.4	35.3	33.4	32.3
2018/02/08 15:29:25	64.2	30.4	30.4	52.9	52.9	59.6	59.6	63.4	63.4	66.4	59.1	59.4	56.9	59.0	53.6	53.1	54.8	53.8	53.0	56.2	55.3	54.2	51.6	50.7	49.3	49.1	47.8	44.5	39.9	35.7	31.3	28.9	26.6
2018/02/08 15:29:26	65.6	31.5	31.5	51.0	51.0	59.8	59.8	61.0	61.0	59.8	57.1	55.3	53.0	56.2	55.5	54.2	57.6	56.2	55.6	57.1	56.7	56.6	53.4	50.2	50.5	50.4	50.1	45.6	38.8	34.0	30.3	25.6	24.7
2018/02/08 15:29:27	67.0	33.1	33.1	52.8	52.8	61.0	61.0	64.0	64.0	64.3	59.1	58.9	57.1	59.9	58.1	55.1	57.5	57.4	57.5	57.2	57.5	57.3	53.7	53.3	52.6	53.7	54.0	48.6	41.5	37.9	32.7	30.6	29.0
2018/02/08 15:29:28	67.2	32.9	32.9	52.3	52.3	61.3	61.3	60.8	60.8	59.9	57.5	56.7	53.4	59.4	56.6	53.3	57.2	56.4	57.6	58.2	58.6	57.4	53.4	52.3	52.5	54.3	55.5	52.0	43.5	39.7	36.3	38.5	34.5
2018/02/08 15:29:29	64.1	34.7	34.7	59.0	59.0	65.2	65.2	61.7	61.7	58.6	56.4	57.0	50.6	56.7	55.0	52.5	55.5	54.3	53.8	54.7	55.9	54.0	49.7	49.0	49.6	50.9	51.2	46.8	40.6	37.6	34.8	40.5	33.1
2018/02/08 15:29:30	64.1	32.3	32.3	46.9	46.9	56.8	56.8	58.2	58.2	56.9	55.8	58.4	52.5	56.0	54.2	52.6	53.8	56.9	54.9	54.7	54.5	53.0	49.4	48.8	49.7	52.5	52.0	46.9	41.1	36.8	36.7	34.7	34.3
2018/02/08 15:29:31	62.9	33.8	33.8	48.7	48.7	56.9	56.9	59.0	59.0	58.3	56.9	61.2	53.2	55.3	54.0	51.0	56.6	56.7	53.8	52.6	52.1	50.6	46.4	46.2	47.9	50.4	50.0	45.1	39.1	34.6	33.3	32.5	31.5
2018/02/08 15:29:32	60.5	33.1	33.1	48.7	48.7	57.2	57.2	57.0	57.0	57.5	55.1	56.8	50.0	53.9	54.0	51.5	53.5	52.9	51.6	51.5	51.3	48.0	45.6	44.6	43.9	44.9	45.5	41.7	34.7	29.9	27.6	24.8	22.5
2018/02/08 15:29:33	62.1	33.7	33.7	51.5	51.5	59.7	59.7	62.7	62.7	60.7	59.4	58.5	51.6	57.3	54.7	50.1	52.7	52.7	53.5	52.0	51.2	50.0	48.3	48.4	47.8	49.0	50.4	47.1	40.3	34.6	30.5	26.4	26.0
2018/02/08 15:29:34	63.6	33.6	33.6	52.7	52.7	63.0	63.0	65.5	65.5	63.3	60.8	60.2	53.2	57.3	55.0	51.2	54.5	54.3	53.6	52.5	50.0	49.2	51.1	51.9	50.5	52.1	53.3	48.5	41.5	35.9	32.2	29.4	28.6
2018/02/08 15:29:35	63.7	32.9	32.9	50.9	50.9	59.6	59.6	61.8	61.8	59.2	59.6	59.0	50.4	54.5	55.7	52.4	55.8	53.4	54.7	51.4	50.8	51.3	49.9	52.8	51.3	51.8	53.5	48.6	41.6	35.7	31.3	29.7	28.3
2018/02/08 15:29:36	63.4	30.9	30.9	52.1	52.1	60.6	60.6	62.7	62.7	60.7	60.8	60.7	51.3	54.5	54.8	53.1	56.2	53.3	53.9	49.9	50.8	51.4	50.1	50.9	50.8	51.2	53.1	48.8	41.1	34.9	30.4	28.6	27.1
2018/02/08 15:29:37	64.1	31.0	31.0	50.9	50.9	61.4	61.4	64.5	64.5	61.6	60.0	59.9	52.8	55.4	53.8	53.9	56.7	55.4	55.0	51.0	52.3	51.8	50.6	52.2	50.9	52.1	53.1	49.6	41.1	34.7	30.3	29.1	27.3
2018/02/08 15:29:38	64.1	32.8	32.8	48.0	48.0	61.2	61.2	65.6	65.6	61.5	59.3	58.9	53.1	55.4	53.0	51.9	56.5	55.1	55.0	50.1	53.0	53.1	50.1	52.7	50.6	51.6	53.1	49.1	41.0	35.1	30.5	29.2	27.7
2018/02/08 15:29:39	64.8	29.9	29.9	50.8	50.8	59.9	59.9	64.1	64.1	62.6	60.6	59.9	52.4	54.7	53.7	55.9	57.0	54.8	55.2	50.8	52.3	53.0	50.6	50.9	51.4	52.5	56.8	50.5	44.7	37.6	34.2	34.3	30.8
2018/02/08 15:29:40	65.1	37.4	37.4	53.2	53.2	62.3	62.3	62.8	62.8	59.3	60.1	60.6	53.1	55.8	53.6	55.1	58.6	56.2	56.9	52.6	53.2	53.6	50.7	52.4	51.9	52.3	54.0	50.6	42.9	37.0	32.1	30.6	29.6
2018/02/08 15:29:41	64.9	39.2	39.2	57.6	57.6	66.0	66.0	65.3	65.3	63.1	63.7	63.0	53.6	57.1	55.0	56.4	59.2	56.4	57.1	52.6	52.1	52.9	49.7	51.4	51.1	50.8	52.5	49.0	42.2	36.7	32.5	32.0	30.4
2018/02/08 15:29:42	66.1	40.7	40.7	58.6	58.6	63.2	63.2	63.7	63.7	66.5	68.4	67.2	56.1	58.2	56.3	58.0	60.5	57.9	54.5	54.6	54.6	55.3	51.1	52.5	51.7	51.1	51.8	48.8	43.3	39.3	36.4	36.2	33.7
2018/02/08 15:29:43	66.1	36.7	36.7	57.3	57.3	65.9	65.9	63.3	63.3	66.3	66.5	60.2	53.1	56.3	55.9	56.1	57.3	58.4	54.1	56.1	54.8	57.2	52.4	53.5	51.9	51.6	53.0	49.0	42.9	40.5	35.9	35.3	32.1
2018/02/08 15:29:44	69.2	45.9	45.9	65.9	65.9	75.1	75.1	71.8	71.8	58.6	57.9	61.4	54.6	58.1	62.8	53.7	58.5	60.9	57.8	58.6	56.6	56.7	55.4	55.8	56.6	57.4	59.6	57.1	51.1	49.5	45.6	44.2	42.4
2018/02/08 15:29:45	67.5	44.0	44.0	64.2	64.2	73.0	73.0	69.7	69.7	57.1	57.3	62.1	57.6	58.6	58.6	52.8	57.5	56.0	54.5	56.6	54.8	55.3	54.1	52.4	55.1	56.5	58.8	56.4	52.3	50.9	48.9	50.4	47.9
2018/02/08 15:29:46	62.5	46.0	46.0	61.8	61.8	66.1	66.1	62.3	62.3	56.9	57.2	58.1	50.0	51.9	54.1	50.5	53.9	52.8	52.3	53.0	51.1	51.5	48.9	47.6	48.9	49.3	51.8	49.2	43.4	42.2	40.4	45.0	37.1
2018/02/08 15:29:47	59.9	34.5	34.5	52.8	52.8	62.5	62.5	62.2	62.2	55.0	47.7	50.3	45.6	48.6	49.6	47.2	53.6	57.1	48.1	49.4	48.3	47.2	44.8	43.8	44.1	45.0	44.7	42.3	35.9	32.4	29.8	31.8	24.8
2018/02/08 15:29:48	61.3	36.9	36.9	53.7	53.7	62.1	62.1	62.0	62.0	56.2	51.0	53.6	46.8	51.2	53.5	47.9	53.0	57.0	50.6	50.1	50.7	49.6	47.3	46.1	46.2	47.0	48.3	45.7	39.5	37.1	33.6	30.9	29.3
2018/02/08 15:29:49	62.4	42.3	42.3	54.6	54.6	61.6	61.6	59.7	59.7	59.2	55.3	54.5	49.7	52.6	53.6	52.4	52.8	55.6	51.1	51.7	50.8	50.6	49.0	49.1	48.9	50.2	52.1	48.6	42.2	39.9	37.3	35.8	33.5
2018/02/08 15:29:50	58.6	35.8	35.8	52.8	52.8	61.3	61.3	60.1	60.1	55.9	51.6	52.5	47.7	49.7	48.7	47.0	50.6	50.0	47.6	48.6	49.0	48.3	45.0	44.3	44.0	45.8	46.8	43.4	37.5	34.7	31.0	30.3	25.9
2018/02/08 15:29:51	61.8	35.2	35.2	54.7	54.7	63.4	63.4	61.1	61.1	51.9	51.1	51.6	47.9	50.8	47.7	51.0	53.4	50.8	52.4	53.4	54.0	51.5	48.3	46.6	47.0	49.2	48.8	43.1	37.1	33.2	29.1	27.2	23.2
2018/02/08 15:29:52	60.0	37.1	37.1	55.9	55.9	64.4	64.4	61.4	61.4	51.6	50.2	51.5	45.4	50.6	48.7	48.3	51.1	56.3	49.0	49.6	50.3	49.7	46.3	44.0	44.0	45.0	44.6	41.7	36.0	31.7	30.3	31.0	26.4
2018/02/08 15:29:53	56.4	37.9	37.9	58.6	58.6	67.6	67.6	65.0	65.0	53.4	51.6	50.6	45.2	49.2	48.1	46.8	50.1	49.8	47.6	45.3	44.9	44.8	41.1	40.4	40.8	42.1	41.9	40.2	33.7	29.8	26.4	25.8	22.9
