DataTime                     	dB(A)	16	20	25	31.5	40	50	63	80	100	125	160	200	250	315	400	500	630	800	1000	1250	1600	2000	2500	3150	4000	5000	6300	8000	10000	12500	16000	20000
2018/02/08 16:16:34	58.5	33.9	33.9	47.1	47.1	63.4	63.4	71.9	71.9	71.0	60.1	59.8	56.3	54.7	50.9	49.7	49.9	47.7	45.0	42.0	43.4	42.2	42.5	41.7	41.3	42.1	41.8	38.1	30.7	25.2	22.8	22.5	21.4
2018/02/08 16:16:35	58.3	31.1	31.1	48.0	48.0	58.2	58.2	64.6	64.6	66.8	60.0	58.6	55.4	56.1	50.9	50.0	51.2	49.9	46.1	43.3	43.1	45.2	43.0	45.2	42.8	43.6	42.8	38.6	30.3	24.5	22.4	22.3	21.5
2018/02/08 16:16:36	60.4	32.9	32.9	51.4	51.4	59.3	59.3	64.3	64.3	66.8	63.3	63.7	56.2	57.1	51.3	52.5	54.0	52.9	50.6	46.0	45.3	46.5	44.6	47.1	43.9	44.6	44.1	40.0	31.6	25.3	23.2	22.5	21.4
2018/02/08 16:16:37	63.0	38.2	38.2	52.0	52.0	65.4	65.4	75.4	75.4	73.8	59.7	61.9	55.5	54.7	54.4	53.9	57.7	54.7	55.7	50.2	49.8	48.8	45.1	44.7	43.5	44.2	43.6	40.0	32.6	26.2	23.3	23.2	21.8
2018/02/08 16:16:38	66.0	36.5	36.5	56.1	56.1	64.2	64.2	71.8	71.8	71.8	63.3	65.2	59.4	59.8	59.4	59.5	60.8	61.5	57.2	52.7	50.8	48.8	49.6	50.0	47.9	48.8	47.2	44.4	36.3	30.0	27.1	26.3	26.1
2018/02/08 16:16:39	69.2	37.4	37.4	58.8	58.8	66.1	66.1	70.9	70.9	71.2	67.1	68.3	62.1	64.6	62.0	62.1	62.8	64.7	62.6	56.9	53.2	52.6	50.9	51.2	51.2	52.7	51.7	50.3	41.5	37.4	35.0	33.9	34.6
2018/02/08 16:16:40	75.0	43.6	43.6	60.4	60.4	69.9	69.9	74.7	74.7	74.2	70.1	70.5	68.8	72.5	67.8	68.9	71.3	70.2	65.7	62.7	58.3	57.0	55.6	56.0	56.0	58.7	58.4	56.4	49.9	46.3	46.4	47.3	46.4
2018/02/08 16:16:41	78.6	42.6	42.6	60.9	60.9	73.6	73.6	76.4	76.4	73.0	69.7	71.5	70.3	70.7	68.0	71.3	70.3	72.2	67.0	65.6	65.6	64.9	66.1	65.2	65.7	68.9	67.0	63.3	56.6	49.6	46.1	44.1	41.1
2018/02/08 16:16:42	66.0	40.1	40.1	57.2	57.2	66.8	66.8	70.4	70.4	67.6	63.7	64.9	63.4	61.8	57.2	56.8	57.7	60.3	53.9	53.1	53.1	51.8	52.3	50.9	52.4	54.3	53.0	47.5	38.8	31.8	27.0	26.2	22.9
2018/02/08 16:16:43	62.1	38.8	38.8	52.2	52.2	63.6	63.6	69.5	69.5	67.7	59.3	61.1	60.3	57.7	56.1	54.7	55.4	54.6	51.2	49.7	49.9	47.3	47.5	46.6	46.4	47.6	46.6	41.7	33.4	27.2	23.8	22.6	21.6
2018/02/08 16:16:44	61.0	33.6	33.6	49.1	49.1	62.4	62.4	68.8	68.8	65.6	56.7	58.7	54.9	56.9	54.2	53.4	54.0	51.3	52.0	51.5	49.2	48.0	46.3	45.3	45.3	46.2	44.8	41.2	32.6	26.7	23.7	22.8	21.9
2018/02/08 16:16:45	62.8	34.2	34.2	49.7	49.7	62.8	62.8	66.6	66.6	63.4	58.8	61.0	56.9	59.0	55.6	56.8	55.9	53.7	54.4	54.4	50.4	48.7	48.0	47.1	46.6	47.1	45.1	43.7	34.4	30.4	27.2	25.0	24.2
2018/02/08 16:16:46	69.6	37.6	37.6	54.4	54.4	65.7	65.7	69.4	69.4	66.3	65.5	64.5	57.6	63.8	59.9	62.2	61.9	59.9	63.2	62.6	58.8	55.5	53.7	52.8	53.3	53.9	53.0	49.2	42.7	39.9	38.7	37.5	33.6
2018/02/08 16:16:47	72.9	37.8	37.8	54.5	54.5	68.7	68.7	72.1	72.1	66.7	66.5	66.3	62.7	66.2	61.3	62.7	61.6	62.0	63.6	65.0	65.1	60.7	59.7	58.6	58.7	59.4	58.5	54.9	48.4	43.7	42.1	39.4	35.8
2018/02/08 16:16:48	68.9	38.9	38.9	54.6	54.6	67.1	67.1	69.8	69.8	64.9	63.0	65.9	61.9	64.1	61.9	63.5	62.0	60.1	58.6	56.4	59.2	54.0	55.5	55.1	54.7	56.0	53.3	50.9	42.4	38.5	33.7	29.6	27.9
2018/02/08 16:16:49	64.9	38.8	38.8	52.1	52.1	68.2	68.2	70.9	70.9	64.4	61.6	62.8	58.8	60.5	58.1	58.8	58.1	58.0	55.2	54.1	54.5	49.5	50.1	49.3	49.3	49.4	49.3	44.9	36.9	30.1	27.1	23.8	22.2
2018/02/08 16:16:50	62.9	44.1	44.1	55.8	55.8	72.5	72.5	74.4	74.4	66.1	62.6	62.0	54.6	58.1	55.2	55.4	56.8	55.3	53.1	54.0	49.9	47.6	48.4	46.1	46.1	46.4	45.2	41.1	34.0	28.8	26.2	25.2	23.2
2018/02/08 16:16:51	63.9	43.0	43.0	58.1	58.1	72.8	72.8	73.7	73.7	64.3	63.1	63.3	58.0	60.1	57.5	57.2	57.9	57.4	54.4	53.4	50.3	48.8	47.4	46.3	46.7	46.8	46.9	43.8	39.2	34.2	32.8	33.2	30.4
2018/02/08 16:16:52	65.4	45.6	45.6	61.9	61.9	75.9	75.9	76.4	76.4	66.4	62.9	63.5	57.7	61.7	57.6	56.8	59.3	59.3	55.9	55.0	52.0	49.7	48.5	49.5	50.8	49.7	49.2	44.7	39.3	35.3	33.0	30.6	26.7
2018/02/08 16:16:53	66.8	50.9	50.9	64.4	64.4	77.7	77.7	77.6	77.6	66.6	64.4	64.5	59.8	63.0	58.7	57.2	60.3	58.9	58.4	57.2	54.7	52.5	50.8	50.6	52.2	51.3	50.4	47.7	40.7	35.3	32.1	28.1	24.7
2018/02/08 16:16:54	65.1	42.4	42.4	60.5	60.5	72.2	72.2	71.7	71.7	62.5	61.0	62.3	56.3	61.2	58.7	60.7	59.8	57.0	55.7	53.9	50.1	48.1	48.2	50.7	52.2	50.6	48.5	43.7	38.2	31.8	28.7	24.4	22.3
2018/02/08 16:16:55	64.2	36.5	36.5	56.3	56.3	65.1	65.1	64.7	64.7	63.6	60.3	58.7	56.7	59.6	56.2	61.1	55.8	55.9	55.9	53.7	50.0	49.7	47.9	48.2	49.0	53.9	45.5	42.9	35.2	28.6	24.6	22.8	21.5
2018/02/08 16:16:56	64.6	37.8	37.8	55.8	55.8	65.7	65.7	65.8	65.8	60.9	58.2	57.5	54.6	58.0	55.2	56.9	56.3	56.1	57.5	57.0	54.6	52.4	50.0	48.9	48.7	48.0	45.0	42.9	33.6	29.1	26.0	24.9	23.3
2018/02/08 16:16:57	66.7	40.3	40.3	55.3	55.3	64.6	64.6	64.9	64.9	60.3	55.9	58.1	55.7	60.0	58.6	54.7	56.7	58.1	61.3	61.7	55.1	51.3	48.9	48.3	48.8	48.2	46.6	43.0	35.8	32.5	29.1	27.7	25.9
2018/02/08 16:16:58	64.3	39.6	39.6	54.0	54.0	65.9	65.9	67.1	67.1	61.0	57.2	58.6	52.5	59.1	57.4	54.0	55.8	56.7	57.8	57.8	53.7	49.1	47.1	47.1	46.3	45.9	43.6	40.9	33.7	28.7	24.7	22.8	21.7
2018/02/08 16:16:59	64.1	42.6	42.6	56.7	56.7	72.1	72.1	73.9	73.9	65.6	62.5	62.5	55.2	60.1	57.8	53.9	54.8	56.4	57.2	56.6	53.4	49.4	47.6	45.9	44.9	45.3	43.8	40.1	32.2	26.1	24.2	23.3	21.7
2018/02/08 16:17:00	66.0	50.5	50.5	64.5	64.5	78.2	78.2	78.3	78.3	67.0	65.4	65.6	55.1	59.7	57.6	54.8	56.1	58.6	59.4	59.1	54.1	50.2	48.2	47.1	47.0	46.7	44.8	41.0	35.1	28.6	26.7	26.1	23.7
2018/02/08 16:17:01	64.0	48.3	48.3	65.6	65.6	76.0	76.0	74.0	74.0	67.2	66.6	65.4	54.5	57.8	56.1	54.1	54.3	55.1	56.8	56.1	52.7	49.2	48.0	46.7	46.4	45.0	48.4	38.7	32.8	28.0	24.0	25.7	21.1
2018/02/08 16:17:02	63.5	41.4	41.4	62.6	62.6	71.1	71.1	68.3	68.3	62.1	61.2	61.1	54.0	57.8	56.4	52.5	54.4	55.6	55.7	56.8	53.7	50.7	48.2	47.3	44.6	44.0	42.4	37.7	30.6	30.9	22.5	23.5	21.0
2018/02/08 16:17:03	66.8	40.2	40.2	60.3	60.3	68.9	68.9	66.3	66.3	62.1	64.2	63.3	55.4	59.1	57.8	57.2	58.2	58.1	58.8	60.3	57.1	54.8	53.4	51.5	50.3	48.4	46.9	43.4	35.9	30.9	25.7	24.5	23.3
2018/02/08 16:17:04	71.8	40.9	40.9	58.4	58.4	67.5	67.5	66.9	66.9	65.9	62.1	63.5	59.3	62.2	62.1	60.9	62.2	63.0	65.2	65.6	62.6	59.7	57.2	55.7	54.2	53.9	51.8	49.0	41.5	38.7	35.3	32.3	29.4
2018/02/08 16:17:05	74.8	45.8	45.8	65.5	65.5	74.3	74.3	71.6	71.6	72.5	71.3	66.3	62.4	66.9	64.6	61.4	63.3	64.7	67.5	70.2	65.6	60.6	59.2	56.7	57.0	58.3	57.2	52.8	47.6	45.0	44.7	44.3	40.0
2018/02/08 16:17:06	73.0	45.0	45.0	59.7	59.7	69.6	69.6	69.2	69.2	67.0	66.5	65.1	59.7	64.8	61.6	59.5	62.3	64.3	68.0	68.3	62.3	58.3	55.2	51.9	51.6	52.3	50.7	46.0	40.2	36.2	34.1	33.0	30.0
2018/02/08 16:17:07	64.6	37.6	37.6	56.2	56.2	67.5	67.5	67.2	67.2	60.7	59.6	60.5	56.2	59.4	57.1	54.0	55.2	55.9	57.1	59.1	55.3	51.3	47.8	45.0	44.7	43.8	42.1	38.6	30.6	25.1	22.6	22.5	21.2
2018/02/08 16:17:08	62.4	36.6	36.6	49.8	49.8	61.7	61.7	64.1	64.1	60.2	58.4	58.4	52.2	57.3	54.7	52.7	54.0	53.4	54.8	56.1	53.2	49.7	46.4	44.1	42.8	42.6	42.1	38.2	29.9	24.2	22.6	22.3	21.3
2018/02/08 16:17:09	64.4	36.5	36.5	52.3	52.3	63.0	63.0	64.3	64.3	61.7	58.6	58.1	52.7	56.9	54.4	53.0	54.8	55.8	57.9	59.1	55.4	50.8	47.5	45.9	45.2	45.3	43.8	39.4	32.2	26.0	23.8	24.1	22.5
2018/02/08 16:17:10	67.7	39.3	39.3	55.0	55.0	65.3	65.3	65.4	65.4	61.0	58.4	58.5	51.4	59.1	57.7	55.1	56.7	57.9	63.0	62.7	57.1	53.8	50.0	47.7	48.1	48.1	47.4	42.7	35.9	29.5	26.0	25.4	22.7
2018/02/08 16:17:11	67.2	36.3	36.3	54.2	54.2	63.5	63.5	65.3	65.3	63.0	60.1	61.1	56.3	61.2	59.8	57.8	58.2	58.6	60.4	61.3	57.9	53.4	50.9	49.6	48.1	47.5	46.3	43.0	34.8	29.1	25.6	25.3	24.1
2018/02/08 16:17:12	70.6	38.6	38.6	56.6	56.6	66.5	66.5	67.0	67.0	64.4	61.6	63.5	58.3	64.2	63.3	60.8	64.7	63.4	64.6	63.2	59.1	56.6	54.5	51.8	51.9	52.1	51.9	51.2	41.2	36.4	32.8	30.4	28.7
2018/02/08 16:17:13	73.3	43.0	43.0	60.7	60.7	70.7	70.7	71.5	71.5	68.6	64.4	66.7	61.8	68.8	64.6	62.2	64.4	66.3	67.7	67.0	61.9	57.8	56.0	54.2	54.3	55.1	56.1	53.8	45.4	41.0	40.0	38.6	37.5
2018/02/08 16:17:14	72.5	39.8	39.8	56.5	56.5	66.4	66.4	68.8	68.8	66.5	62.5	62.9	59.0	64.0	63.3	61.3	63.6	65.1	68.3	66.1	61.1	56.2	54.0	52.7	53.6	54.2	53.2	50.0	42.6	39.4	38.8	39.5	38.5
2018/02/08 16:17:15	66.6	41.0	41.0	57.1	57.1	68.9	68.9	70.1	70.1	64.3	59.1	61.5	58.0	62.1	57.4	54.1	57.3	59.4	61.2	60.4	55.7	51.4	48.1	46.6	45.5	46.0	44.6	41.6	33.7	29.1	25.7	26.2	23.9
2018/02/08 16:17:16	62.5	39.1	39.1	54.1	54.1	66.4	66.4	69.3	69.3	64.3	61.3	62.7	55.4	58.1	55.9	54.2	55.4	53.2	54.5	54.6	52.1	49.4	45.7	44.9	44.9	44.3	42.5	38.5	31.2	26.1	24.0	24.9	22.6
2018/02/08 16:17:17	63.6	38.8	38.8	55.8	55.8	65.5	65.5	69.7	69.7	68.8	60.6	59.7	51.7	57.2	55.6	51.8	55.9	54.9	57.0	55.4	51.6	50.5	48.7	46.7	47.4	45.7	43.4	40.5	31.9	27.9	53.4	25.1	22.7
2018/02/08 16:17:18	66.8	39.1	39.1	58.9	58.9	67.7	67.7	69.4	69.4	67.7	60.5	60.0	53.5	58.4	58.2	54.0	56.8	58.3	60.3	60.8	55.9	53.3	52.4	49.4	49.7	48.1	45.4	42.1	33.6	29.1	57.3	27.2	24.6
2018/02/08 16:17:19	66.7	39.0	39.0	58.0	58.0	67.3	67.3	70.1	70.1	65.2	57.2	57.5	55.2	61.1	58.9	54.5	58.3	57.8	59.7	60.5	57.2	52.5	51.6	49.2	49.6	48.6	46.7	43.5	35.6	29.4	47.9	28.7	23.7
2018/02/08 16:17:20	65.6	42.6	42.6	58.1	58.1	68.8	68.8	68.4	68.4	60.2	56.5	58.0	53.8	58.9	58.1	57.9	59.4	56.1	58.1	57.7	54.6	53.1	52.1	49.9	48.0	49.8	45.7	43.0	33.7	45.6	30.8	50.1	58.2
2018/02/08 16:17:21	65.3	39.5	39.5	54.0	54.0	65.7	65.7	66.5	66.5	59.3	56.9	57.9	54.0	58.9	57.7	57.1	58.4	57.7	57.8	57.6	54.9	51.6	50.9	49.0	47.4	49.2	46.8	43.9	33.9	28.3	46.5	51.6	48.7
2018/02/08 16:17:22	63.8	39.8	39.8	55.1	55.1	65.7	65.7	66.4	66.4	59.1	55.4	56.9	54.5	57.9	56.0	55.1	56.1	57.2	55.8	55.8	52.5	49.8	49.0	49.2	48.5	48.9	47.2	44.4	33.2	27.1	24.1	27.6	21.8
2018/02/08 16:17:23	64.0	37.8	37.8	53.6	53.6	65.4	65.4	65.8	65.8	58.5	54.6	56.6	55.3	57.7	57.3	55.6	56.6	57.8	55.3	55.8	51.6	49.3	50.5	48.9	48.6	49.4	47.3	45.2	32.8	27.3	23.1	22.3	21.1
2018/02/08 16:17:24	66.0	38.4	38.4	53.3	53.3	65.6	65.6	66.1	66.1	59.1	55.6	56.5	57.2	59.6	57.0	56.8	60.2	61.2	58.1	57.3	53.2	52.1	50.9	50.3	49.2	50.0	49.4	46.5	35.1	28.9	24.4	23.0	21.3
2018/02/08 16:17:25	68.0	37.7	37.7	55.1	55.1	68.3	68.3	69.4	69.4	62.6	59.8	61.0	61.0	60.4	59.7	60.5	63.6	63.4	60.7	57.5	53.1	51.1	51.2	50.9	49.6	51.6	50.3	49.0	37.0	31.1	27.2	24.3	22.7
2018/02/08 16:17:26	71.1	38.0	38.0	58.3	58.3	67.7	67.7	69.0	69.0	67.9	65.5	66.4	65.3	66.6	64.6	63.0	67.8	66.8	63.9	59.8	55.1	52.3	50.8	49.4	49.4	49.6	49.5	52.8	40.9	36.8	34.0	32.1	30.5
2018/02/08 16:17:27	72.3	42.1	42.1	60.7	60.7	70.2	70.2	69.9	69.9	65.8	68.0	69.6	68.8	68.6	64.9	64.6	67.7	68.4	64.1	60.7	57.4	53.7	52.2	51.1	50.8	53.5	52.0	58.2	45.6	41.6	38.8	36.2	34.3
2018/02/08 16:17:28	74.7	42.7	42.7	58.6	58.6	67.5	67.5	67.8	67.8	66.4	65.9	67.7	67.8	70.5	64.6	64.9	67.0	67.7	66.4	64.8	59.8	57.1	58.4	56.7	57.5	59.8	60.6	68.2	50.5	46.8	47.1	46.9	43.5
2018/02/08 16:17:29	75.3	46.6	46.6	65.3	65.3	72.6	72.6	70.9	70.9	65.8	62.1	65.1	62.5	63.9	61.1	61.8	63.3	64.1	67.2	69.1	64.3	62.0	64.3	58.3	59.4	62.2	58.6	65.4	46.9	43.2	43.5	43.3	37.4
2018/02/08 16:17:30	70.4	44.3	44.3	62.4	62.4	71.2	71.2	68.7	68.7	62.6	62.3	63.6	59.6	62.3	59.7	59.9	63.4	62.9	64.4	62.5	59.0	57.4	57.7	53.7	51.2	54.5	51.5	52.9	39.3	35.3	32.4	29.1	28.1
2018/02/08 16:17:31	72.8	42.4	42.4	63.6	63.6	72.3	72.3	71.3	71.3	64.5	61.4	63.4	59.8	66.7	61.9	61.0	64.4	64.6	69.4	65.8	60.0	57.3	56.7	52.4	51.0	53.4	51.3	50.2	40.3	36.5	33.2	31.6	30.5
2018/02/08 16:17:32	65.4	40.1	40.1	60.2	60.2	66.2	66.2	64.4	64.4	60.1	57.8	59.7	55.3	60.0	56.6	53.2	55.4	56.0	59.1	59.7	54.7	51.8	51.0	47.5	46.5	48.4	45.4	44.7	33.3	28.0	24.6	23.9	23.0
2018/02/08 16:17:33	64.7	39.8	39.8	58.9	58.9	67.1	67.1	65.8	65.8	58.7	55.8	57.7	51.3	58.2	56.1	54.2	56.5	56.3	59.0	57.4	53.7	51.5	50.2	48.5	47.0	47.8	45.4	43.7	35.8	29.1	25.9	26.1	26.9
2018/02/08 16:17:34	68.9	37.4	37.4	55.1	55.1	65.6	65.6	65.4	65.4	60.4	59.2	59.3	54.2	61.4	60.9	57.5	61.5	61.0	63.2	60.8	58.0	54.6	53.6	51.7	52.5	53.9	53.5	49.0	43.3	38.3	37.6	35.6	35.5
2018/02/08 16:17:35	73.1	38.1	38.1	56.8	56.8	64.4	64.4	65.7	65.7	63.7	61.8	63.2	59.1	65.1	65.4	63.0	65.7	65.4	68.4	66.3	61.5	58.7	55.8	54.5	53.5	53.7	51.4	49.1	42.5	40.2	39.2	40.8	40.0
2018/02/08 16:17:36	76.4	42.0	42.0	57.1	57.1	62.5	62.5	68.0	68.0	69.0	64.4	66.5	62.0	68.5	64.0	64.8	67.5	67.9	73.1	69.0	66.1	61.7	58.8	55.2	55.2	55.2	53.7	49.6	44.0	39.8	39.0	42.1	41.5
2018/02/08 16:17:37	75.8	40.4	40.4	51.5	51.5	59.2	59.2	66.1	66.1	67.8	63.7	64.7	61.0	66.8	64.2	65.2	66.3	65.5	70.4	71.0	65.7	61.6	58.1	56.4	56.0	56.1	54.1	50.5	43.9	39.9	36.1	35.2	31.5
2018/02/08 16:17:38	67.6	36.7	36.7	50.7	50.7	60.5	60.5	64.0	64.0	62.8	58.8	62.4	57.3	61.3	59.7	57.8	57.5	57.6	60.6	63.0	58.5	53.6	49.6	46.5	44.9	45.1	43.3	39.9	35.9	26.3	23.9	23.6	22.2
2018/02/08 16:17:39	64.6	34.7	34.7	49.8	49.8	59.5	59.5	61.9	61.9	60.5	57.9	59.4	54.4	60.6	59.1	55.5	56.8	57.4	56.8	57.2	54.3	51.3	49.4	49.0	45.2	44.7	44.3	39.8	38.4	27.2	23.7	22.3	21.3
2018/02/08 16:17:40	66.3	33.0	33.0	51.7	51.7	60.5	60.5	61.7	61.7	60.6	57.0	59.3	55.8	62.3	60.9	55.9	58.9	57.7	59.3	59.3	56.1	52.6	49.5	49.0	50.3	48.4	46.8	44.0	41.7	33.0	28.3	25.0	22.9
2018/02/08 16:17:41	73.1	36.3	36.3	58.6	58.6	65.6	65.6	65.2	65.2	65.1	63.1	65.4	59.9	65.4	65.5	62.5	65.1	66.1	68.0	66.6	62.2	57.4	56.6	54.2	52.9	53.6	52.5	48.8	42.6	39.5	34.6	33.9	31.8
2018/02/08 16:17:42	71.4	34.8	34.8	58.8	58.8	66.3	66.3	66.4	66.4	64.3	59.7	61.4	58.4	65.1	63.6	57.6	59.5	61.7	67.1	66.5	61.1	55.1	52.2	50.4	49.3	48.9	47.9	43.5	36.5	31.5	28.6	28.7	26.3
2018/02/08 16:17:43	59.5	37.5	37.5	52.0	52.0	64.8	64.8	65.5	65.5	57.4	59.1	58.7	52.3	56.3	55.9	51.3	51.8	50.1	49.7	51.6	49.0	45.6	43.4	42.5	42.2	44.3	40.7	36.7	28.8	23.6	21.8	22.5	21.1
2018/02/08 16:17:44	57.6	29.5	29.5	49.2	49.2	61.8	61.8	62.1	62.1	56.5	59.3	56.8	50.9	53.0	52.6	50.1	49.7	49.8	47.8	49.2	45.0	43.6	41.1	41.7	41.5	43.1	40.7	36.3	28.9	23.7	21.8	21.8	20.7
2018/02/08 16:17:45	58.0	35.5	35.5	50.5	50.5	67.0	67.0	69.3	69.3	61.4	60.8	61.2	51.4	54.6	52.4	50.9	51.2	48.4	48.1	47.2	43.4	42.5	40.9	41.4	41.9	43.6	40.4	36.3	29.1	23.5	21.6	21.8	21.0
2018/02/08 16:17:46	60.4	38.1	38.1	50.2	50.2	69.9	69.9	72.9	72.9	64.4	64.5	64.8	49.2	54.4	52.9	51.8	53.6	52.3	50.2	46.8	47.9	45.3	42.7	44.4	44.7	44.5	43.4	40.0	30.1	24.8	22.9	22.2	21.1
2018/02/08 16:17:47	59.1	32.0	32.0	47.4	47.4	61.4	61.4	64.6	64.6	58.5	54.0	55.4	49.0	52.5	52.7	52.4	54.6	53.0	50.5	50.3	47.1	41.4	41.1	42.4	41.2	42.8	40.1	36.5	29.8	24.2	22.3	22.3	21.2
2018/02/08 16:17:48	58.7	31.0	31.0	45.6	45.6	62.2	62.2	66.9	66.9	61.2	53.7	55.1	46.5	52.4	52.4	51.8	53.8	52.3	49.5	48.6	42.1	40.1	40.2	43.7	44.5	45.7	43.3	38.8	32.4	25.7	23.1	22.0	21.1
2018/02/08 16:17:49	65.2	43.8	43.8	58.7	58.7	65.6	65.6	69.2	69.2	66.7	63.2	64.6	58.0	60.2	57.9	60.3	62.5	59.0	58.4	52.1	46.3	44.6	45.7	43.7	44.9	45.8	44.7	39.0	33.6	27.0	24.0	22.6	21.3
2018/02/08 16:17:50	55.9	29.6	29.6	47.5	47.5	60.8	60.8	66.3	66.3	61.4	52.9	54.1	44.9	50.7	49.3	48.8	51.3	48.9	45.7	45.5	39.6	39.4	39.4	39.7	40.3	41.6	40.3	36.1	28.8	23.7	21.8	22.0	20.9
2018/02/08 16:17:51	54.2	28.9	28.9	46.6	46.6	57.6	57.6	60.7	60.7	55.8	52.2	54.3	44.0	49.1	47.1	47.7	49.0	45.9	42.9	42.3	40.0	40.2	40.5	40.0	40.1	41.3	40.2	36.0	28.8	23.8	21.6	21.9	20.7
2018/02/08 16:17:52	54.0	28.4	28.4	45.3	45.3	56.4	56.4	59.9	59.9	55.8	51.0	53.1	46.0	48.8	46.3	46.7	48.3	46.4	44.0	41.0	41.7	40.2	40.0	39.7	40.1	40.8	40.1	35.9	29.0	23.6	21.6	21.8	21.0
2018/02/08 16:17:53	55.0	30.3	30.3	47.2	47.2	59.1	59.1	65.8	65.8	62.6	51.7	54.7	45.9	50.3	48.9	47.3	49.0	47.6	44.0	40.8	40.1	39.8	40.0	40.4	40.5	40.9	40.0	35.7	28.1	23.3	21.6	21.8	21.1
2018/02/08 16:17:54	54.9	27.9	27.9	45.5	45.5	57.0	57.0	62.6	62.6	59.0	50.3	54.0	47.4	52.6	49.3	48.4	49.0	47.7	43.6	40.9	39.2	39.9	39.9	40.0	40.4	41.7	40.0	35.6	28.4	23.5	21.9	22.1	21.1
2018/02/08 16:17:55	53.8	28.2	28.2	45.5	45.5	56.3	56.3	58.6	58.6	56.1	52.0	50.0	43.8	50.0	47.7	45.1	47.3	47.3	43.5	41.3	39.4	39.2	40.3	40.2	40.4	40.5	40.0	36.1	29.0	23.4	21.6	21.9	21.0
2018/02/08 16:17:56	55.6	28.7	28.7	46.9	46.9	57.3	57.3	57.9	57.9	52.9	50.3	49.9	44.3	50.5	48.5	47.4	49.6	51.8	46.8	43.2	41.1	40.0	39.8	40.1	40.4	41.0	40.7	36.4	29.3	24.2	21.9	22.0	21.0
2018/02/08 16:17:57	54.2	31.2	31.2	46.4	46.4	57.2	57.2	58.4	58.4	55.1	49.6	49.9	45.0	52.4	46.5	45.9	50.0	47.0	44.1	41.9	39.1	39.5	39.0	40.2	39.7	40.3	39.5	36.0	29.1	23.8	22.1	22.0	21.2
2018/02/08 16:17:58	54.5	27.4	27.4	44.0	44.0	54.7	54.7	57.6	57.6	55.9	51.4	50.5	44.2	52.2	45.6	46.5	49.9	48.3	44.4	42.1	39.2	39.4	40.2	40.3	40.4	40.3	39.7	35.7	28.8	23.5	21.9	22.1	20.9
2018/02/08 16:17:59	54.4	30.5	30.5	47.8	47.8	55.5	55.5	57.7	57.7	57.4	52.8	50.9	46.5	51.5	47.4	46.8	51.3	46.3	43.9	40.9	39.1	39.9	40.1	39.5	39.4	40.1	39.4	35.6	28.1	23.3	21.8	21.8	20.9
2018/02/08 16:18:00	53.9	31.2	31.2	48.9	48.9	59.2	59.2	59.0	59.0	55.0	51.1	50.1	45.8	50.7	47.5	47.2	49.1	46.1	43.6	40.8	39.5	39.5	39.6	39.7	39.5	40.3	39.7	35.7	28.3	23.1	21.4	21.7	20.7
2018/02/08 16:18:01	58.3	30.9	30.9	46.7	46.7	56.9	56.9	57.1	57.1	53.8	51.0	50.4	44.7	52.7	48.3	47.9	53.4	56.5	44.6	44.6	46.5	40.9	40.2	41.0	41.0	42.1	43.4	37.7	29.8	24.0	21.8	22.0	21.0
2018/02/08 16:18:02	59.0	37.3	37.3	54.1	54.1	60.0	60.0	58.9	58.9	54.7	52.7	52.1	47.4	51.4	49.8	49.6	54.6	53.6	49.1	46.4	47.9	46.2	44.1	42.7	43.7	44.1	45.0	38.2	30.0	25.9	22.9	22.5	21.0
2018/02/08 16:18:03	55.8	35.2	35.2	54.0	54.0	59.3	59.3	57.4	57.4	54.0	52.7	52.7	47.5	53.0	51.4	50.3	50.2	49.2	45.5	43.2	40.5	41.5	41.1	40.8	40.5	41.4	40.2	35.8	28.7	23.8	21.6	21.9	20.7
2018/02/08 16:18:04	56.5	36.0	36.0	52.3	52.3	56.9	56.9	55.5	55.5	55.0	53.5	53.1	45.8	55.8	50.6	47.3	51.4	50.5	47.3	43.9	41.2	41.1	43.1	41.0	40.0	41.3	39.6	35.8	28.5	23.5	21.9	21.9	20.8
2018/02/08 16:18:05	66.2	36.2	36.2	57.7	57.7	63.5	63.5	62.3	62.3	58.6	58.5	58.8	53.6	64.0	63.8	60.5	63.5	59.9	54.8	50.8	47.8	49.3	48.0	47.5	49.8	52.5	50.6	46.1	39.6	37.2	36.3	34.7	35.4
2018/02/08 16:18:06	57.5	35.1	35.1	62.4	62.4	68.3	68.3	63.6	63.6	56.0	52.9	54.3	49.5	55.4	51.8	51.9	49.6	49.1	45.7	44.1	42.0	43.2	46.5	42.9	43.0	43.4	42.6	42.0	36.9	33.5	31.9	26.8	26.3
2018/02/08 16:18:07	64.0	34.4	34.4	57.1	57.1	64.0	64.0	67.9	67.9	65.9	61.3	59.5	56.3	62.3	59.5	58.0	60.0	56.2	52.4	51.0	47.2	48.5	48.5	47.3	49.7	51.0	47.5	43.4	36.7	33.0	26.1	25.1	24.0
2018/02/08 16:18:08	60.7	30.9	30.9	50.3	50.3	57.6	57.6	63.9	63.9	63.2	55.0	53.6	48.3	55.1	52.9	50.3	52.3	58.5	49.6	48.0	45.9	44.9	45.3	46.9	47.5	44.2	41.7	38.9	30.4	25.1	22.1	22.1	20.9
2018/02/08 16:18:09	57.8	28.5	28.5	50.5	50.5	58.4	58.4	60.1	60.1	63.2	60.2	55.0	50.4	54.8	50.1	50.5	50.3	51.2	48.6	46.6	43.4	42.8	44.9	42.5	41.5	42.8	41.5	37.0	30.2	24.8	22.0	22.1	20.8
2018/02/08 16:18:10	60.3	41.2	41.2	59.8	59.8	69.6	69.6	68.4	68.4	63.9	61.1	55.7	51.6	58.9	52.2	52.7	53.2	53.6	51.3	49.1	46.0	45.4	47.7	44.2	43.6	44.0	42.1	37.9	30.3	25.0	22.2	22.1	21.2
2018/02/08 16:18:11	62.2	39.1	39.1	55.4	55.4	69.8	69.8	71.1	71.1	63.2	61.5	59.2	52.1	59.2	54.0	56.4	55.3	56.3	52.8	51.8	49.2	47.3	48.3	46.6	46.4	45.5	43.4	38.4	31.7	25.4	22.8	22.3	21.7
2018/02/08 16:18:12	63.8	39.5	39.5	55.0	55.0	71.1	71.1	74.8	74.8	68.1	57.6	59.7	52.6	61.9	56.9	57.1	54.8	56.9	54.7	53.9	48.9	48.5	50.0	48.2	48.7	47.6	47.2	42.3	34.9	28.9	25.5	24.5	26.6
2018/02/08 16:18:13	64.7	38.7	38.7	54.0	54.0	71.0	71.0	74.6	74.6	67.8	59.6	58.4	54.4	62.5	58.1	57.6	56.8	56.3	54.0	53.7	49.3	49.4	51.8	51.1	50.8	50.4	50.4	50.8	44.8	40.5	37.7	33.7	38.9
2018/02/08 16:18:14	65.1	38.8	38.8	56.0	56.0	68.1	68.1	69.1	69.1	64.1	62.6	60.9	54.6	64.8	58.7	60.1	58.1	57.1	55.9	52.9	50.1	50.5	51.8	49.6	48.8	49.9	48.9	46.0	39.5	34.5	33.5	32.6	33.3
2018/02/08 16:18:15	66.8	41.6	41.6	56.2	56.2	69.3	69.3	69.9	69.9	63.9	64.2	62.2	56.4	67.7	61.1	61.2	59.6	59.7	58.3	54.4	52.5	51.9	52.0	49.5	49.7	49.7	47.7	44.9	35.9	29.6	25.4	23.4	22.4
2018/02/08 16:18:16	69.9	41.9	41.9	56.7	56.7	72.1	72.1	74.2	74.2	67.6	65.1	65.6	59.8	67.3	63.1	62.2	63.2	63.9	62.2	58.5	57.4	55.5	55.1	55.2	53.4	53.7	52.4	49.4	41.3	34.6	29.6	26.4	24.2
2018/02/08 16:18:17	74.2	43.7	43.7	56.4	56.4	73.0	73.0	75.7	75.7	70.3	67.9	67.5	64.2	70.1	65.4	65.0	67.3	67.7	68.6	63.5	59.9	59.2	59.1	58.4	59.9	59.1	57.2	55.3	47.5	42.8	38.8	33.4	31.5
2018/02/08 16:18:18	78.6	45.5	45.5	60.5	60.5	76.2	76.2	79.3	79.3	72.8	70.4	72.9	66.7	70.2	68.7	68.9	71.0	72.7	71.2	68.5	66.1	66.4	65.6	60.3	63.0	63.8	66.9	59.5	55.5	50.9	47.4	44.0	41.1
2018/02/08 16:18:19	76.7	51.8	51.8	63.8	63.8	82.7	82.7	86.2	86.2	78.5	71.9	73.0	69.0	72.4	67.8	68.4	69.8	71.6	68.5	66.0	63.6	63.4	61.2	57.5	59.3	60.5	61.6	55.5	49.6	46.3	41.5	41.1	38.6
2018/02/08 16:18:20	72.7	40.8	40.8	61.8	61.8	71.1	71.1	71.1	71.1	66.9	67.6	68.0	62.9	68.3	66.6	65.1	66.3	66.5	63.3	61.6	59.7	57.9	56.3	56.3	58.6	59.8	59.3	58.4	51.8	46.8	42.7	40.2	36.8
2018/02/08 16:18:21	61.6	38.0	38.0	56.2	56.2	65.5	65.5	64.7	64.7	62.3	60.9	61.3	55.5	59.3	55.6	52.8	54.0	54.3	53.2	52.5	49.7	47.9	45.7	45.1	44.6	46.1	43.4	40.6	32.0	26.1	23.1	22.4	21.1
2018/02/08 16:18:22	63.6	38.8	38.8	55.4	55.4	65.2	65.2	64.3	64.3	61.2	57.3	57.0	52.5	56.5	54.5	55.1	58.0	55.6	56.7	56.1	51.5	49.4	47.5	47.9	46.6	48.9	44.8	43.5	34.1	29.0	24.4	23.7	23.0
2018/02/08 16:18:23	66.7	38.1	38.1	60.1	60.1	67.9	67.9	64.8	64.8	60.6	59.1	59.2	53.6	60.1	56.4	54.9	59.8	59.6	61.1	59.8	55.8	50.0	48.8	47.7	47.8	52.8	49.7	45.5	38.7	33.7	30.8	29.0	28.0
2018/02/08 16:18:24	63.5	33.7	33.7	54.7	54.7	63.0	63.0	63.7	63.7	60.7	54.9	55.2	49.1	55.1	55.3	52.1	56.0	55.6	57.7	57.3	53.1	47.9	45.4	45.2	45.1	46.0	46.0	43.7	35.9	31.1	29.0	27.9	26.5
2018/02/08 16:18:25	63.6	32.2	32.2	48.8	48.8	58.6	58.6	60.4	60.4	61.2	59.1	57.9	54.5	57.5	56.7	55.2	56.8	54.6	56.1	54.3	51.9	48.8	49.4	48.7	48.8	50.8	49.6	46.7	39.2	34.6	32.9	30.1	29.0
2018/02/08 16:18:26	64.2	38.0	38.0	53.6	53.6	62.8	62.8	65.3	65.3	63.0	59.7	59.7	55.4	57.5	54.3	52.0	53.2	55.6	57.0	57.4	53.7	50.8	50.4	48.0	48.1	49.3	49.9	45.8	38.4	33.7	33.5	33.6	33.0
2018/02/08 16:18:27	59.4	34.1	34.1	60.1	60.1	67.3	67.3	65.8	65.8	63.0	58.7	57.4	52.2	55.6	50.6	49.9	46.7	52.0	51.5	50.8	48.6	48.1	43.8	42.0	42.2	43.4	42.0	37.8	30.6	25.9	24.6	24.4	23.0
2018/02/08 16:18:28	56.8	32.4	32.4	54.9	54.9	61.9	61.9	60.2	60.2	57.3	51.8	56.1	46.6	53.4	50.5	45.3	47.5	49.0	46.4	45.1	45.3	45.1	44.1	42.8	43.7	42.9	43.2	37.5	29.4	24.3	22.2	22.0	21.2
2018/02/08 16:18:29	54.5	28.4	28.4	46.0	46.0	55.1	55.1	55.8	55.8	53.3	49.3	50.2	46.1	50.6	48.2	47.3	46.4	46.5	45.1	43.0	43.4	41.7	40.3	41.1	40.4	40.8	40.0	35.9	29.1	24.5	22.5	22.4	21.4
2018/02/08 16:18:30	53.8	28.3	28.3	45.7	45.7	54.5	54.5	55.0	55.0	51.1	49.2	50.3	45.3	49.3	46.3	45.9	47.8	45.1	43.8	43.4	42.2	41.4	40.0	39.6	40.3	39.8	39.8	35.6	28.9	23.9	22.2	22.9	21.7
2018/02/08 16:18:31	57.0	30.6	30.6	47.5	47.5	57.6	57.6	57.1	57.1	53.1	50.5	48.8	45.2	50.0	50.0	46.7	47.5	47.9	45.6	44.1	45.7	44.4	42.9	45.4	46.0	45.7	45.8	40.3	36.7	29.2	25.8	23.1	21.0
2018/02/08 16:18:32	54.6	31.1	31.1	48.1	48.1	57.8	57.8	57.3	57.3	53.4	51.1	50.6	44.6	49.1	47.4	44.6	45.9	44.9	43.3	42.0	42.2	40.8	41.3	41.3	45.1	43.3	42.7	39.7	33.4	28.2	25.4	27.1	22.6
2018/02/08 16:18:33	54.8	27.6	27.6	48.0	48.0	57.5	57.5	58.1	58.1	55.5	50.1	47.6	44.5	49.3	45.7	45.9	47.0	45.1	43.3	43.0	41.7	40.7	40.8	41.3	44.1	44.2	43.6	40.7	36.2	31.2	29.1	29.6	25.4
2018/02/08 16:18:34	59.9	29.7	29.7	47.4	47.4	56.9	56.9	56.6	56.6	52.9	51.1	50.7	47.3	51.4	47.3	49.3	48.7	48.0	45.8	45.1	44.2	44.0	43.6	44.9	54.7	50.1	47.7	45.4	40.3	38.1	33.9	35.6	25.4
2018/02/08 16:18:35	56.7	31.0	31.0	48.3	48.3	58.2	58.2	57.2	57.2	53.5	49.5	50.2	43.6	49.4	47.9	45.7	47.3	47.9	45.1	44.9	43.8	41.9	42.4	43.4	47.1	46.7	45.8	42.6	37.6	33.9	28.0	26.9	22.6
2018/02/08 16:18:36	55.2	30.9	30.9	49.0	49.0	58.3	58.3	57.2	57.2	51.7	49.5	50.6	46.0	50.7	51.4	45.9	47.9	44.7	44.7	43.7	42.5	40.5	40.9	40.6	43.9	43.1	42.6	40.7	32.2	28.0	23.8	23.3	21.6
2018/02/08 16:18:37	54.0	29.2	29.2	46.1	46.1	56.6	56.6	56.3	56.3	51.9	49.5	48.1	43.6	49.1	44.7	43.2	47.2	46.4	45.5	44.5	42.0	40.7	40.4	39.9	40.6	40.7	40.2	37.6	29.7	25.0	22.8	22.2	21.0
2018/02/08 16:18:38	55.4	30.5	30.5	46.1	46.1	56.1	56.1	56.1	56.1	53.2	48.6	50.0	48.1	51.8	48.3	48.8	48.6	48.4	45.3	46.2	41.8	42.4	39.9	40.5	41.3	41.2	40.8	37.0	30.4	25.8	23.8	23.5	21.8
2018/02/08 16:18:39	53.7	31.7	31.7	48.4	48.4	59.2	59.2	58.9	58.9	52.4	49.7	49.7	44.7	49.3	47.6	45.3	46.5	44.7	44.3	44.4	40.7	40.6	39.5	39.3	40.0	39.8	40.0	35.8	29.2	24.0	21.9	22.2	21.1
2018/02/08 16:18:40	54.9	32.4	32.4	48.3	48.3	60.0	60.0	60.5	60.5	54.6	50.5	49.8	45.0	49.3	48.5	46.9	47.8	46.5	46.7	46.0	43.0	41.7	40.5	40.2	39.8	40.8	39.8	35.6	28.4	23.1	21.5	21.8	21.0
2018/02/08 16:18:41	55.4	32.6	32.6	47.6	47.6	59.3	59.3	59.9	59.9	53.6	50.5	50.5	46.0	51.8	48.2	46.2	47.9	47.3	47.1	46.9	43.6	42.5	41.5	40.8	39.8	40.8	40.3	35.6	28.4	22.7	21.5	21.7	20.6
2018/02/08 16:18:42	56.0	31.7	31.7	47.6	47.6	59.8	59.8	60.5	60.5	54.3	51.1	50.0	47.7	50.9	48.3	46.1	47.6	47.2	49.0	48.2	44.3	43.2	42.2	40.5	40.3	40.6	40.2	35.5	28.3	22.8	21.6	21.7	20.9
2018/02/08 16:18:43	57.1	35.2	35.2	49.8	49.8	60.6	60.6	60.4	60.4	53.6	52.1	53.0	48.5	50.8	48.1	47.3	48.4	48.6	49.5	48.9	46.0	45.7	43.5	41.6	41.3	41.9	41.6	36.5	29.3	23.5	21.6	21.9	21.0
2018/02/08 16:18:44	59.8	34.3	34.3	49.8	49.8	61.7	61.7	61.8	61.8	57.1	53.5	52.5	47.4	53.6	52.2	48.2	50.8	50.2	52.5	52.1	50.4	48.9	45.5	44.1	42.4	44.0	43.8	37.7	31.2	25.1	23.1	23.8	22.0
2018/02/08 16:18:45	61.6	33.7	33.7	49.1	49.1	60.3	60.3	60.1	60.1	56.2	54.3	55.1	49.6	54.7	50.4	49.1	51.1	52.5	55.3	54.9	51.1	48.0	45.6	45.1	46.4	49.0	48.1	41.8	36.8	30.9	29.1	31.3	28.6
2018/02/08 16:18:46	61.8	32.1	32.1	48.2	48.2	58.7	58.7	58.5	58.5	55.5	52.9	53.3	50.2	55.0	52.0	49.6	51.5	53.3	54.3	55.1	51.2	47.0	45.1	44.7	46.6	50.2	49.8	42.2	35.8	31.6	28.9	29.3	26.2
2018/02/08 16:18:47	61.2	31.0	31.0	50.5	50.5	60.1	60.1	59.6	59.6	55.9	53.1	53.9	50.3	54.7	50.7	50.5	52.3	52.8	53.6	52.5	49.4	46.3	46.2	47.2	47.9	50.0	49.7	43.6	37.2	31.9	27.9	29.6	26.7
2018/02/08 16:18:48	59.9	34.5	34.5	51.2	51.2	62.2	62.2	61.7	61.7	56.5	53.5	53.0	51.0	54.6	50.5	49.6	51.5	51.0	52.4	50.8	46.9	44.5	45.0	46.2	46.7	49.1	47.2	41.0	34.0	29.2	24.8	23.6	22.1
2018/02/08 16:18:49	59.6	33.4	33.4	48.1	48.1	59.6	59.6	59.4	59.4	54.0	54.1	55.9	52.3	54.8	51.9	51.7	53.2	52.0	51.6	51.9	46.7	44.4	44.4	44.2	43.8	46.3	43.5	40.3	31.2	26.5	22.3	21.9	20.8
2018/02/08 16:18:50	61.8	33.5	33.5	48.7	48.7	60.3	60.3	61.8	61.8	58.0	54.1	55.4	52.5	55.3	53.4	52.5	52.6	54.4	56.7	54.8	49.5	47.1	45.0	44.0	43.7	45.5	44.4	41.5	32.1	25.3	22.3	22.1	21.0
2018/02/08 16:18:51	65.9	34.0	34.0	48.9	48.9	61.9	61.9	62.5	62.5	59.5	58.8	58.0	54.1	58.5	56.1	56.3	56.7	60.3	60.9	58.7	54.7	51.1	47.3	45.7	45.6	46.5	45.0	43.3	33.3	26.2	22.8	22.2	21.3
2018/02/08 16:18:52	74.3	39.3	39.3	54.5	54.5	68.0	68.0	68.7	68.7	63.2	61.8	64.8	65.5	67.2	63.1	64.7	67.0	67.8	69.9	67.0	61.9	59.5	56.0	54.3	54.3	56.6	52.0	53.5	44.4	39.7	34.3	32.0	30.1
2018/02/08 16:18:53	77.3	43.4	43.4	55.9	55.9	70.4	70.4	71.6	71.6	67.3	65.7	65.4	66.2	67.9	63.5	65.4	66.2	69.2	74.7	70.2	65.0	59.4	56.9	55.2	55.0	56.8	55.1	51.7	45.1	41.6	37.9	40.0	35.1
2018/02/08 16:18:54	70.4	35.4	35.4	53.6	53.6	62.7	62.7	63.1	63.1	62.0	61.4	63.8	60.8	62.3	61.6	60.6	62.4	63.6	65.8	63.6	58.5	55.9	52.0	49.2	48.8	48.8	46.4	43.7	35.3	31.8	27.1	25.3	23.1
2018/02/08 16:18:55	75.1	38.5	38.5	54.3	54.3	63.0	63.0	65.1	65.1	65.0	64.3	65.5	62.2	65.8	63.8	62.5	66.8	67.2	70.8	69.6	63.7	59.0	56.2	54.1	54.1	54.3	52.4	48.4	42.0	38.6	34.2	34.2	29.5
2018/02/08 16:18:56	62.1	37.1	37.1	53.2	53.2	61.4	61.4	60.7	60.7	59.9	59.2	58.2	52.5	56.6	55.4	50.8	53.8	53.3	55.4	56.4	50.4	47.7	45.6	43.3	42.8	44.2	43.9	39.6	30.0	24.5	21.7	22.1	21.0
2018/02/08 16:18:57	60.4	34.1	34.1	51.6	51.6	60.3	60.3	60.4	60.4	56.8	54.1	55.8	53.2	55.5	54.6	52.1	52.8	52.3	53.0	53.6	48.8	46.2	44.2	42.6	42.4	43.3	42.7	38.3	29.8	23.9	21.9	21.8	20.8
2018/02/08 16:18:58	60.4	34.2	34.2	49.0	49.0	58.0	58.0	60.9	60.9	60.3	58.7	55.4	49.7	55.9	53.4	52.4	51.1	52.6	52.9	52.9	49.8	46.9	45.0	44.1	43.6	44.9	43.4	39.4	30.8	27.6	24.3	23.6	21.9
2018/02/08 16:18:59	62.2	33.9	33.9	53.9	53.9	65.2	65.2	66.9	66.9	64.3	61.3	61.4	54.9	56.8	54.2	54.3	53.2	54.5	54.9	53.2	51.6	48.4	45.5	44.6	45.6	47.1	47.2	45.0	34.7	32.1	29.7	26.2	23.8
2018/02/08 16:19:00	61.8	36.9	36.9	51.2	51.2	62.2	62.2	63.4	63.4	61.2	60.3	59.2	53.4	56.3	51.8	53.6	54.1	52.3	54.0	52.3	48.3	45.3	44.3	43.7	46.0	54.4	46.0	42.3	36.6	32.9	27.9	23.7	21.8
2018/02/08 16:19:01	65.2	37.0	37.0	50.1	50.1	63.3	63.3	64.9	64.9	59.8	58.7	57.3	55.2	57.6	55.1	55.9	60.0	56.0	55.8	54.9	51.8	52.1	50.2	51.1	53.6	54.1	52.8	47.5	41.7	36.0	30.6	27.1	23.4
2018/02/08 16:19:02	61.8	37.6	37.6	50.5	50.5	62.6	62.6	63.6	63.6	59.1	55.9	58.6	55.9	57.6	54.0	57.0	55.8	54.3	54.6	53.0	49.7	45.6	45.1	44.8	43.8	44.8	42.7	38.4	30.7	26.3	23.8	23.5	21.8
2018/02/08 16:19:03	63.5	38.1	38.1	49.0	49.0	61.1	61.1	63.2	63.2	60.9	56.4	59.2	56.9	57.8	55.4	55.6	56.6	58.1	57.8	54.4	51.1	47.7	45.5	45.6	44.8	45.9	43.7	39.7	32.0	26.9	24.8	25.5	23.5
2018/02/08 16:19:04	66.8	35.8	35.8	50.1	50.1	60.2	60.2	64.5	64.5	64.2	58.7	60.4	56.7	59.6	57.7	58.7	60.3	60.0	61.4	58.8	55.8	51.7	49.1	47.9	48.3	47.5	46.0	43.2	35.0	29.5	26.1	26.9	24.7
2018/02/08 16:19:05	73.9	37.9	37.9	52.7	52.7	62.5	62.5	69.1	69.1	67.8	64.8	64.7	62.4	65.2	62.8	61.2	65.7	68.8	70.2	64.8	61.0	57.0	56.6	54.8	54.7	55.9	54.3	51.7	45.8	37.6	33.3	32.9	29.7
2018/02/08 16:19:06	66.3	35.2	35.2	54.0	54.0	62.1	62.1	66.1	66.1	63.4	58.7	60.6	58.1	60.5	55.3	55.5	56.5	58.5	61.9	59.3	55.8	50.8	48.2	46.9	46.4	46.8	45.7	41.8	47.1	28.7	25.9	25.2	23.7
2018/02/08 16:19:07	65.5	31.2	31.2	54.0	54.0	62.5	62.5	63.6	63.6	61.6	58.6	59.0	57.9	59.7	57.0	56.2	56.4	58.2	59.8	57.3	55.0	52.3	50.2	48.5	48.5	48.0	48.5	46.1	36.2	28.9	26.1	24.2	32.2
2018/02/08 16:19:08	71.8	39.7	39.7	57.1	57.1	67.0	67.0	65.7	65.7	62.0	61.5	62.4	61.8	65.7	62.4	60.6	62.4	62.8	66.7	63.9	60.0	59.1	57.3	56.3	56.7	56.3	54.8	53.3	43.0	37.8	35.5	31.0	36.5
2018/02/08 16:19:09	75.7	41.4	41.4	59.2	59.2	68.7	68.7	70.0	70.0	68.0	65.2	67.9	62.6	67.9	65.9	65.0	66.8	66.3	70.5	69.7	64.3	60.5	59.9	58.2	58.0	59.7	58.9	55.0	47.3	43.5	43.3	41.6	40.4
2018/02/08 16:19:10	73.4	40.7	40.7	56.7	56.7	67.8	67.8	67.3	67.3	62.2	63.2	64.5	60.8	65.6	63.0	61.9	66.1	65.1	67.4	68.8	61.8	58.1	54.6	52.4	52.5	53.5	52.8	49.9	42.2	37.9	52.4	35.2	35.4
2018/02/08 16:19:11	72.6	42.5	42.5	58.9	58.9	69.8	69.8	69.4	69.4	63.7	60.8	64.6	58.5	64.8	60.0	60.1	62.5	63.5	67.9	68.4	60.8	55.3	52.8	49.6	49.9	50.5	51.2	45.8	41.2	34.7	34.2	32.8	33.4
2018/02/08 16:19:12	63.6	37.2	37.2	53.3	53.3	64.3	64.3	65.2	65.2	60.5	57.0	59.5	55.5	60.1	55.6	54.4	55.9	54.4	54.7	56.0	52.9	52.0	48.6	46.3	49.7	48.0	48.0	43.2	39.9	29.4	29.3	29.3	34.5
2018/02/08 16:19:13	65.0	37.1	37.1	51.0	51.0	61.5	61.5	62.8	62.8	61.4	58.5	58.9	55.4	59.0	56.6	55.7	56.8	57.4	56.2	55.4	54.5	52.7	49.0	48.2	54.1	51.7	50.9	46.9	38.1	32.8	31.0	30.4	26.7
2018/02/08 16:19:14	67.7	38.0	38.0	55.2	55.2	65.7	65.7	67.2	67.2	63.8	62.8	63.1	64.1	64.3	59.6	58.5	59.0	60.2	59.2	57.2	56.9	53.7	51.8	54.6	55.6	54.4	51.9	48.1	42.2	34.8	31.5	28.0	24.3
2018/02/08 16:19:15	65.7	35.5	35.5	53.8	53.8	64.0	64.0	64.7	64.7	63.3	62.5	64.3	63.5	62.4	61.9	58.6	58.9	56.9	56.5	56.1	53.4	52.0	49.3	52.5	48.5	49.3	47.3	43.0	35.3	30.4	25.8	22.9	21.7
2018/02/08 16:19:16	66.3	35.5	35.5	51.3	51.3	60.6	60.6	62.0	62.0	60.3	60.9	64.9	59.2	62.4	62.6	60.5	60.9	59.2	57.3	54.4	52.6	52.2	50.4	51.3	50.0	50.2	47.5	43.6	35.5	28.3	26.6	25.7	22.0
2018/02/08 16:19:17	68.6	35.0	35.0	53.3	53.3	63.2	63.2	64.6	64.6	63.5	62.2	68.3	60.4	64.8	63.8	60.2	63.0	61.0	57.8	56.8	57.4	57.1	54.8	53.5	52.9	53.5	51.6	46.3	39.0	32.0	32.6	33.2	24.8
2018/02/08 16:19:18	73.2	40.2	40.2	56.6	56.6	65.6	65.6	66.3	66.3	65.4	67.2	72.4	62.1	67.9	66.2	62.5	66.4	64.7	62.1	60.7	62.6	62.4	59.7	59.3	59.6	61.0	59.5	53.4	46.1	40.5	46.9	38.0	33.7
2018/02/08 16:19:19	71.3	36.0	36.0	54.5	54.5	61.9	61.9	61.9	61.9	65.0	68.3	68.9	63.5	68.4	66.3	63.5	65.8	63.8	61.0	59.2	59.8	58.3	56.4	56.5	56.7	56.8	55.8	51.1	45.3	40.0	42.2	35.3	31.1
2018/02/08 16:19:20	67.9	34.0	34.0	49.3	49.3	58.0	58.0	60.7	60.7	64.4	65.9	65.0	61.7	67.6	63.3	61.1	61.6	60.0	57.7	54.9	53.3	52.4	54.8	54.7	53.3	53.5	49.0	46.4	44.9	33.5	31.8	27.7	24.9
2018/02/08 16:19:21	64.7	32.3	32.3	48.7	48.7	56.9	56.9	58.8	58.8	60.3	57.7	61.0	58.4	59.4	57.5	56.1	61.2	57.8	54.3	52.3	51.3	51.4	51.1	51.1	49.4	51.0	46.4	45.3	40.8	37.9	27.6	38.5	27.5
2018/02/08 16:19:22	64.6	32.3	32.3	45.7	45.7	56.5	56.5	60.5	60.5	60.7	59.2	59.1	55.8	58.3	57.5	56.1	60.1	57.0	52.9	53.0	50.5	49.6	50.8	56.7	47.1	48.7	45.2	41.7	33.5	28.9	25.5	28.8	34.8
2018/02/08 16:19:23	63.1	30.1	30.1	48.0	48.0	57.4	57.4	58.7	58.7	57.3	56.5	58.6	53.1	60.1	56.4	56.2	58.4	55.1	53.4	52.0	50.9	50.2	49.6	49.2	47.4	48.5	46.3	43.8	35.5	28.0	24.5	23.5	27.3
2018/02/08 16:19:24	64.8	34.7	34.7	49.4	49.4	59.7	59.7	61.1	61.1	60.8	61.4	62.4	60.4	63.0	59.0	56.5	57.5	57.4	56.1	54.5	53.8	51.4	50.0	49.9	47.2	47.6	48.0	43.7	35.9	30.3	32.4	26.0	30.1
2018/02/08 16:19:25	62.4	30.0	30.0	49.6	49.6	59.7	59.7	60.5	60.5	58.1	57.1	60.2	57.9	60.0	54.1	53.4	54.3	54.7	53.1	52.3	51.7	49.9	50.0	48.9	47.0	47.1	45.5	41.7	32.8	27.5	32.5	25.2	27.3
2018/02/08 16:19:26	62.6	34.7	34.7	50.9	50.9	62.2	62.2	61.7	61.7	54.6	54.5	57.4	52.5	56.1	51.9	52.5	55.4	56.7	53.7	53.5	51.2	49.5	48.1	48.0	45.4	45.9	51.5	42.2	41.9	28.4	32.2	27.3	31.1
2018/02/08 16:19:27	65.4	34.6	34.6	51.2	51.2	64.4	64.4	65.3	65.3	58.6	58.3	60.5	57.2	61.0	56.8	55.0	58.7	59.2	58.1	57.4	53.5	50.9	49.9	48.9	47.7	47.7	50.2	43.8	41.5	29.4	30.7	26.4	27.3
2018/02/08 16:19:28	71.9	40.0	40.0	53.5	53.5	70.2	70.2	72.3	72.3	63.7	64.0	63.7	61.6	65.6	62.2	62.0	64.9	63.4	66.9	64.3	59.5	56.5	56.6	55.3	55.4	56.1	54.4	52.4	45.8	41.2	36.9	34.5	32.6
2018/02/08 16:19:29	70.7	37.4	37.4	53.5	53.5	68.5	68.5	70.8	70.8	67.0	64.5	62.3	62.3	64.9	59.6	58.7	61.5	63.2	65.3	65.1	59.5	54.8	53.5	53.2	51.7	52.0	52.3	49.5	42.7	37.5	33.6	33.1	31.2
2018/02/08 16:19:30	67.8	33.8	33.8	53.7	53.7	59.8	59.8	60.2	60.2	60.2	61.6	61.2	56.8	62.6	60.7	58.8	60.2	62.0	62.6	58.3	56.1	53.0	50.8	50.8	49.4	48.9	48.8	46.4	36.3	29.3	25.0	24.5	22.2
2018/02/08 16:19:31	73.2	29.1	29.1	49.4	49.4	59.8	59.8	63.3	63.3	63.3	62.0	63.0	59.9	64.4	63.3	64.0	66.9	68.6	67.9	64.2	61.1	57.2	54.8	54.3	54.3	55.4	52.2	50.4	43.1	39.1	33.6	33.2	26.9
2018/02/08 16:19:32	74.7	35.1	35.1	50.5	50.5	63.2	63.2	68.6	68.6	66.9	61.4	66.1	63.3	66.2	61.1	61.5	64.7	69.9	70.6	67.0	62.9	58.3	55.1	53.3	54.7	56.0	54.5	51.1	45.2	40.4	37.6	38.9	31.6
2018/02/08 16:19:33	64.1	30.4	30.4	49.3	49.3	57.9	57.9	59.9	59.9	57.1	55.2	61.2	54.8	56.3	53.6	51.9	56.4	57.0	59.5	56.5	52.9	49.4	47.2	45.8	44.4	45.0	44.6	39.2	31.5	26.7	25.2	24.3	22.1
2018/02/08 16:19:34	62.3	32.0	32.0	51.7	51.7	58.9	58.9	60.1	60.1	57.5	53.3	56.1	51.9	55.1	51.8	51.7	53.4	54.6	54.8	54.6	52.4	49.0	47.2	48.4	47.1	48.0	48.6	42.5	37.4	33.6	32.4	31.3	26.8
2018/02/08 16:19:35	63.3	36.4	36.4	52.6	52.6	58.8	58.8	59.9	59.9	58.9	56.5	55.4	51.6	56.8	54.0	54.6	54.6	55.5	55.2	54.8	52.1	50.0	48.1	48.4	47.6	49.4	52.5	47.4	38.0	34.9	33.7	31.8	26.4
2018/02/08 16:19:36	61.6	33.1	33.1	48.5	48.5	58.7	58.7	61.7	61.7	60.9	56.7	54.0	49.4	54.6	52.1	53.3	55.5	53.9	52.6	52.5	50.6	48.6	47.0	47.3	46.8	47.4	47.9	41.8	37.2	33.3	30.9	27.4	22.8
2018/02/08 16:19:37	61.6	32.2	32.2	47.8	47.8	55.2	55.2	57.3	57.3	59.4	56.8	55.6	51.4	54.9	53.9	52.2	54.9	54.3	53.3	53.6	50.4	48.6	47.4	48.1	45.5	45.9	45.3	39.7	32.2	27.8	24.8	22.9	22.7
2018/02/08 16:19:38	61.9	33.2	33.2	46.1	46.1	55.8	55.8	57.6	57.6	57.0	53.9	55.4	50.0	54.4	53.8	53.0	56.0	55.7	53.4	53.1	51.8	49.4	47.1	46.7	44.7	46.0	44.8	41.0	32.4	28.7	25.0	23.2	21.9
2018/02/08 16:19:39	65.5	29.0	29.0	44.5	44.5	54.9	54.9	60.1	60.1	61.0	58.6	57.1	54.2	58.2	58.7	57.9	57.8	58.1	56.4	58.1	57.0	52.9	50.9	49.3	46.7	46.3	47.1	42.0	35.2	28.7	26.2	23.8	22.9
2018/02/08 16:19:40	72.7	31.7	31.7	47.8	47.8	58.3	58.3	64.1	64.1	65.8	62.8	64.9	62.3	63.9	63.9	64.9	64.5	65.2	64.2	66.1	64.8	59.9	57.7	55.5	54.2	54.7	51.8	47.4	39.6	35.7	31.7	30.7	27.4
2018/02/08 16:19:41	75.2	36.3	36.3	49.7	49.7	59.9	59.9	65.3	65.3	67.9	63.6	61.6	59.9	65.0	62.5	60.8	63.2	65.7	67.8	71.3	67.4	60.8	58.0	54.1	53.2	52.8	52.3	46.3	39.0	34.8	33.8	33.4	29.8
2018/02/08 16:19:42	61.4	29.7	29.7	45.8	45.8	55.3	55.3	56.6	56.6	57.3	55.2	56.2	52.4	56.0	55.4	53.4	55.2	52.4	52.3	54.6	51.8	48.6	45.5	44.1	42.3	42.6	41.7	37.0	29.4	24.4	22.5	22.3	20.9
2018/02/08 16:19:43	58.7	26.8	26.8	44.5	44.5	54.2	54.2	56.3	56.3	55.1	54.1	54.9	50.7	54.6	51.5	50.0	51.6	51.1	48.9	50.1	49.5	47.2	43.7	43.2	41.8	43.0	41.0	37.3	28.8	23.7	22.3	21.9	21.1
2018/02/08 16:19:44	59.2	29.7	29.7	45.6	45.6	54.5	54.5	56.3	56.3	55.9	52.1	52.9	49.3	53.1	52.0	50.8	53.3	50.8	49.3	52.3	48.7	46.7	44.7	43.0	42.6	43.0	41.7	37.5	30.4	24.6	22.5	22.1	21.1
2018/02/08 16:19:45	60.1	28.9	28.9	42.6	42.6	53.6	53.6	56.4	56.4	55.7	52.8	53.9	50.7	55.0	53.0	50.6	55.0	52.2	51.7	52.3	48.7	46.7	45.1	44.6	43.8	44.0	43.3	38.9	31.5	25.1	22.8	22.1	21.2
2018/02/08 16:19:46	60.9	29.0	29.0	45.7	45.7	55.4	55.4	57.7	57.7	56.3	52.4	55.3	51.0	56.1	54.5	51.3	55.0	53.7	52.5	52.4	49.3	48.5	46.3	46.6	43.4	44.5	43.7	38.9	30.9	24.9	22.0	22.1	21.1
2018/02/08 16:19:47	64.0	28.7	28.7	47.0	47.0	54.5	54.5	57.9	57.9	58.4	56.6	57.7	55.4	58.9	55.1	53.6	56.3	56.8	57.1	55.8	53.5	51.6	51.1	48.3	45.7	46.7	45.4	41.2	31.8	26.2	23.6	24.0	21.9
2018/02/08 16:19:48	69.3	31.5	31.5	52.4	52.4	60.3	60.3	63.0	63.0	62.6	61.8	61.7	57.8	63.3	60.9	57.6	59.8	62.7	62.6	61.5	59.6	56.4	55.1	53.1	52.8	53.3	52.4	48.5	40.1	35.4	33.1	33.5	30.6
2018/02/08 16:19:49	68.5	35.0	35.0	52.5	52.5	60.9	60.9	62.7	62.7	62.8	59.8	61.6	58.6	63.8	63.1	59.1	62.0	59.8	59.4	59.9	58.4	55.8	53.1	53.3	53.8	54.0	53.1	46.9	40.3	36.4	32.8	31.1	26.3
2018/02/08 16:19:50	64.0	31.2	31.2	46.6	46.6	56.5	56.5	60.4	60.4	61.9	59.3	59.5	54.1	58.8	59.7	56.9	58.7	56.5	53.8	54.6	52.1	49.8	48.6	49.2	48.6	49.1	47.8	42.5	34.9	30.3	25.5	23.8	21.7
2018/02/08 16:19:51	62.8	33.1	33.1	50.3	50.3	57.6	57.6	60.8	60.8	60.5	58.7	61.6	55.4	57.4	57.8	55.3	59.0	55.0	50.9	52.4	49.8	49.5	47.7	47.9	46.8	46.8	47.0	41.2	32.6	27.1	23.8	22.4	21.5
2018/02/08 16:19:52	61.0	32.4	32.4	55.2	55.2	63.1	63.1	62.1	62.1	57.8	56.2	60.3	53.9	56.8	56.6	52.6	56.7	53.9	50.8	48.6	48.0	46.8	46.0	46.2	44.4	45.2	44.3	39.3	30.9	25.7	22.9	22.9	21.6
2018/02/08 16:19:53	60.3	32.6	32.6	49.7	49.7	60.3	60.3	62.5	62.5	61.2	58.6	61.1	54.9	56.7	56.5	54.5	53.8	52.5	49.3	50.1	47.0	46.2	45.2	45.5	43.9	44.2	43.4	38.6	30.7	25.0	23.6	23.0	21.7
2018/02/08 16:19:54	62.2	35.1	35.1	52.1	52.1	63.2	63.2	63.2	63.2	59.5	60.2	60.4	59.2	60.6	56.1	56.8	56.8	56.2	52.7	50.7	47.8	45.8	45.7	46.3	45.1	45.4	44.2	40.9	31.6	25.7	23.1	23.2	21.6
2018/02/08 16:19:55	61.5	38.8	38.8	54.9	54.9	66.1	66.1	65.1	65.1	57.6	56.5	61.9	60.8	59.4	56.1	57.9	55.6	53.9	50.6	48.3	46.2	45.7	44.9	45.8	44.4	44.8	44.3	40.5	30.6	24.6	22.7	22.3	21.3
2018/02/08 16:19:56	62.1	38.7	38.7	54.7	54.7	66.5	66.5	66.1	66.1	57.6	59.1	62.1	61.2	58.6	57.6	59.5	56.0	54.3	51.6	48.6	46.8	46.0	44.9	45.7	44.5	44.1	43.5	38.6	30.3	24.9	22.6	22.3	21.3
2018/02/08 16:19:57	59.6	37.5	37.5	52.6	52.6	64.3	64.3	64.1	64.1	55.2	54.8	58.7	53.2	55.6	56.5	54.6	52.6	52.1	49.8	48.1	45.1	45.4	43.8	45.1	44.2	43.6	42.4	37.1	29.7	24.4	22.5	22.4	21.2
2018/02/08 16:19:58	61.9	29.7	29.7	46.7	46.7	57.0	57.0	58.8	58.8	56.1	56.7	62.0	62.0	62.2	57.8	57.4	54.6	53.2	51.2	49.2	47.3	46.9	44.7	46.4	45.3	44.2	43.2	37.6	29.6	24.2	22.2	22.3	20.9
2018/02/08 16:19:59	61.7	29.6	29.6	49.4	49.4	57.0	57.0	60.4	60.4	59.8	59.0	61.7	59.6	63.7	58.5	56.9	56.1	52.4	49.5	46.7	45.3	44.9	44.3	45.6	44.8	44.0	42.2	37.5	29.8	24.0	21.9	21.9	21.1
2018/02/08 16:20:00	60.9	31.4	31.4	53.2	53.2	61.4	61.4	61.5	61.5	60.0	58.7	61.3	55.5	63.4	57.6	53.0	53.8	52.3	50.8	48.3	44.9	43.8	43.9	44.7	44.1	44.0	42.0	37.3	29.7	24.7	22.3	22.1	21.6
2018/02/08 16:20:01	60.4	31.8	31.8	50.2	50.2	59.4	59.4	58.7	58.7	57.2	56.8	59.6	54.6	62.5	54.3	52.6	53.4	52.0	50.8	49.4	47.8	45.4	44.7	44.1	44.0	43.4	42.5	37.8	30.9	25.7	23.1	22.2	21.1
2018/02/08 16:20:02	59.7	35.9	35.9	52.8	52.8	62.4	62.4	61.2	61.2	58.5	56.4	57.3	52.5	57.2	54.4	51.5	53.2	52.8	51.8	48.9	46.3	44.9	43.9	44.3	44.4	44.4	42.9	38.3	30.9	25.2	22.9	22.4	21.6
2018/02/08 16:20:03	60.8	34.0	34.0	51.6	51.6	60.5	60.5	60.3	60.3	60.2	58.7	57.4	52.7	59.1	54.5	51.3	54.2	54.3	53.3	50.0	47.5	46.0	45.9	44.6	45.9	44.8	43.3	38.1	31.4	25.0	23.2	23.2	21.8
2018/02/08 16:20:04	60.1	31.8	31.8	50.5	50.5	59.3	59.3	59.1	59.1	58.4	57.2	56.7	50.0	55.8	54.2	51.9	53.8	54.0	52.8	49.7	47.7	45.4	44.2	44.9	43.9	44.3	42.3	38.2	31.6	26.1	23.3	23.2	21.9
2018/02/08 16:20:05	60.9	30.4	30.4	48.9	48.9	56.4	56.4	57.0	57.0	57.4	56.0	55.4	52.1	55.4	53.0	51.8	54.2	55.3	53.5	50.4	49.0	46.4	46.0	46.6	45.0	46.0	44.1	40.5	34.0	27.6	25.1	24.2	22.6
2018/02/08 16:20:06	62.2	30.9	30.9	50.6	50.6	59.4	59.4	60.4	60.4	58.1	58.5	59.3	50.1	58.5	54.6	54.0	54.1	55.7	54.4	52.2	51.4	47.6	47.0	47.0	47.7	48.7	46.0	42.1	33.7	30.0	26.2	25.0	22.8
2018/02/08 16:20:07	61.9	35.7	35.7	51.5	51.5	58.7	58.7	58.4	58.4	56.6	57.3	56.1	48.8	54.9	54.4	53.8	55.0	54.6	55.2	51.7	49.4	46.7	47.0	47.6	48.3	49.6	46.5	42.5	34.1	30.2	27.9	26.0	23.7
2018/02/08 16:20:08	62.1	35.0	35.0	54.3	54.3	62.5	62.5	59.7	59.7	53.7	51.2	52.4	48.7	54.3	50.8	51.8	55.8	54.0	56.0	51.3	49.3	47.1	46.8	48.8	48.1	50.6	48.9	45.0	35.2	32.1	28.7	26.8	23.4
2018/02/08 16:20:09	63.6	33.7	33.7	53.4	53.4	61.2	61.2	58.9	58.9	56.8	56.8	57.6	49.5	53.6	50.9	54.9	54.9	54.9	58.3	52.7	49.8	48.0	47.5	49.6	49.8	53.3	51.6	46.5	37.1	32.1	28.2	26.3	23.6
2018/02/08 16:20:10	64.0	34.2	34.2	51.7	51.7	61.5	61.5	60.0	60.0	51.9	51.2	53.0	48.7	53.6	54.1	57.4	56.7	57.4	56.9	53.4	49.6	47.4	46.9	49.0	50.5	53.9	50.6	47.1	38.4	32.1	28.7	25.7	23.8
2018/02/08 16:20:11	62.9	32.2	32.2	49.9	49.9	58.8	58.8	58.2	58.2	52.3	51.3	55.0	51.3	54.5	52.3	52.7	55.2	56.7	56.7	53.3	48.8	46.5	46.0	47.7	49.6	52.1	48.8	44.7	35.8	30.3	26.6	24.0	22.2
2018/02/08 16:20:12	64.8	37.6	37.6	52.1	52.1	62.3	62.3	65.1	65.1	59.7	54.9	55.2	50.2	56.1	55.3	54.3	56.4	56.8	57.2	54.6	52.2	48.0	47.9	50.2	52.1	54.3	55.7	46.7	41.0	38.7	37.3	34.5	31.0
2018/02/08 16:20:13	67.7	34.6	34.6	62.2	62.2	68.0	68.0	63.0	63.0	62.1	58.7	59.2	54.8	59.0	56.6	56.0	57.4	56.8	60.2	56.2	54.7	50.2	49.5	53.3	54.9	59.1	60.3	50.1	42.8	39.4	33.2	29.3	26.0
2018/02/08 16:20:14	68.4	36.4	36.4	60.4	60.4	67.2	67.2	64.7	64.7	62.8	60.4	60.6	56.2	60.2	58.2	58.0	59.6	59.2	60.2	56.5	54.9	52.1	52.2	54.5	56.5	59.8	58.9	52.1	44.6	39.5	34.1	30.0	28.5
2018/02/08 16:20:15	68.4	41.0	41.0	58.0	58.0	69.4	69.4	69.3	69.3	61.5	59.3	61.2	55.8	60.0	57.9	57.9	58.3	58.3	60.8	57.3	54.3	53.6	54.9	56.7	56.0	58.5	57.7	53.4	47.2	44.1	40.7	38.8	38.1
2018/02/08 16:20:16	67.8	38.8	38.8	55.3	55.3	63.4	63.4	66.2	66.2	65.0	61.8	61.8	55.8	61.9	59.9	57.2	59.3	59.6	59.5	58.4	53.7	51.9	51.6	54.1	55.1	57.7	55.2	53.0	42.9	39.7	36.8	37.0	38.5
2018/02/08 16:20:17	66.1	35.9	35.9	53.2	53.2	60.3	60.3	59.6	59.6	60.8	58.6	60.2	54.9	59.5	57.7	56.3	57.3	57.6	56.8	54.3	52.1	50.8	52.4	54.6	54.3	56.6	53.9	50.5	40.2	33.9	27.7	24.2	22.3
2018/02/08 16:20:18	64.9	37.0	37.0	51.8	51.8	58.2	58.2	58.1	58.1	58.3	58.6	58.4	54.2	57.6	56.3	55.5	57.9	56.7	54.8	53.7	50.0	48.9	49.6	53.3	53.4	55.5	52.3	49.2	39.7	32.3	26.1	23.8	22.3
2018/02/08 16:20:19	66.0	34.0	34.0	50.4	50.4	55.3	55.3	55.0	55.0	55.0	53.9	55.5	52.2	56.2	55.9	56.3	58.1	56.0	53.9	53.8	50.2	49.6	49.5	54.7	55.4	59.0	54.9	51.7	42.2	34.4	30.0	27.2	24.2
2018/02/08 16:20:20	66.7	35.0	35.0	49.8	49.8	54.9	54.9	57.6	57.6	55.9	54.5	55.1	50.9	56.9	56.1	55.2	57.0	56.6	53.8	54.2	54.6	50.3	49.6	56.1	56.8	57.8	57.3	53.6	46.8	35.3	34.0	29.0	25.6
2018/02/08 16:20:21	67.7	32.8	32.8	49.3	49.3	55.5	55.5	57.0	57.0	55.5	54.9	56.7	52.6	55.6	56.1	54.6	57.4	56.2	57.1	57.1	55.8	52.7	52.4	56.6	56.5	59.9	56.3	55.0	49.6	42.0	36.8	33.7	31.0
2018/02/08 16:20:22	69.8	32.6	32.6	48.0	48.0	55.2	55.2	59.6	59.6	60.1	56.8	59.3	56.2	59.5	58.8	58.0	59.4	58.9	61.3	63.0	60.2	55.9	54.1	55.2	55.3	59.4	57.4	51.7	48.6	41.8	39.4	40.3	36.8
2018/02/08 16:20:23	67.4	32.4	32.4	46.4	46.4	55.5	55.5	58.8	58.8	57.0	54.9	56.0	52.8	57.5	56.1	55.0	57.8	57.8	59.0	61.0	58.4	54.6	52.5	54.7	53.3	53.1	51.7	47.2	41.0	34.2	33.7	34.6	30.8
2018/02/08 16:20:24	61.0	30.2	30.2	44.5	44.5	51.6	51.6	53.4	53.4	54.4	53.9	54.0	49.3	53.6	52.0	52.6	53.8	51.8	51.8	50.5	49.4	49.2	48.9	48.7	48.5	48.2	46.7	41.7	32.6	26.5	23.7	22.9	21.2
2018/02/08 16:20:25	58.6	26.2	26.2	45.3	45.3	54.7	54.7	54.8	54.8	54.2	55.2	54.4	46.4	52.3	51.2	50.9	51.8	50.3	48.9	46.6	46.3	45.8	44.4	46.2	46.7	46.2	44.7	41.1	31.3	25.0	22.8	22.8	21.3
2018/02/08 16:20:26	59.1	27.5	27.5	43.9	43.9	52.3	52.3	52.2	52.2	52.5	51.3	50.9	44.4	52.8	51.0	51.7	52.4	50.4	51.5	50.4	46.1	45.4	43.8	45.4	46.3	45.9	44.4	41.2	32.6	25.7	23.1	22.8	21.5
2018/02/08 16:20:27	56.7	24.2	24.2	39.0	39.0	49.1	49.1	51.7	51.7	53.0	51.3	49.1	46.9	50.9	52.3	50.7	48.8	48.8	46.1	45.2	43.5	43.1	42.5	42.2	43.7	45.1	43.2	40.8	31.6	25.0	22.9	22.4	21.5
2018/02/08 16:20:28	57.0	25.8	25.8	41.7	41.7	51.2	51.2	51.3	51.3	52.5	52.9	50.2	46.3	51.1	51.9	48.6	49.7	50.5	47.3	48.0	44.5	43.8	42.4	41.9	42.8	43.8	42.4	38.8	30.2	24.6	22.4	22.1	21.0
2018/02/08 16:20:29	57.2	29.6	29.6	44.2	44.2	55.4	55.4	57.7	57.7	56.3	53.5	52.5	45.2	49.6	51.8	52.3	50.7	49.1	46.7	44.4	44.1	42.6	42.8	43.4	43.5	45.5	44.3	38.7	30.1	24.3	22.1	22.1	21.0
2018/02/08 16:20:30	56.4	25.4	25.4	42.4	42.4	50.9	50.9	56.1	56.1	56.5	53.7	51.5	43.9	49.1	49.2	50.0	49.5	48.5	47.6	45.6	44.0	42.4	41.4	41.8	42.3	44.0	43.6	39.0	32.3	25.2	23.4	23.0	21.3
2018/02/08 16:20:31	57.0	30.0	30.0	46.0	46.0	53.6	53.6	56.7	56.7	56.5	53.5	52.6	46.0	50.4	49.4	49.4	51.3	48.9	47.2	46.1	46.3	42.9	42.5	42.9	43.4	44.1	43.4	38.6	29.9	24.6	22.3	22.3	21.4
2018/02/08 16:20:32	57.3	30.6	30.6	49.3	49.3	57.3	57.3	57.8	57.8	58.8	54.0	53.0	46.8	51.3	51.1	48.3	50.3	49.8	48.5	45.9	44.7	43.5	43.2	43.8	43.1	45.1	43.5	38.7	29.6	24.2	22.2	21.8	20.9
2018/02/08 16:20:33	57.2	30.4	30.4	44.8	44.8	57.5	57.5	59.6	59.6	57.4	55.4	54.2	49.4	53.0	51.4	49.0	49.9	49.8	48.3	45.4	43.7	42.8	42.5	43.1	43.1	44.7	43.6	39.4	30.2	24.6	22.3	22.2	21.5
2018/02/08 16:20:34	56.0	29.1	29.1	43.7	43.7	54.9	54.9	57.5	57.5	56.3	54.1	54.5	47.2	51.3	49.3	48.7	50.6	48.4	46.0	43.5	42.7	42.4	41.2	42.3	42.3	43.5	42.0	38.0	29.9	24.9	22.2	22.0	21.2
2018/02/08 16:20:35	55.6	29.4	29.4	44.5	44.5	53.3	53.3	54.1	54.1	53.5	51.1	51.9	47.9	51.3	48.8	49.0	50.0	48.4	45.8	43.6	43.2	42.1	41.0	41.7	41.5	42.0	41.0	37.0	29.3	24.7	22.5	22.3	21.6
2018/02/08 16:20:36	56.2	25.7	25.7	45.4	45.4	53.5	53.5	54.9	54.9	56.0	54.0	53.6	48.3	51.5	49.5	50.3	49.8	49.0	47.2	44.9	43.3	42.3	41.2	41.2	41.7	42.1	41.3	37.3	29.7	24.9	22.7	22.2	21.9
2018/02/08 16:20:37	56.5	28.9	28.9	46.5	46.5	55.7	55.7	57.0	57.0	56.7	55.3	53.0	46.6	52.0	50.6	50.5	50.9	48.2	45.8	46.0	43.6	42.9	41.6	41.9	41.7	42.9	41.8	37.9	30.3	25.3	23.2	23.2	22.0
2018/02/08 16:20:38	56.9	29.7	29.7	45.2	45.2	54.1	54.1	56.5	56.5	56.9	53.9	52.7	47.5	51.8	51.0	50.3	49.3	49.2	47.7	47.5	44.7	44.4	41.6	41.8	42.2	42.7	43.1	38.0	31.2	26.0	24.2	23.9	22.4
2018/02/08 16:20:39	59.9	35.5	35.5	45.9	45.9	56.5	56.5	58.8	58.8	57.8	54.6	54.6	52.5	54.9	53.0	52.1	52.1	51.7	52.2	51.6	47.8	46.3	44.8	44.1	45.1	44.5	45.6	40.2	33.3	29.6	27.7	27.4	25.9
2018/02/08 16:20:40	61.6	27.2	27.2	46.8	46.8	57.4	57.4	60.3	60.3	59.6	58.3	57.1	51.3	56.0	52.8	51.3	53.4	54.7	54.2	54.8	50.8	47.8	44.7	45.1	44.4	45.1	45.3	39.3	31.9	27.3	25.6	25.1	23.8
2018/02/08 16:20:41	63.0	29.5	29.5	46.2	46.2	54.9	54.9	58.1	58.1	60.3	59.2	58.2	53.0	57.0	55.1	54.7	56.4	58.8	56.6	54.4	49.7	47.3	44.4	43.1	42.7	43.3	43.4	39.0	30.8	25.0	22.3	22.1	21.2
2018/02/08 16:20:42	64.7	29.3	29.3	49.7	49.7	56.9	56.9	57.0	57.0	58.1	56.8	57.0	54.6	57.8	55.4	57.7	57.6	59.8	59.2	56.2	52.0	49.0	46.0	46.5	44.2	44.8	44.6	40.8	32.1	27.0	23.3	22.7	21.4
2018/02/08 16:20:43	68.1	29.4	29.4	47.3	47.3	56.7	56.7	60.9	60.9	62.0	58.3	59.8	56.9	61.5	59.4	59.8	60.7	62.5	63.0	60.3	56.3	53.7	49.4	48.2	47.5	47.9	47.1	43.2	35.0	31.4	28.4	27.2	25.3
2018/02/08 16:20:44	73.1	35.3	35.3	51.6	51.6	62.9	62.9	64.4	64.4	62.8	61.7	64.0	61.8	64.5	62.9	64.3	64.9	68.3	67.8	66.2	61.8	57.0	53.0	52.2	50.6	52.3	49.7	46.1	37.7	33.1	29.4	28.2	25.7
2018/02/08 16:20:45	73.2	33.1	33.1	51.5	51.5	63.7	63.7	66.9	66.9	63.8	62.6	63.2	62.1	66.6	61.9	62.7	64.5	69.1	68.1	65.4	61.9	55.7	53.4	52.2	51.2	52.2	50.6	46.2	38.4	33.6	29.4	28.7	25.7
2018/02/08 16:20:46	69.3	34.3	34.3	48.5	48.5	60.7	60.7	64.2	64.2	62.9	60.1	61.4	59.0	62.2	60.6	60.2	60.8	62.5	63.8	61.8	59.7	56.3	52.8	49.9	47.7	46.8	45.7	42.7	34.2	27.2	23.5	23.2	21.8
2018/02/08 16:20:47	71.7	32.5	32.5	47.9	47.9	60.5	60.5	64.6	64.6	66.2	65.4	63.5	59.0	63.7	62.3	64.3	62.5	63.9	67.0	64.4	60.8	59.5	55.4	52.8	51.2	51.2	48.6	46.6	37.9	32.9	28.2	26.9	24.6
2018/02/08 16:20:48	76.1	34.6	34.6	49.6	49.6	61.7	61.7	66.9	66.9	67.3	64.0	63.6	62.6	66.7	64.2	64.2	66.7	70.4	72.3	68.8	64.7	61.0	59.1	55.3	54.5	55.4	53.2	49.0	43.0	37.9	35.7	33.2	29.2
2018/02/08 16:20:49	69.7	33.0	33.0	47.0	47.0	57.4	57.4	62.5	62.5	64.4	62.5	61.7	57.3	62.5	61.8	59.8	60.7	60.1	63.7	63.5	60.3	56.5	54.0	52.1	51.6	52.7	50.6	45.4	39.7	34.9	30.5	27.0	25.1
2018/02/08 16:20:50	67.0	30.5	30.5	44.3	44.3	55.2	55.2	58.9	58.9	58.1	60.0	62.4	55.6	59.8	60.5	57.9	58.4	56.9	58.7	60.2	57.8	56.4	51.0	49.9	50.0	50.5	51.3	46.0	38.9	34.0	31.3	30.8	28.7
2018/02/08 16:20:51	62.0	30.6	30.6	47.0	47.0	55.8	55.8	59.5	59.5	60.9	59.6	58.1	53.3	57.7	55.2	52.2	54.3	55.9	54.7	54.6	51.2	49.0	44.8	43.7	42.3	43.3	41.8	37.5	30.0	24.8	21.9	22.0	21.0
2018/02/08 16:20:52	61.5	27.5	27.5	41.8	41.8	52.6	52.6	58.3	58.3	61.0	58.5	55.4	52.5	56.0	55.0	52.0	53.8	54.1	56.6	53.6	49.0	46.9	43.3	43.5	42.3	42.3	41.4	36.9	29.8	24.1	21.8	21.9	21.1
2018/02/08 16:20:53	63.2	26.0	26.0	44.7	44.7	54.0	54.0	59.7	59.7	60.4	57.0	57.6	55.8	58.7	54.0	53.5	55.8	57.4	58.2	54.6	50.0	48.0	45.8	45.9	44.4	44.8	42.4	38.2	30.2	24.2	21.8	21.9	21.2
2018/02/08 16:20:54	67.5	29.9	29.9	47.0	47.0	56.9	56.9	61.4	61.4	61.8	58.0	62.1	59.1	61.3	57.9	57.6	60.9	62.0	63.3	58.6	54.4	51.4	48.7	47.2	46.8	47.1	44.7	42.4	32.9	28.2	23.7	22.8	22.2
2018/02/08 16:20:55	72.8	32.7	32.7	49.9	49.9	63.5	63.5	70.4	70.4	68.6	62.1	63.2	62.3	67.0	60.6	61.0	63.8	67.2	69.7	63.9	60.0	54.8	52.9	50.5	50.9	51.8	50.5	46.2	39.5	35.5	31.2	30.3	27.9
2018/02/08 16:20:56	65.6	31.8	31.8	46.6	46.6	56.4	56.4	63.1	63.1	63.1	61.2	62.3	55.4	61.3	58.4	55.2	58.1	58.3	60.6	58.3	54.0	50.4	47.1	46.0	44.9	44.3	43.7	40.0	32.9	27.7	24.4	23.8	22.2
2018/02/08 16:20:57	69.2	33.1	33.1	49.7	49.7	58.8	58.8	62.9	62.9	62.3	59.5	63.5	59.1	62.3	60.7	59.6	63.1	63.0	64.3	61.3	56.8	52.9	53.0	50.4	49.1	49.5	46.4	44.6	36.8	32.3	28.9	26.2	24.0
2018/02/08 16:20:58	72.2	37.9	37.9	51.4	51.4	60.2	60.2	66.3	66.3	65.5	61.7	63.4	60.6	64.6	59.8	59.5	64.2	66.2	69.2	63.7	59.4	54.6	51.8	50.6	51.1	51.7	50.0	45.1	38.6	34.5	32.5	31.7	28.6
2018/02/08 16:20:59	61.4	30.7	30.7	46.9	46.9	56.2	56.2	62.0	62.0	61.0	58.9	58.8	53.3	57.4	54.9	54.0	54.5	53.0	55.5	53.4	49.2	47.0	44.4	44.0	41.6	41.9	41.8	38.0	30.2	24.5	22.3	22.1	21.0
2018/02/08 16:21:00	59.2	32.7	32.7	47.5	47.5	56.5	56.5	59.8	59.8	58.6	55.7	55.5	51.6	57.6	53.0	50.4	51.4	51.0	51.5	50.6	46.1	45.6	44.1	44.3	44.3	42.8	41.7	37.4	30.1	24.9	22.3	22.1	21.2
2018/02/08 16:21:01	59.6	29.3	29.3	48.3	48.3	56.4	56.4	60.0	60.0	61.2	57.9	55.8	52.1	56.8	53.4	51.1	53.7	52.2	51.6	49.5	48.1	45.7	44.2	43.3	42.3	42.8	41.2	37.0	29.7	24.3	22.1	22.0	21.0
2018/02/08 16:21:02	62.8	34.2	34.2	50.9	50.9	58.3	58.3	61.7	61.7	63.5	61.0	59.7	54.1	58.0	55.8	52.5	55.0	54.7	54.1	54.9	54.1	50.6	47.8	46.0	45.7	45.2	43.1	38.1	31.0	26.0	23.3	22.9	21.8
2018/02/08 16:21:03	68.6	37.4	37.4	54.5	54.5	62.2	62.2	63.8	63.8	63.9	61.7	60.7	58.2	62.7	60.5	57.5	58.7	59.7	61.3	62.0	61.1	55.6	52.3	50.4	49.8	49.5	47.5	43.1	34.9	30.5	27.1	25.3	24.4
2018/02/08 16:21:04	67.2	34.8	34.8	57.5	57.5	62.7	62.7	62.1	62.1	63.1	61.5	61.5	56.3	62.7	61.5	59.3	61.5	60.6	59.2	58.8	57.0	53.5	50.9	49.5	48.2	47.9	45.3	41.5	33.8	29.3	26.1	25.2	25.4
2018/02/08 16:21:05	68.2	33.7	33.7	62.4	62.4	68.8	68.8	65.9	65.9	64.2	61.8	61.8	59.6	62.9	62.2	60.1	62.2	61.8	62.4	59.3	55.9	53.1	51.1	50.2	50.4	51.3	48.3	45.1	37.9	34.1	32.0	30.8	29.0
2018/02/08 16:21:06	70.1	35.9	35.9	62.5	62.5	68.9	68.9	67.5	67.5	64.0	61.0	62.8	57.8	64.2	61.2	59.1	61.3	62.7	65.3	63.9	57.5	55.1	51.1	50.2	51.4	51.2	50.4	45.1	38.7	35.0	35.6	37.1	38.3
2018/02/08 16:21:07	66.9	33.3	33.3	54.4	54.4	62.6	62.6	64.0	64.0	63.5	61.0	59.5	57.3	60.0	57.7	58.0	60.7	58.9	62.5	57.9	53.9	51.4	48.5	49.7	47.7	50.3	48.9	43.3	36.4	31.1	27.1	26.3	24.7
2018/02/08 16:21:08	66.1	34.1	34.1	50.7	50.7	60.2	60.2	61.3	61.3	60.4	58.8	59.2	55.9	60.3	57.2	55.7	57.5	56.3	63.5	55.6	50.7	49.4	48.3	50.0	49.1	49.5	48.3	42.7	36.8	31.2	27.1	25.7	23.5
2018/02/08 16:21:09	64.2	31.6	31.6	49.6	49.6	58.5	58.5	61.5	61.5	60.4	58.8	59.7	55.6	58.9	55.8	54.2	55.7	55.1	60.4	53.3	50.1	48.9	48.9	49.2	48.8	49.7	48.4	43.3	37.0	31.0	26.3	24.6	23.0
2018/02/08 16:21:10	63.4	32.5	32.5	50.2	50.2	59.1	59.1	61.9	61.9	61.5	57.6	56.3	53.3	56.4	54.0	53.8	54.4	54.5	58.4	52.9	51.6	51.7	50.6	48.1	47.9	49.1	47.7	43.3	37.9	33.1	30.4	32.3	32.6
2018/02/08 16:21:11	64.6	32.4	32.4	49.5	49.5	58.4	58.4	61.7	61.7	61.2	55.0	55.5	51.8	56.3	52.7	53.0	55.4	56.4	59.3	55.2	53.4	52.9	51.5	49.2	50.2	49.9	50.4	45.5	38.5	35.6	32.5	33.0	30.0
2018/02/08 16:21:12	62.7	29.6	29.6	51.6	51.6	59.4	59.4	60.4	60.4	60.0	58.2	56.7	54.4	56.6	53.4	53.6	55.1	55.2	56.2	53.5	51.6	48.3	47.9	48.6	47.4	48.5	46.0	42.0	36.5	35.4	30.1	25.0	26.8
2018/02/08 16:21:13	66.2	34.6	34.6	49.7	49.7	61.0	61.0	63.6	63.6	62.3	61.8	62.8	57.7	60.7	59.0	58.0	59.9	59.8	57.1	55.2	53.0	51.5	53.0	52.7	51.7	51.9	51.7	49.9	41.6	36.8	30.5	26.8	25.0
2018/02/08 16:21:14	67.8	34.8	34.8	50.3	50.3	57.8	57.8	61.1	61.1	60.6	59.4	62.7	58.0	62.5	61.1	62.0	63.3	62.1	59.5	57.1	54.7	50.8	51.0	51.8	52.5	52.4	51.2	47.7	39.0	36.0	29.8	26.9	25.8
2018/02/08 16:21:15	66.0	33.5	33.5	52.4	52.4	59.4	59.4	63.5	63.5	64.2	59.4	61.2	55.8	58.6	55.6	57.4	60.8	62.1	57.2	57.3	52.9	50.5	49.0	49.0	49.7	48.7	48.6	45.6	36.9	31.5	26.9	24.6	24.2
2018/02/08 16:21:16	62.7	31.4	31.4	48.2	48.2	55.5	55.5	61.2	61.2	61.6	57.7	58.6	49.9	55.3	52.7	54.2	56.2	54.3	55.5	55.1	51.4	48.0	47.5	47.4	48.1	47.3	46.0	41.8	34.2	37.7	29.9	28.4	28.8
2018/02/08 16:21:17	62.1	32.5	32.5	49.2	49.2	58.1	58.1	60.9	60.9	59.9	57.1	57.2	51.0	56.5	52.8	53.7	52.7	52.8	55.7	55.1	52.1	47.7	46.1	44.4	45.2	47.1	46.4	42.6	34.4	35.8	32.0	27.4	28.1
2018/02/08 16:21:18	61.7	38.0	38.0	52.1	52.1	63.9	63.9	64.3	64.3	59.4	56.7	56.9	52.7	56.4	54.1	51.4	53.0	53.0	55.0	53.5	51.2	49.3	45.7	44.7	46.1	47.6	46.4	41.4	34.6	37.1	32.1	27.6	32.8
2018/02/08 16:21:19	62.0	33.1	33.1	51.8	51.8	61.1	61.1	60.1	60.1	57.8	56.9	57.7	51.6	55.7	53.5	49.8	53.1	53.1	55.6	53.2	50.8	50.2	46.8	45.7	47.2	48.6	47.4	43.4	35.8	32.5	28.9	28.1	26.0
2018/02/08 16:21:20	61.3	30.6	30.6	48.3	48.3	56.8	56.8	60.3	60.3	58.9	56.0	57.7	50.4	55.0	51.7	49.6	53.0	54.1	55.2	52.4	49.6	48.2	45.9	44.9	46.4	47.4	46.1	43.0	35.1	36.0	31.6	28.1	29.1
2018/02/08 16:21:21	58.5	32.6	32.6	50.4	50.4	55.8	55.8	56.7	56.7	55.3	54.4	55.3	51.2	53.7	49.6	48.1	49.6	49.8	50.7	49.8	48.3	44.7	43.3	43.8	44.9	45.2	44.2	40.7	33.6	30.8	26.7	24.0	25.0
2018/02/08 16:21:22	58.9	31.8	31.8	48.9	48.9	57.3	57.3	58.5	58.5	58.2	56.4	55.0	49.4	54.0	48.8	49.8	50.3	50.8	53.7	49.7	47.3	44.8	42.7	42.6	42.5	44.1	42.7	39.7	32.1	28.1	24.3	23.9	22.8
2018/02/08 16:21:23	59.1	31.6	31.6	54.2	54.2	61.7	61.7	59.8	59.8	57.7	56.0	55.4	49.6	55.0	50.4	50.3	50.7	50.7	54.4	48.6	46.0	44.0	43.1	42.9	42.8	44.8	43.3	39.9	31.3	28.2	24.9	38.7	22.7
2018/02/08 16:21:24	59.1	31.5	31.5	50.3	50.3	58.5	58.5	59.0	59.0	58.6	55.2	55.1	50.5	56.5	51.9	51.8	52.0	51.8	52.1	48.8	46.5	44.9	43.7	43.0	43.2	44.2	42.8	40.2	32.1	27.3	24.2	26.1	34.6
2018/02/08 16:21:25	61.6	33.5	33.5	47.0	47.0	55.4	55.4	58.4	58.4	57.7	54.4	55.7	51.8	57.1	54.3	54.2	53.7	53.2	52.5	49.3	47.4	45.1	44.9	43.6	44.0	44.6	42.4	39.2	31.4	26.8	23.9	62.1	22.1
2018/02/08 16:21:26	59.8	28.8	28.8	48.9	48.9	58.2	58.2	59.5	59.5	57.6	53.0	54.2	49.7	56.5	54.7	53.8	52.3	52.3	52.9	50.5	48.2	45.2	44.0	42.7	43.4	43.7	42.6	39.5	31.2	26.0	23.9	23.5	21.7
2018/02/08 16:21:27	60.7	33.4	33.4	47.9	47.9	58.9	58.9	62.0	62.0	58.5	54.8	54.6	51.0	56.4	55.2	54.4	53.9	53.1	54.5	50.7	49.8	45.1	43.6	42.9	44.1	44.6	43.9	40.9	37.9	35.3	29.9	25.7	24.2
2018/02/08 16:21:28	60.7	31.1	31.1	50.5	50.5	57.9	57.9	59.7	59.7	59.1	54.7	57.0	54.0	57.0	55.4	52.0	53.5	54.3	54.1	51.2	49.4	45.4	43.5	42.9	43.7	44.3	43.2	40.0	32.5	28.7	25.2	25.0	23.2
2018/02/08 16:21:29	59.5	34.7	34.7	49.9	49.9	58.3	58.3	59.9	59.9	57.7	56.4	56.3	51.8	55.4	53.7	51.8	51.2	51.7	54.2	50.2	48.3	43.9	42.9	42.2	42.1	42.6	41.0	38.6	31.7	27.3	24.2	24.0	22.3
2018/02/08 16:21:30	59.5	32.4	32.4	44.6	44.6	55.5	55.5	58.7	58.7	56.9	53.6	56.0	51.7	57.6	51.8	50.2	50.6	50.8	54.5	51.4	47.2	44.1	43.0	41.8	42.1	42.5	42.2	38.6	31.8	26.9	24.2	24.2	21.7
2018/02/08 16:21:31	61.2	35.3	35.3	48.2	48.2	59.6	59.6	62.5	62.5	59.7	56.8	57.0	54.0	58.3	54.0	51.3	52.6	51.7	56.5	52.4	49.1	46.0	44.1	43.7	45.1	45.4	44.0	39.3	33.3	28.8	25.6	24.5	21.8
2018/02/08 16:21:32	62.5	30.2	30.2	45.6	45.6	56.7	56.7	60.5	60.5	58.5	54.6	55.9	55.2	59.0	54.4	54.1	56.0	55.2	56.6	53.5	51.0	47.1	45.9	45.1	46.3	46.0	43.3	40.2	33.6	29.6	25.3	23.3	21.8
2018/02/08 16:21:33	61.4	28.9	28.9	44.7	44.7	54.2	54.2	59.0	59.0	59.6	55.5	55.7	52.6	57.4	52.5	52.3	53.8	53.0	56.2	53.5	49.8	45.5	44.3	43.5	44.6	45.2	42.5	40.6	31.9	27.8	24.2	23.2	21.7
2018/02/08 16:21:34	61.2	31.5	31.5	48.5	48.5	57.0	57.0	59.0	59.0	60.2	55.6	55.9	54.6	58.4	52.4	52.0	53.2	53.6	55.6	53.5	49.1	45.3	43.7	42.7	43.1	44.5	43.1	38.7	31.5	25.5	23.0	22.7	21.3
2018/02/08 16:21:35	62.7	35.9	35.9	52.1	52.1	61.2	61.2	61.4	61.4	60.0	58.8	59.3	55.8	60.0	53.6	52.7	53.9	56.0	57.6	54.8	50.7	47.8	44.5	42.3	42.6	43.3	42.6	37.8	30.8	24.8	22.5	22.2	21.1
