DataTime                     	dB(A)	16	20	25	31.5	40	50	63	80	100	125	160	200	250	315	400	500	630	800	1000	1250	1600	2000	2500	3150	4000	5000	6300	8000	10000	12500	16000	20000
2018/02/08 15:34:32	54.3	29.6	29.6	46.5	46.5	56.6	56.6	57.4	57.4	52.2	50.5	53.6	51.4	49.7	46.9	44.5	44.2	44.2	44.6	45.6	43.9	42.7	42.3	40.3	38.9	38.8	35.8	32.7	25.6	21.5	22.0	22.1	21.2
2018/02/08 15:34:33	52.9	27.9	27.9	44.0	44.0	53.8	53.8	55.7	55.7	54.6	53.5	52.3	47.3	47.2	45.5	44.3	44.4	42.8	42.7	44.2	43.1	41.8	40.5	38.0	36.9	36.6	33.7	28.4	24.1	22.0	21.9	22.4	21.2
2018/02/08 15:34:34	52.8	30.8	30.8	48.4	48.4	58.0	58.0	56.7	56.7	51.9	50.8	50.6	44.7	46.2	45.6	43.6	44.3	44.6	42.9	44.1	44.1	42.2	39.3	37.9	35.4	35.5	32.5	26.8	22.6	21.0	21.4	22.0	21.3
2018/02/08 15:34:35	53.2	27.9	27.9	46.1	46.1	55.2	55.2	55.5	55.5	52.2	50.5	50.0	46.6	46.7	44.7	43.2	44.2	43.9	42.5	44.9	45.1	42.2	40.3	39.1	36.1	36.6	35.3	31.9	27.2	24.1	22.5	24.1	22.8
2018/02/08 15:34:36	53.3	27.1	27.1	49.1	49.1	55.7	55.7	55.3	55.3	51.3	48.8	48.7	46.0	48.2	45.4	42.6	44.4	44.6	43.7	45.1	44.3	42.4	40.8	38.9	36.4	35.9	33.3	27.2	21.2	20.8	21.0	21.7	21.0
2018/02/08 15:34:37	54.2	27.5	27.5	46.5	46.5	55.3	55.3	56.2	56.2	52.6	49.7	51.4	49.6	50.6	47.2	43.7	48.7	44.6	44.3	45.9	44.2	43.2	41.1	38.4	37.1	36.0	34.1	27.7	22.2	21.3	21.4	22.1	21.6
2018/02/08 15:34:38	53.3	28.9	28.9	45.8	45.8	54.9	54.9	57.0	57.0	53.6	49.6	50.1	47.8	49.5	44.5	42.0	44.9	44.4	44.0	45.3	44.0	42.8	40.6	37.7	35.6	35.3	32.7	27.3	22.1	20.8	21.3	21.9	20.9
2018/02/08 15:34:39	53.1	28.6	28.6	48.0	48.0	55.8	55.8	56.4	56.4	52.7	49.4	48.7	44.4	46.0	44.3	42.7	43.0	43.3	43.1	45.3	45.1	43.1	40.7	38.1	35.7	35.1	35.1	29.8	25.5	22.3	22.4	22.5	21.4
2018/02/08 15:34:40	52.8	29.3	29.3	45.5	45.5	53.9	53.9	55.1	55.1	52.5	49.9	50.0	44.8	47.2	43.9	42.5	43.1	42.4	43.0	45.0	44.1	43.4	40.5	37.3	35.0	34.3	31.5	26.9	22.5	20.9	21.4	22.1	21.1
2018/02/08 15:34:41	51.9	26.5	26.5	45.9	45.9	54.2	54.2	55.3	55.3	53.1	48.8	48.7	45.8	47.3	42.6	41.3	43.3	42.4	41.7	43.7	43.7	41.5	39.1	36.6	34.7	33.5	30.9	26.3	22.3	21.3	21.2	21.8	21.0
2018/02/08 15:34:42	52.3	29.4	29.4	45.0	45.0	54.1	54.1	56.1	56.1	54.4	51.6	50.6	47.1	46.9	43.4	41.9	42.4	42.5	42.4	44.1	44.1	42.1	39.3	36.3	34.2	33.9	32.4	28.2	24.6	21.9	22.4	22.3	23.7
2018/02/08 15:34:43	52.1	26.1	26.1	43.6	43.6	54.8	54.8	57.1	57.1	56.1	54.2	50.5	48.4	49.1	42.1	41.6	43.0	43.5	41.3	42.9	42.6	41.8	39.7	35.8	34.1	33.7	30.8	26.3	21.9	21.2	21.3	22.2	21.4
2018/02/08 15:34:44	52.7	30.4	30.4	46.1	46.1	56.4	56.4	58.3	58.3	55.2	50.4	50.6	45.3	48.0	44.0	42.6	43.1	43.1	42.3	43.5	43.8	42.6	40.6	37.7	36.7	35.1	34.7	31.2	26.9	23.5	21.8	22.3	21.6
2018/02/08 15:34:45	52.9	29.2	29.2	47.0	47.0	56.7	56.7	57.3	57.3	57.0	52.7	51.1	49.5	49.0	42.9	41.0	42.9	43.3	41.3	43.7	44.6	43.7	40.2	37.1	35.6	33.7	32.4	27.3	22.8	21.2	21.2	22.1	21.2
2018/02/08 15:34:46	53.5	27.6	27.6	44.4	44.4	55.3	55.3	57.8	57.8	54.0	50.0	51.7	45.4	46.3	42.8	42.5	42.1	44.1	41.8	44.6	45.6	44.1	42.6	38.5	37.6	34.5	34.9	28.6	23.2	20.7	21.6	22.1	20.9
2018/02/08 15:34:47	53.8	27.7	27.7	44.6	44.6	54.1	54.1	55.3	55.3	54.3	52.1	51.8	47.2	48.6	43.9	41.7	41.2	44.3	42.6	45.0	44.2	44.5	43.7	40.2	38.5	35.9	35.0	31.8	25.5	22.4	22.0	22.2	21.4
2018/02/08 15:34:48	53.3	30.6	30.6	47.8	47.8	57.5	57.5	56.6	56.6	51.4	49.4	51.3	44.1	45.9	45.0	41.0	42.2	43.4	41.9	44.8	43.0	42.7	41.8	42.0	40.8	38.8	36.3	31.7	24.2	22.1	22.0	23.6	22.0
2018/02/08 15:34:49	53.1	32.6	32.6	50.1	50.1	58.4	58.4	57.3	57.3	52.4	50.3	52.4	45.6	48.6	46.4	42.3	43.9	43.0	42.0	45.0	42.3	42.1	40.5	39.3	38.9	37.1	35.5	30.3	24.9	22.5	22.6	22.8	21.8
2018/02/08 15:34:50	53.6	29.2	29.2	47.3	47.3	56.3	56.3	56.6	56.6	52.8	51.2	52.7	51.0	48.9	48.0	43.6	44.9	43.2	41.6	44.9	43.3	43.0	41.1	39.0	38.7	36.2	34.2	30.2	25.1	22.9	22.5	22.9	21.8
2018/02/08 15:34:51	55.2	27.4	27.4	44.7	44.7	53.5	53.5	55.0	55.0	52.1	52.2	52.5	50.9	56.7	48.2	44.3	47.8	44.6	43.4	46.2	44.7	44.1	42.1	39.1	38.3	35.9	35.1	29.6	23.9	22.0	22.0	22.7	21.7
2018/02/08 15:34:52	53.6	27.9	27.9	44.5	44.5	53.6	53.6	55.2	55.2	51.4	49.4	51.0	41.7	47.5	50.5	42.7	44.0	44.2	42.9	45.8	44.3	43.2	41.6	38.2	36.1	33.7	31.1	25.6	21.9	21.2	21.5	22.2	21.3
2018/02/08 15:34:53	54.0	31.0	31.0	50.4	50.4	59.5	59.5	58.7	58.7	52.1	48.6	49.6	43.5	50.0	49.0	42.5	43.8	44.1	44.0	46.7	45.0	43.7	41.4	38.7	36.7	34.5	30.8	26.7	21.5	21.0	21.3	22.1	21.4
2018/02/08 15:34:54	54.6	29.5	29.5	47.3	47.3	57.2	57.2	57.0	57.0	52.5	52.3	50.4	48.3	54.4	45.5	41.1	44.2	43.2	44.1	47.5	45.6	44.3	41.6	38.3	37.1	34.8	31.3	25.8	21.3	20.5	21.1	21.9	21.0
2018/02/08 15:34:55	54.5	28.6	28.6	45.2	45.2	56.1	56.1	56.6	56.6	52.1	52.8	56.0	55.2	50.5	45.1	41.3	43.5	43.7	43.0	47.0	45.8	43.1	41.1	38.2	36.2	34.7	32.4	26.7	21.6	20.5	20.9	21.8	21.0
2018/02/08 15:34:56	52.6	29.1	29.1	46.8	46.8	57.2	57.2	57.9	57.9	52.3	52.0	51.4	43.9	46.6	43.4	41.3	41.6	41.1	42.0	46.4	43.8	41.7	40.1	37.4	35.2	33.2	30.4	25.0	21.1	20.3	20.8	21.5	20.7
2018/02/08 15:34:57	52.7	32.2	32.2	51.5	51.5	60.5	60.5	59.1	59.1	53.1	53.2	51.8	48.4	48.3	45.5	41.3	41.5	41.6	41.6	45.1	44.6	41.3	39.6	37.4	35.8	34.2	31.7	26.6	21.5	21.0	21.1	21.9	21.0
2018/02/08 15:34:58	52.8	32.0	32.0	49.0	49.0	59.2	59.2	58.2	58.2	53.3	55.5	52.4	46.1	48.6	45.2	41.3	43.6	43.7	42.3	44.7	42.7	41.8	40.2	37.6	37.1	35.3	33.8	27.6	23.0	20.9	21.0	21.8	20.7
2018/02/08 15:34:59	52.7	28.4	28.4	43.9	43.9	54.9	54.9	55.5	55.5	53.0	54.4	53.5	45.5	47.6	43.9	40.9	42.5	42.4	41.6	44.9	43.3	41.3	40.6	38.2	37.0	36.0	34.0	28.4	22.8	20.4	20.9	21.6	20.5
2018/02/08 15:35:00	53.3	28.4	28.4	43.9	43.9	54.7	54.7	55.9	55.9	54.1	58.3	56.9	51.1	50.3	46.1	43.4	42.3	41.6	41.1	44.0	43.3	41.9	40.4	37.1	36.2	35.5	32.7	27.7	21.7	20.7	21.0	21.7	20.7
2018/02/08 15:35:01	52.0	29.8	29.8	46.7	46.7	56.0	56.0	56.1	56.1	52.3	54.2	55.6	43.8	47.4	44.4	43.5	41.7	41.5	40.3	43.6	43.0	41.2	39.1	35.7	34.6	33.2	30.2	25.4	20.9	20.6	20.8	21.8	20.8
2018/02/08 15:35:02	51.8	29.5	29.5	44.6	44.6	56.5	56.5	58.3	58.3	51.3	49.3	50.8	48.1	47.4	44.4	42.8	41.2	42.1	41.2	44.1	42.7	41.3	38.9	35.6	33.9	32.8	29.9	26.1	22.7	21.4	21.3	22.0	21.1
2018/02/08 15:35:03	51.1	25.3	25.3	43.6	43.6	52.9	52.9	53.2	53.2	50.5	51.7	50.6	43.8	50.2	43.9	41.4	43.8	41.3	40.4	42.4	41.1	39.9	38.2	35.5	33.4	32.0	29.1	24.8	20.7	20.2	20.7	21.6	20.6
2018/02/08 15:35:04	50.3	27.2	27.2	46.8	46.8	55.6	55.6	54.7	54.7	50.5	48.1	48.8	43.8	49.8	42.2	38.5	43.8	39.0	39.5	41.9	40.0	39.0	37.2	34.9	33.9	32.8	30.4	25.4	21.1	20.6	20.8	22.0	20.9
2018/02/08 15:35:05	50.7	30.2	30.2	45.3	45.3	56.3	56.3	57.0	57.0	53.5	50.4	49.1	45.2	47.7	44.0	40.8	41.5	40.3	39.7	42.1	40.9	40.2	37.6	35.1	34.6	33.7	31.6	26.3	21.4	20.7	20.8	21.8	20.8
2018/02/08 15:35:06	51.6	24.8	24.8	42.7	42.7	52.5	52.5	55.3	55.3	53.9	54.2	50.1	44.8	47.3	44.8	41.8	42.2	41.1	42.2	42.8	42.0	39.9	38.5	36.2	35.5	35.3	33.2	27.7	23.0	21.0	21.2	21.9	20.9
2018/02/08 15:35:07	52.0	28.4	28.4	44.5	44.5	53.6	53.6	54.4	54.4	51.7	51.4	50.8	44.2	47.9	43.4	41.8	42.1	43.2	41.0	44.2	42.9	41.3	38.8	37.4	36.4	35.3	33.5	28.0	23.5	21.1	21.0	21.8	20.9
2018/02/08 15:35:08	51.5	26.8	26.8	42.1	42.1	53.1	53.1	54.9	54.9	52.4	50.2	50.5	44.7	48.0	45.5	41.2	41.5	42.4	41.2	41.9	41.1	40.5	38.1	37.9	37.9	36.6	33.7	27.9	23.6	21.9	21.7	21.9	21.3
2018/02/08 15:35:09	51.1	24.6	24.6	41.1	41.1	49.3	49.3	53.5	53.5	53.2	50.7	48.9	45.7	47.8	43.4	40.4	41.6	42.2	41.0	42.6	40.9	40.5	38.5	36.0	35.2	34.7	30.9	26.4	23.1	20.9	21.2	22.0	21.1
2018/02/08 15:35:10	52.6	25.7	25.7	42.1	42.1	51.1	51.1	52.6	52.6	52.8	52.6	53.3	45.7	50.3	47.3	43.6	42.7	43.0	42.4	43.4	44.1	41.4	38.6	35.8	34.2	34.0	30.9	26.1	22.0	20.9	21.1	21.8	21.1
2018/02/08 15:35:11	55.6	27.6	27.6	44.0	44.0	55.8	55.8	58.7	58.7	53.3	51.8	56.2	48.4	52.3	49.3	45.2	47.1	48.2	44.1	46.7	47.1	43.6	41.4	39.9	39.8	37.3	35.0	29.9	24.6	22.0	21.7	21.8	20.8
2018/02/08 15:35:12	55.8	27.5	27.5	43.9	43.9	55.6	55.6	59.3	59.3	55.7	53.4	55.2	51.2	51.9	47.8	43.2	46.1	48.2	46.1	47.4	45.5	44.3	43.6	40.4	38.5	37.9	36.1	31.8	28.0	24.3	23.2	22.5	21.2
2018/02/08 15:35:13	60.9	34.8	34.8	51.2	51.2	62.0	62.0	61.1	61.1	61.8	64.6	59.7	50.6	54.2	51.3	45.0	49.0	51.0	51.0	53.0	51.8	51.0	48.6	44.9	43.6	44.7	44.0	39.6	34.8	31.7	28.3	26.2	24.6
2018/02/08 15:35:14	61.9	32.4	32.4	44.9	44.9	59.0	59.0	60.6	60.6	60.3	66.6	63.7	53.9	54.6	52.2	49.9	50.1	52.5	53.2	54.6	52.8	50.3	47.0	44.4	44.1	44.0	43.7	39.5	35.6	31.6	28.5	28.2	25.2
2018/02/08 15:35:15	60.1	29.7	29.7	43.3	43.3	56.9	56.9	60.2	60.2	55.7	57.9	58.5	52.0	54.4	50.5	47.8	50.8	52.0	49.8	52.6	50.8	50.1	48.2	45.6	43.1	41.4	38.7	34.4	29.5	26.9	26.3	24.7	22.4
2018/02/08 15:35:16	57.1	26.0	26.0	44.1	44.1	53.3	53.3	54.8	54.8	52.0	50.0	51.4	44.9	50.6	48.6	46.2	47.1	48.4	46.8	48.5	48.1	47.9	45.4	43.9	42.4	39.4	34.9	30.9	24.6	21.8	21.4	22.0	20.8
2018/02/08 15:35:17	56.3	25.9	25.9	43.0	43.0	52.6	52.6	55.1	55.1	52.2	47.6	48.8	44.1	48.0	47.1	45.5	47.5	48.3	46.3	48.2	47.7	46.5	44.7	42.4	40.4	37.8	33.8	29.6	23.4	21.0	21.0	21.8	20.8
2018/02/08 15:35:18	56.5	25.6	25.6	43.3	43.3	51.7	51.7	52.0	52.0	49.2	46.2	48.9	43.5	48.9	46.6	44.7	48.8	49.1	48.2	48.1	47.7	47.0	44.2	41.0	39.3	37.1	33.2	29.3	23.5	21.0	20.8	21.8	20.6
2018/02/08 15:35:19	57.3	25.9	25.9	44.0	44.0	51.4	51.4	51.1	51.1	47.4	44.8	48.1	45.4	49.9	46.7	45.1	47.9	48.0	47.8	50.3	49.0	47.9	44.3	42.7	42.7	39.1	34.7	30.1	24.8	21.5	20.8	21.6	20.8
2018/02/08 15:35:20	57.8	27.4	27.4	42.8	42.8	51.9	51.9	53.9	53.9	50.4	47.5	48.9	44.5	48.8	48.0	45.5	47.5	47.9	47.8	50.9	50.4	48.2	45.4	42.6	42.6	38.8	34.3	30.0	24.9	21.4	21.1	22.0	20.9
2018/02/08 15:35:21	60.1	27.1	27.1	44.7	44.7	52.1	52.1	52.1	52.1	50.1	47.0	48.2	46.1	50.5	51.2	45.3	46.1	46.4	49.6	51.6	50.0	47.3	44.9	44.7	54.7	43.0	36.8	30.8	30.2	29.8	23.6	21.5	20.6
2018/02/08 15:35:22	58.5	26.4	26.4	43.5	43.5	52.4	52.4	53.7	53.7	52.1	47.6	49.8	45.7	49.1	49.4	46.8	47.6	47.9	49.3	52.4	51.0	48.4	45.6	42.9	40.8	38.5	34.9	29.9	24.5	21.0	21.1	21.7	20.7
2018/02/08 15:35:23	59.5	27.3	27.3	44.9	44.9	54.7	54.7	55.2	55.2	51.3	51.0	49.9	46.8	49.5	50.7	50.2	48.7	50.1	50.1	53.2	51.4	49.2	48.0	43.7	42.3	40.4	36.0	32.3	27.5	22.7	21.4	22.0	21.2
2018/02/08 15:35:24	61.8	28.0	28.0	45.9	45.9	54.4	54.4	54.7	54.7	53.6	52.5	52.5	46.9	51.9	54.5	53.1	51.7	53.0	52.8	55.2	52.5	53.1	49.4	43.6	42.2	40.3	37.5	32.4	26.4	22.2	21.1	22.0	21.0
2018/02/08 15:35:25	64.7	27.7	27.7	44.4	44.4	53.4	53.4	54.2	54.2	54.6	56.0	54.9	50.5	54.6	57.0	55.6	55.6	53.5	54.7	55.5	57.5	55.7	52.6	50.2	49.0	47.4	44.5	39.1	30.9	24.6	22.6	22.6	21.3
2018/02/08 15:35:26	71.0	29.7	29.7	45.6	45.6	55.0	55.0	59.4	59.4	63.2	63.7	61.6	56.4	60.8	61.0	57.6	58.9	58.9	61.0	63.7	64.6	62.0	58.8	56.3	53.3	51.0	50.0	46.3	41.6	36.4	33.2	29.5	26.7
2018/02/08 15:35:27	69.7	31.3	31.3	48.5	48.5	58.2	58.2	61.6	61.6	62.0	61.0	63.7	58.8	61.8	58.5	56.9	57.0	57.1	59.3	63.5	62.8	61.0	57.1	52.1	50.0	48.1	48.4	44.8	40.6	36.1	32.1	30.4	29.2
2018/02/08 15:35:28	62.7	29.3	29.3	42.1	42.1	53.1	53.1	56.9	56.9	57.0	56.5	57.3	54.4	58.6	56.5	52.4	52.5	52.7	53.0	54.9	55.4	50.3	49.7	47.3	47.1	45.0	42.0	35.2	27.4	24.0	22.7	22.6	21.2
2018/02/08 15:35:29	62.2	30.1	30.1	44.3	44.3	53.8	53.8	57.7	57.7	58.7	57.7	58.9	51.7	58.3	55.5	51.0	52.0	51.5	52.3	53.9	55.2	52.1	49.8	45.3	42.8	41.5	39.7	33.7	26.8	24.1	22.4	22.4	21.6
2018/02/08 15:35:30	65.4	27.6	27.6	45.4	45.4	54.3	54.3	58.4	58.4	58.4	54.6	56.4	52.3	57.2	53.5	51.7	52.2	52.9	55.5	58.8	59.8	55.6	53.2	47.8	46.0	44.9	44.9	39.7	33.7	29.5	24.2	23.5	22.4
2018/02/08 15:35:31	65.8	28.5	28.5	46.4	46.4	54.3	54.3	57.8	57.8	59.5	54.5	56.0	52.8	57.6	54.8	51.2	52.7	53.6	55.1	60.0	59.5	56.4	52.6	47.3	46.2	45.4	46.0	39.2	34.2	28.8	24.7	23.6	22.1
2018/02/08 15:35:32	64.7	27.6	27.6	45.1	45.1	52.4	52.4	55.7	55.7	56.5	55.5	55.3	52.1	57.3	54.6	53.2	55.2	53.8	52.9	56.4	58.1	55.6	54.8	49.7	46.4	43.9	41.9	35.9	29.2	24.6	22.9	22.3	21.3
2018/02/08 15:35:33	65.6	27.6	27.6	44.9	44.9	55.8	55.8	60.7	60.7	58.9	55.8	59.5	53.4	57.6	57.5	54.0	55.4	55.3	54.3	56.7	58.8	55.9	54.9	51.9	49.7	47.3	42.9	38.5	31.7	27.1	25.2	23.8	21.8
2018/02/08 15:35:34	69.0	29.4	29.4	46.0	46.0	57.6	57.6	64.6	64.6	62.1	60.7	63.6	55.9	57.1	59.5	56.8	57.7	56.1	58.2	62.1	62.7	59.7	57.0	52.0	50.3	49.2	47.9	42.7	38.9	34.2	29.5	26.3	23.5
2018/02/08 15:35:35	69.2	31.4	31.4	47.6	47.6	59.3	59.3	61.1	61.1	58.4	58.5	62.1	56.4	61.3	58.7	58.6	57.2	56.4	61.3	63.3	62.1	59.6	55.5	51.2	49.0	47.9	45.4	40.1	34.8	28.5	25.0	23.8	22.0
2018/02/08 15:35:36	66.6	31.0	31.0	46.3	46.3	55.4	55.4	55.2	55.2	55.5	56.5	61.7	55.3	59.3	58.3	57.1	56.6	54.2	53.7	55.6	58.0	59.2	56.4	54.6	50.5	48.3	45.6	41.5	35.6	30.6	26.7	24.2	21.9
2018/02/08 15:35:37	68.4	29.4	29.4	47.4	47.4	55.2	55.2	55.3	55.3	56.3	56.9	61.6	55.7	62.0	57.7	56.3	57.4	55.2	52.8	55.5	58.6	62.5	59.2	56.9	52.5	51.6	50.6	46.4	41.5	36.8	32.1	29.2	25.0
2018/02/08 15:35:38	71.9	26.9	26.9	46.2	46.2	54.5	54.5	54.1	54.1	55.3	55.6	59.8	56.5	65.3	61.5	56.5	57.6	59.6	59.5	60.0	62.1	67.5	58.2	56.6	53.5	55.6	56.1	52.3	49.3	43.1	36.1	40.4	35.6
2018/02/08 15:35:39	70.2	27.1	27.1	45.6	45.6	52.7	52.7	52.1	52.1	58.7	58.9	56.0	56.4	64.1	58.7	57.1	56.8	57.3	56.4	59.0	61.8	64.5	59.8	56.6	53.3	52.8	54.1	49.3	45.7	41.0	34.9	36.2	30.8
2018/02/08 15:35:40	66.0	29.8	29.8	46.2	46.2	54.2	54.2	53.5	53.5	54.2	53.8	53.0	55.5	62.3	54.1	56.4	54.0	53.4	51.0	52.0	54.1	60.2	54.8	57.0	51.7	47.7	46.8	41.3	34.8	29.8	26.4	27.9	23.5
2018/02/08 15:35:41	61.2	27.7	27.7	45.4	45.4	52.6	52.6	52.4	52.4	51.2	50.2	50.9	51.1	59.4	48.8	55.3	51.6	48.6	47.7	49.7	50.6	52.7	49.1	49.8	49.6	46.0	42.6	37.9	29.7	23.8	22.2	22.5	21.1
2018/02/08 15:35:42	59.2	26.3	26.3	45.2	45.2	52.1	52.1	52.3	52.3	51.4	49.3	49.4	50.8	58.5	49.6	54.5	50.0	47.4	47.5	48.7	50.0	49.8	46.6	45.6	44.8	42.8	39.5	34.6	26.6	21.7	21.5	21.8	20.6
2018/02/08 15:35:43	57.9	27.5	27.5	46.8	46.8	53.6	53.6	53.7	53.7	53.3	49.5	48.0	46.7	54.6	49.0	52.2	48.8	46.8	48.1	48.9	49.7	47.5	45.7	43.7	43.2	40.5	37.5	31.7	24.4	21.2	21.2	21.8	21.1
2018/02/08 15:35:44	56.4	26.5	26.5	45.1	45.1	53.2	53.2	54.3	54.3	53.8	51.2	49.7	46.2	50.7	47.5	50.8	48.2	45.8	45.3	47.0	47.4	46.6	45.2	41.8	40.7	39.4	35.9	30.4	23.8	20.5	20.8	21.5	20.6
2018/02/08 15:35:45	56.6	27.1	27.1	45.2	45.2	53.1	53.1	53.1	53.1	50.6	48.4	48.4	46.0	56.1	47.8	49.7	46.4	45.5	46.1	47.9	48.2	47.4	44.0	40.8	39.8	37.0	34.1	28.0	22.2	20.2	20.8	21.6	20.8
2018/02/08 15:35:46	55.5	27.8	27.8	45.5	45.5	54.2	54.2	56.4	56.4	53.1	48.5	48.2	44.1	51.7	46.7	50.2	45.6	44.1	43.7	47.9	45.4	46.6	43.0	40.9	39.2	36.9	34.0	27.6	22.1	20.3	20.9	21.8	20.7
2018/02/08 15:35:47	55.1	25.7	25.7	46.0	46.0	53.4	53.4	55.0	55.0	54.3	49.8	51.5	47.0	51.3	46.5	50.7	45.8	44.1	43.7	45.4	45.0	46.0	42.6	41.1	40.2	36.7	34.4	27.8	22.1	20.4	20.7	21.5	20.7
2018/02/08 15:35:48	54.1	26.2	26.2	45.7	45.7	53.4	53.4	55.0	55.0	54.8	49.0	49.6	46.3	52.0	44.9	48.6	45.7	43.1	44.3	44.1	43.6	44.7	42.0	39.8	38.7	36.1	33.0	27.1	21.6	20.2	20.6	21.5	20.7
2018/02/08 15:35:49	53.8	26.1	26.1	46.0	46.0	53.7	53.7	56.6	56.6	56.8	50.2	48.7	46.8	50.4	46.0	48.1	44.8	42.8	42.7	44.5	43.4	44.0	42.5	39.7	38.3	35.9	33.0	27.1	21.3	20.3	20.8	21.5	20.8
2018/02/08 15:35:50	53.9	26.1	26.1	44.1	44.1	50.9	50.9	54.1	54.1	54.0	47.5	49.0	45.3	50.0	46.8	45.7	46.2	44.5	43.7	44.6	43.9	44.1	42.3	39.4	38.3	36.9	33.5	27.9	21.5	20.4	20.8	21.6	20.6
2018/02/08 15:35:51	52.5	28.0	28.0	46.3	46.3	52.2	52.2	51.5	51.5	51.4	48.2	47.9	42.5	51.4	44.3	44.4	43.9	41.4	42.2	43.1	42.0	42.7	41.4	37.8	36.8	34.9	32.0	26.9	21.6	20.8	21.1	21.7	20.8
2018/02/08 15:35:52	52.9	28.0	28.0	48.9	48.9	54.4	54.4	53.1	53.1	50.0	47.4	46.6	43.6	49.0	43.4	42.8	43.4	42.0	42.8	42.7	42.3	43.6	43.7	39.4	38.2	37.2	34.3	29.4	23.2	21.2	21.7	22.0	20.8
2018/02/08 15:35:53	53.9	28.4	28.4	47.0	47.0	53.8	53.8	52.5	52.5	48.2	45.7	47.9	41.1	46.3	45.7	42.6	43.0	42.5	42.9	43.9	44.2	43.7	46.2	40.5	40.1	39.2	36.2	31.5	23.9	21.5	21.3	21.8	20.6
2018/02/08 15:35:54	55.7	27.8	27.8	44.7	44.7	54.8	54.8	55.5	55.5	50.7	47.3	46.5	44.7	48.8	46.7	43.2	43.7	44.1	44.3	46.5	45.3	44.5	45.5	44.1	45.2	43.7	37.1	37.8	24.7	21.6	21.7	21.6	20.9
2018/02/08 15:35:55	53.7	25.8	25.8	43.8	43.8	52.1	52.1	54.5	54.5	50.5	44.8	47.7	43.6	46.4	46.9	44.2	42.8	42.3	41.4	44.3	44.3	43.2	42.5	41.5	41.5	41.8	37.0	32.3	24.7	21.4	21.1	21.7	20.8
2018/02/08 15:35:56	53.8	28.0	28.0	44.4	44.4	52.7	52.7	55.0	55.0	52.7	46.9	49.0	43.5	47.0	46.5	44.7	45.8	44.7	41.7	43.3	44.2	44.0	42.9	39.7	39.6	40.1	35.1	30.2	23.3	21.2	21.2	21.6	20.9
2018/02/08 15:35:57	55.1	28.2	28.2	45.4	45.4	53.8	53.8	55.6	55.6	53.6	50.4	50.4	47.5	48.7	47.4	45.9	47.7	45.4	45.0	44.3	45.1	45.4	43.2	40.9	41.6	41.2	36.2	30.7	23.3	20.8	21.0	21.7	20.7
2018/02/08 15:35:58	54.0	29.6	29.6	44.9	44.9	53.1	53.1	54.5	54.5	52.9	50.1	49.5	45.2	47.5	44.9	45.1	46.3	46.5	43.0	44.2	43.9	43.6	42.9	39.9	40.1	38.1	34.3	29.5	24.9	21.9	21.2	21.7	20.7
2018/02/08 15:35:59	53.7	28.3	28.3	45.9	45.9	53.2	53.2	53.2	53.2	50.6	47.9	48.3	44.5	48.1	45.0	44.2	44.2	45.7	42.8	44.7	43.6	43.6	43.2	40.3	38.2	37.1	35.4	30.4	27.5	23.5	21.8	21.9	20.8
2018/02/08 15:36:00	54.2	27.2	27.2	45.6	45.6	52.9	52.9	52.1	52.1	50.6	49.4	48.6	43.1	46.7	46.6	42.7	44.9	44.2	44.8	46.1	44.6	44.6	43.0	40.8	39.7	36.8	33.8	29.4	25.4	22.4	21.4	21.7	20.9
2018/02/08 15:36:01	53.9	27.1	27.1	46.0	46.0	54.1	54.1	53.7	53.7	48.5	45.1	49.5	45.2	46.6	46.9	43.9	44.1	44.1	43.1	46.4	44.9	43.3	41.8	39.9	40.4	37.6	32.5	29.0	23.9	20.5	21.1	21.6	20.7
2018/02/08 15:36:02	53.6	28.7	28.7	47.7	47.7	54.8	54.8	53.6	53.6	51.8	50.2	49.0	43.8	47.1	46.9	43.8	44.8	43.7	42.2	45.8	44.7	43.5	41.0	39.5	39.8	37.0	34.0	28.8	23.8	21.2	21.5	22.1	21.2
2018/02/08 15:36:03	54.3	30.4	30.4	48.3	48.3	57.4	57.4	56.8	56.8	51.6	47.0	49.8	48.0	48.6	47.9	42.1	45.6	43.9	43.3	45.4	45.8	44.7	41.9	40.4	39.8	37.2	33.9	30.9	23.3	20.4	20.8	21.6	20.5
2018/02/08 15:36:04	55.9	30.2	30.2	45.8	45.8	55.7	55.7	56.2	56.2	52.1	49.1	48.5	46.1	49.1	46.8	44.1	45.9	46.2	44.7	47.5	47.3	46.4	43.8	41.9	43.3	40.5	37.1	33.5	25.0	20.8	20.8	21.7	21.0
2018/02/08 15:36:05	56.8	29.0	29.0	45.5	45.5	55.5	55.5	55.4	55.4	49.0	49.3	49.3	45.9	50.5	46.4	45.7	47.5	47.5	45.8	49.2	48.4	47.8	44.5	41.2	43.0	37.9	34.6	32.3	23.4	20.6	20.6	21.7	20.7
2018/02/08 15:36:06	55.9	27.5	27.5	46.3	46.3	56.3	56.3	56.8	56.8	50.6	49.5	51.6	44.0	48.3	45.7	43.9	46.5	45.1	45.2	49.6	48.3	46.4	43.8	39.0	36.0	34.1	30.8	25.1	20.7	20.0	20.7	21.5	20.7
2018/02/08 15:36:07	54.9	26.4	26.4	45.9	45.9	54.3	54.3	56.1	56.1	53.5	49.0	50.3	45.6	48.1	46.4	42.1	46.1	43.6	43.6	47.4	47.7	45.7	43.0	39.1	36.2	34.1	31.0	25.3	20.8	20.4	20.9	21.7	20.7
2018/02/08 15:36:08	55.4	29.7	29.7	45.5	45.5	57.4	57.4	61.3	61.3	57.7	50.7	50.9	44.0	47.7	46.0	45.1	46.5	45.7	45.2	48.4	47.5	45.3	42.5	38.8	36.2	33.8	31.4	25.3	20.8	20.1	20.8	21.4	20.6
2018/02/08 15:36:09	54.5	27.4	27.4	45.3	45.3	55.0	55.0	58.4	58.4	55.5	52.1	52.9	44.2	48.0	46.9	45.8	46.7	45.7	44.0	46.9	46.0	43.8	41.5	38.6	36.4	33.8	31.3	25.2	21.5	20.5	20.7	21.8	20.6
2018/02/08 15:36:10	53.1	27.5	27.5	46.1	46.1	55.5	55.5	59.5	59.5	56.7	48.2	50.6	42.4	46.3	46.1	43.8	45.3	44.4	43.1	45.5	43.9	42.5	39.7	36.8	34.8	33.2	30.3	25.0	21.8	20.8	21.0	22.0	20.9
2018/02/08 15:36:11	53.5	28.0	28.0	45.7	45.7	54.3	54.3	58.7	58.7	59.9	54.2	49.7	45.3	48.5	46.6	44.8	45.1	44.7	42.1	44.1	44.5	42.8	40.3	39.7	37.5	34.1	31.7	25.4	22.8	20.4	20.7	21.8	20.8
2018/02/08 15:36:12	52.2	30.9	30.9	47.9	47.9	56.4	56.4	57.4	57.4	53.9	50.1	51.3	45.0	47.8	46.2	44.3	44.9	43.0	41.3	42.7	41.9	41.1	39.0	38.3	36.3	33.3	30.4	25.4	22.7	20.3	20.8	21.6	20.7
2018/02/08 15:36:13	50.6	27.9	27.9	47.8	47.8	56.1	56.1	55.4	55.4	49.1	46.2	48.1	43.4	45.9	43.3	42.0	42.7	41.9	40.4	41.5	40.9	40.0	38.7	36.3	34.7	32.9	30.0	25.2	21.0	20.4	20.9	21.7	20.9
2018/02/08 15:36:14	52.1	31.5	31.5	46.5	46.5	56.8	56.8	58.6	58.6	54.0	48.6	47.3	45.2	49.1	43.9	43.5	44.2	42.3	42.0	43.4	42.6	41.3	39.2	37.7	35.7	34.0	30.9	25.3	21.3	20.3	21.1	21.7	20.8
2018/02/08 15:36:15	53.4	29.9	29.9	48.8	48.8	57.5	57.5	59.0	59.0	56.0	49.7	48.2	44.7	47.6	48.8	44.1	44.3	42.7	43.3	44.2	43.8	43.0	41.1	40.3	37.3	36.7	35.1	28.0	27.1	20.9	21.0	21.7	20.8
2018/02/08 15:36:16	54.1	28.5	28.5	47.1	47.1	56.0	56.0	56.0	56.0	55.3	52.2	54.2	47.3	49.7	47.7	48.3	44.7	43.7	42.9	45.1	44.1	43.6	41.6	39.6	38.4	36.5	32.8	26.7	22.2	20.1	20.9	21.6	20.8
2018/02/08 15:36:17	52.3	28.8	28.8	46.2	46.2	54.8	54.8	56.3	56.3	53.0	50.9	51.6	46.1	47.6	46.5	43.7	44.2	42.6	43.7	43.6	42.0	40.8	39.0	37.4	35.8	33.6	31.4	25.3	21.0	20.3	20.8	21.7	20.7
2018/02/08 15:36:18	52.0	29.2	29.2	47.8	47.8	57.3	57.3	58.0	58.0	52.6	49.9	51.4	48.1	49.7	44.6	42.7	44.2	42.6	41.8	42.7	42.0	40.6	38.4	37.2	36.5	33.0	30.4	25.2	20.6	20.1	20.8	21.5	20.7
2018/02/08 15:36:19	52.1	32.5	32.5	49.5	49.5	61.4	61.4	62.0	62.0	54.0	49.4	51.5	46.9	48.3	44.4	41.9	42.8	42.7	41.4	42.3	42.2	40.8	39.8	38.7	36.3	34.4	31.9	25.0	21.2	20.5	20.9	21.5	20.8
2018/02/08 15:36:20	52.9	30.2	30.2	45.6	45.6	58.9	58.9	61.3	61.3	54.9	50.5	51.4	51.0	51.1	44.9	44.8	43.9	41.9	41.6	42.8	42.1	42.0	40.3	39.4	37.6	35.8	32.2	26.2	21.1	20.3	20.9	21.5	20.7
2018/02/08 15:36:21	52.6	27.9	27.9	45.5	45.5	55.5	55.5	57.9	57.9	54.6	52.5	50.5	47.8	49.1	45.0	43.9	44.5	41.5	42.1	42.5	42.6	41.8	41.0	40.0	37.4	35.2	33.4	27.1	22.3	20.6	20.8	21.4	20.7
2018/02/08 15:36:22	52.0	27.2	27.2	45.5	45.5	54.2	54.2	56.0	56.0	53.1	50.9	53.2	47.1	49.2	45.0	44.2	42.8	41.9	40.4	42.3	41.5	40.9	39.7	38.7	36.2	33.6	30.4	25.2	21.8	20.3	20.9	21.5	20.7
2018/02/08 15:36:23	50.7	27.8	27.8	45.8	45.8	52.9	52.9	55.2	55.2	52.7	48.3	49.0	44.2	46.0	42.4	42.1	41.9	40.0	40.0	41.1	41.2	40.3	38.9	38.1	35.6	32.5	30.0	24.9	21.1	20.3	20.8	21.5	20.9
2018/02/08 15:36:24	50.1	26.4	26.4	45.2	45.2	52.5	52.5	55.8	55.8	52.4	45.5	46.3	44.2	45.7	42.5	41.4	41.6	38.7	39.3	41.1	40.7	40.2	38.2	36.6	34.3	32.3	29.8	25.2	21.4	20.6	20.9	22.0	21.1
2018/02/08 15:36:25	49.8	26.4	26.4	44.9	44.9	53.8	53.8	54.8	54.8	50.9	45.5	45.6	43.8	43.4	43.0	38.8	39.5	39.3	40.6	41.1	40.5	39.6	38.2	35.5	34.5	32.1	29.4	24.9	21.2	20.4	20.9	21.5	20.8
2018/02/08 15:36:26	50.2	28.2	28.2	46.3	46.3	54.0	54.0	53.4	53.4	49.4	46.1	46.9	41.6	44.0	41.3	39.7	40.4	39.6	39.3	41.8	41.1	40.5	38.2	37.8	34.9	32.9	30.3	26.2	22.2	21.1	21.3	22.0	21.0
2018/02/08 15:36:27	50.8	27.0	27.0	44.5	44.5	52.8	52.8	54.0	54.0	50.7	47.0	48.8	45.7	45.3	43.0	41.2	41.3	39.7	40.6	42.1	41.1	40.5	39.2	37.0	36.7	33.8	31.4	26.7	22.7	21.2	21.2	22.3	21.4
2018/02/08 15:36:28	50.9	26.2	26.2	45.1	45.1	53.4	53.4	57.1	57.1	56.4	48.5	47.4	42.7	45.7	43.7	40.0	42.1	40.7	40.7	41.5	41.3	40.5	38.6	36.9	35.5	33.5	31.1	27.0	22.3	21.2	21.5	22.1	21.2
2018/02/08 15:36:29	50.8	27.3	27.3	45.4	45.4	52.3	52.3	52.8	52.8	52.6	47.5	47.6	45.3	45.9	42.8	39.8	42.1	41.3	40.7	41.6	41.3	40.6	38.6	37.0	36.0	33.7	30.6	25.5	21.5	21.1	21.4	22.2	21.0
2018/02/08 15:36:30	50.6	26.9	26.9	44.7	44.7	53.0	53.0	54.5	54.5	52.5	47.1	45.4	40.5	45.2	42.9	40.7	41.6	40.5	40.5	42.3	41.0	40.2	38.8	37.4	35.4	33.5	30.7	25.6	21.0	20.8	21.1	21.6	20.7
2018/02/08 15:36:31	50.5	26.0	26.0	42.2	42.2	51.0	51.0	54.0	54.0	53.3	48.6	47.4	43.3	45.2	43.0	40.0	41.0	41.2	40.5	41.9	41.3	39.7	38.2	36.4	34.6	33.8	30.3	27.3	21.4	20.7	21.5	22.0	20.8
2018/02/08 15:36:32	50.4	26.6	26.6	45.4	45.4	53.9	53.9	54.5	54.5	50.9	45.2	45.1	42.2	45.8	42.3	39.7	40.4	41.0	41.1	42.2	41.2	40.1	38.3	36.3	35.2	33.3	30.8	25.6	21.2	20.5	21.1	21.7	20.6
2018/02/08 15:36:33	50.2	26.0	26.0	45.7	45.7	53.9	53.9	53.9	53.9	50.4	45.1	45.1	41.3	43.7	42.0	39.5	41.5	39.6	40.6	42.2	41.5	39.7	38.5	35.9	35.0	32.8	29.5	24.4	20.6	20.2	20.9	21.5	20.5
2018/02/08 15:36:34	50.2	23.8	23.8	44.6	44.6	52.1	52.1	52.8	52.8	49.9	44.9	45.3	42.4	44.0	42.1	38.7	40.3	39.7	40.5	42.3	41.4	40.1	38.6	35.9	34.0	33.1	29.1	24.3	20.8	20.2	20.7	21.8	20.8
2018/02/08 15:36:35	49.7	27.6	27.6	43.9	43.9	52.2	52.2	54.1	54.1	49.5	44.5	45.1	41.5	44.1	41.6	39.7	40.1	40.3	39.5	40.5	40.9	40.1	38.2	35.3	33.8	32.7	29.3	25.0	21.1	20.5	21.0	21.6	20.7
2018/02/08 15:36:36	49.9	27.7	27.7	44.9	44.9	53.4	53.4	53.0	53.0	47.6	44.8	45.9	41.0	43.6	41.8	40.3	40.2	39.8	40.3	42.5	41.0	39.3	38.2	35.5	33.9	32.4	29.0	24.1	20.5	20.3	20.8	21.7	20.8
2018/02/08 15:36:37	50.0	27.5	27.5	43.9	43.9	52.4	52.4	53.1	53.1	49.3	44.9	44.6	40.5	43.8	41.4	39.4	39.3	39.6	39.9	42.5	40.8	40.2	38.6	36.2	34.6	32.2	29.2	24.0	20.7	20.3	20.8	21.6	20.8
2018/02/08 15:36:38	49.3	29.5	29.5	42.8	42.8	52.1	52.1	53.4	53.4	48.4	43.6	44.9	41.3	43.0	40.6	39.8	39.0	39.6	39.5	40.8	40.1	39.3	38.0	35.8	34.4	31.7	29.2	23.6	20.4	20.2	21.0	21.5	20.9
2018/02/08 15:36:39	49.6	28.5	28.5	44.9	44.9	51.9	51.9	52.8	52.8	48.8	43.6	43.9	39.9	42.3	41.4	39.1	39.7	39.3	39.8	41.7	40.6	39.5	38.4	36.5	34.6	32.6	30.1	24.5	20.3	20.4	21.1	22.0	20.7
2018/02/08 15:36:40	50.3	27.4	27.4	43.9	43.9	52.5	52.5	54.6	54.6	51.2	46.5	44.6	41.9	44.4	42.2	38.7	40.0	39.9	39.2	41.8	41.8	40.8	39.1	36.5	34.6	32.5	29.7	24.5	20.6	20.3	21.0	21.7	20.7
2018/02/08 15:36:41	50.8	30.7	30.7	48.0	48.0	57.0	57.0	56.5	56.5	49.4	47.1	45.8	41.4	44.0	43.0	41.2	40.6	41.7	40.5	41.4	41.3	41.1	39.6	38.2	35.3	33.3	30.8	25.4	21.2	20.7	21.0	22.0	21.1
2018/02/08 15:36:42	52.2	28.2	28.2	45.9	45.9	55.0	55.0	57.8	57.8	54.6	48.8	50.5	45.2	45.8	43.6	41.3	41.3	41.3	40.9	41.4	42.4	43.0	41.4	40.1	39.1	36.4	31.9	27.3	22.1	21.3	21.4	22.3	21.8
2018/02/08 15:36:43	51.2	29.3	29.3	46.6	46.6	53.2	53.2	52.9	52.9	50.4	46.8	47.3	43.1	45.5	43.8	39.8	41.0	40.2	40.0	42.1	41.9	41.0	40.5	39.4	37.8	35.3	32.4	26.8	21.3	20.7	20.8	21.5	20.8
2018/02/08 15:36:44	50.4	30.3	30.3	47.1	47.1	55.6	55.6	56.2	56.2	50.2	45.6	44.6	42.5	44.2	41.5	39.7	39.9	41.3	39.4	41.9	41.1	40.3	39.1	37.5	35.9	34.0	31.1	26.1	21.2	20.6	21.1	21.7	20.6
2018/02/08 15:36:45	50.5	28.8	28.8	48.5	48.5	54.9	54.9	54.2	54.2	50.2	45.5	45.7	40.8	44.3	42.9	40.6	41.4	40.8	40.2	41.5	40.6	40.5	39.2	37.5	35.3	34.2	31.5	26.7	23.7	24.7	24.8	24.8	22.5
2018/02/08 15:36:46	50.2	29.0	29.0	47.2	47.2	53.7	53.7	52.7	52.7	49.9	45.7	46.7	41.8	44.5	43.2	39.3	41.6	39.8	39.7	41.3	40.3	39.7	39.7	37.0	35.9	34.1	30.9	26.0	21.8	20.9	21.2	21.8	21.0
2018/02/08 15:36:47	50.3	26.4	26.4	46.2	46.2	52.8	52.8	51.0	51.0	48.1	45.4	45.6	42.0	44.6	42.8	39.7	40.2	41.1	40.7	41.1	41.2	39.9	38.8	37.3	35.9	33.8	30.5	25.8	20.6	20.5	20.9	21.9	20.9
2018/02/08 15:36:48	50.0	26.4	26.4	47.8	47.8	55.8	55.8	55.6	55.6	51.8	47.9	47.1	41.5	43.7	41.3	39.4	40.3	39.5	39.9	41.3	40.4	39.9	38.4	36.8	35.5	33.7	30.2	25.3	21.3	20.6	20.8	21.9	20.9
2018/02/08 15:36:49	49.9	30.0	30.0	47.8	47.8	55.9	55.9	55.0	55.0	49.5	45.2	45.6	43.4	45.1	43.2	39.3	41.4	39.9	39.4	40.5	40.0	39.8	38.6	36.1	35.3	33.2	29.7	25.4	21.0	20.1	21.0	21.6	21.0
2018/02/08 15:36:50	49.8	31.0	31.0	47.9	47.9	57.7	57.7	57.2	57.2	50.5	45.4	45.2	39.7	43.4	41.7	40.2	40.9	39.2	38.8	41.1	40.6	39.7	38.3	36.5	34.2	32.7	29.5	24.3	20.6	20.1	20.8	21.7	20.6
2018/02/08 15:36:51	49.9	28.1	28.1	46.2	46.2	56.0	56.0	58.4	58.4	51.7	46.2	44.9	42.6	44.3	42.4	40.3	40.9	39.5	40.2	41.3	39.8	39.7	38.1	35.7	34.4	32.7	29.5	24.2	20.5	20.0	20.8	21.7	20.8
2018/02/08 15:36:52	49.7	27.7	27.7	45.8	45.8	53.3	53.3	54.9	54.9	50.1	44.4	45.3	41.5	44.3	43.4	39.5	40.3	39.2	39.4	41.3	40.5	39.8	37.5	35.8	34.3	32.5	29.7	24.2	20.4	20.5	20.8	21.7	20.8
2018/02/08 15:36:53	49.7	27.9	27.9	46.7	46.7	54.9	54.9	56.3	56.3	51.1	45.6	45.8	41.8	44.6	42.3	39.5	40.4	39.2	39.5	42.1	39.8	39.0	37.6	35.5	34.0	32.9	29.0	24.0	20.4	20.1	20.7	21.8	20.7
2018/02/08 15:36:54	49.7	27.2	27.2	46.3	46.3	54.3	54.3	55.7	55.7	51.5	44.0	43.6	39.8	43.0	42.9	39.8	40.2	39.7	40.8	41.1	40.1	39.2	38.1	35.8	34.0	32.0	29.3	24.1	20.5	19.9	20.7	21.4	20.5
2018/02/08 15:36:55	50.1	29.1	29.1	46.8	46.8	54.2	54.2	52.6	52.6	47.1	44.5	45.2	41.1	44.8	43.2	40.1	40.1	40.1	39.6	42.2	41.0	39.4	38.6	36.6	34.9	32.8	29.4	24.7	20.4	20.4	20.9	21.9	21.0
2018/02/08 15:36:56	50.4	25.9	25.9	43.9	43.9	52.7	52.7	53.8	53.8	50.5	46.8	46.0	41.9	44.9	41.8	40.8	41.8	39.7	40.7	42.3	41.3	39.9	38.7	36.3	35.2	32.9	30.1	24.9	21.1	20.5	20.7	21.7	20.6
2018/02/08 15:36:57	50.7	27.5	27.5	46.5	46.5	54.3	54.3	54.2	54.2	50.8	47.0	46.6	42.4	45.1	44.4	40.5	41.3	39.9	40.0	42.0	41.4	40.5	39.0	37.7	36.1	33.6	30.5	25.2	20.8	20.4	20.7	21.6	20.7
2018/02/08 15:36:58	50.6	27.9	27.9	47.2	47.2	55.5	55.5	55.4	55.4	50.4	47.7	47.0	43.2	45.3	42.9	41.2	41.4	40.9	40.2	41.6	41.3	39.8	38.9	37.9	35.7	33.6	30.5	25.2	20.8	20.4	21.0	21.6	20.9
2018/02/08 15:36:59	50.5	27.4	27.4	49.0	49.0	55.8	55.8	53.3	53.3	49.0	46.8	47.5	42.9	45.9	43.3	40.5	41.1	40.5	41.2	41.7	40.4	39.7	38.3	37.3	35.7	33.9	30.9	25.5	20.9	20.5	21.9	23.0	21.5
2018/02/08 15:37:00	50.4	28.3	28.3	46.2	46.2	55.2	55.2	54.9	54.9	48.9	46.8	45.1	40.6	45.6	43.8	41.8	41.3	40.0	39.5	41.7	40.1	39.9	38.9	37.6	36.6	33.4	30.6	25.4	21.2	20.7	21.1	21.9	21.1
2018/02/08 15:37:01	50.2	27.6	27.6	44.7	44.7	53.0	53.0	53.7	53.7	48.3	43.8	45.1	41.2	44.2	43.2	40.5	41.1	39.6	39.8	42.3	40.9	39.3	38.7	36.6	35.9	32.7	30.1	24.0	20.4	19.9	20.8	21.6	21.1
2018/02/08 15:37:02	50.0	27.8	27.8	46.5	46.5	54.3	54.3	54.2	54.2	49.5	45.4	45.7	42.0	44.5	43.6	39.4	40.0	40.4	40.5	41.9	40.4	39.3	37.7	36.3	35.1	33.0	29.8	24.6	21.1	22.0	22.7	22.5	21.6
2018/02/08 15:37:03	50.2	26.4	26.4	45.0	45.0	52.9	52.9	54.2	54.2	51.1	46.8	45.5	40.0	43.9	42.0	40.3	41.6	39.9	39.1	42.5	40.6	39.7	38.7	36.9	34.9	33.7	30.7	25.5	21.2	20.7	21.2	21.9	21.0
2018/02/08 15:37:04	50.6	26.7	26.7	45.9	45.9	52.4	52.4	52.4	52.4	49.5	45.2	45.7	39.8	44.5	41.3	39.9	41.1	40.2	40.4	42.0	42.1	40.8	39.5	37.1	35.6	34.4	31.7	27.0	22.8	21.9	21.7	22.4	21.3
2018/02/08 15:37:05	50.5	26.9	26.9	46.3	46.3	53.7	53.7	52.9	52.9	48.7	44.5	45.7	41.7	44.3	42.0	40.0	40.9	39.2	40.1	42.6	41.2	40.7	39.5	37.2	35.4	33.9	31.6	27.3	23.5	21.8	21.8	22.7	21.4
2018/02/08 15:37:06	50.4	27.2	27.2	48.3	48.3	55.3	55.3	52.9	52.9	47.6	43.4	46.0	41.8	44.3	41.6	41.0	40.6	39.9	39.5	42.6	41.1	40.7	39.4	36.0	35.5	34.7	31.1	27.1	22.3	21.0	21.3	21.9	21.4
2018/02/08 15:37:07	50.3	27.6	27.6	46.0	46.0	53.3	53.3	53.5	53.5	49.0	45.1	48.0	41.0	43.4	42.7	39.1	40.5	40.4	40.4	42.1	41.3	40.2	39.2	36.1	34.6	33.1	29.8	25.2	21.3	20.6	21.0	21.9	21.2
2018/02/08 15:37:08	50.1	28.4	28.4	45.4	45.4	52.7	52.7	52.6	52.6	48.6	44.0	45.0	41.9	43.1	41.8	40.0	40.3	40.9	40.4	41.6	40.7	40.4	39.1	36.3	34.4	32.9	29.6	24.8	20.8	20.2	20.9	21.7	20.8
2018/02/08 15:37:09	50.9	28.5	28.5	47.2	47.2	54.3	54.3	54.1	54.1	49.3	45.3	45.7	41.6	44.5	40.8	40.2	40.6	40.9	40.9	42.9	42.0	42.0	40.2	36.3	34.7	32.7	29.4	24.7	21.0	20.7	21.0	21.8	20.9
2018/02/08 15:37:10	52.2	28.0	28.0	45.6	45.6	52.6	52.6	53.5	53.5	51.1	46.3	47.0	41.1	43.1	41.5	39.7	41.2	41.2	42.2	43.7	43.5	44.3	42.0	37.6	35.5	33.9	30.6	26.2	22.1	21.1	21.2	22.0	20.9
2018/02/08 15:37:11	54.9	28.3	28.3	45.0	45.0	53.9	53.9	55.3	55.3	51.7	46.5	46.3	42.2	46.6	47.4	39.8	42.0	42.1	44.3	46.4	46.3	47.9	44.9	39.9	37.9	36.5	35.8	30.6	24.8	22.3	22.1	22.6	21.2
2018/02/08 15:37:12	55.9	32.3	32.3	51.9	51.9	57.7	57.7	58.0	58.0	56.6	51.0	52.3	45.3	51.3	55.5	45.7	42.7	44.4	43.5	46.6	45.1	46.7	44.3	41.2	38.6	36.2	32.8	27.8	22.5	21.4	21.1	21.6	20.7
2018/02/08 15:37:13	57.8	28.4	28.4	47.9	47.9	55.8	55.8	57.2	57.2	58.4	55.8	53.8	47.6	53.6	56.4	49.2	46.1	45.1	46.9	50.6	46.5	47.9	45.4	41.5	39.4	37.3	33.3	28.2	22.5	20.7	21.2	21.7	20.8
2018/02/08 15:37:14	57.9	25.8	25.8	43.1	43.1	51.6	51.6	54.1	54.1	56.9	54.3	51.4	46.9	53.1	54.3	46.2	46.2	45.3	47.5	51.9	48.7	48.6	44.2	41.1	38.9	37.2	32.7	27.7	22.5	20.9	20.9	21.6	21.3
2018/02/08 15:37:15	58.4	27.3	27.3	44.1	44.1	54.2	54.2	54.9	54.9	54.6	53.7	53.4	48.9	53.6	54.0	47.3	47.7	46.7	48.5	52.8	49.1	48.4	45.0	41.4	39.5	37.2	33.2	27.9	22.5	20.6	21.0	21.6	21.0
2018/02/08 15:37:16	59.0	26.3	26.3	44.2	44.2	54.7	54.7	56.2	56.2	54.3	54.3	53.2	47.5	52.6	51.7	46.3	48.6	47.4	50.3	53.9	49.2	48.5	46.2	42.8	41.1	37.6	34.2	28.5	22.8	21.2	21.1	21.9	21.0
2018/02/08 15:37:17	60.0	27.7	27.7	46.8	46.8	54.2	54.2	55.4	55.4	54.3	49.4	49.5	47.9	51.6	53.3	46.7	48.7	49.7	52.1	54.7	50.4	50.1	47.0	43.1	40.5	38.7	35.3	29.0	23.2	20.9	21.0	21.7	20.7
2018/02/08 15:37:18	61.6	27.7	27.7	49.3	49.3	57.2	57.2	56.8	56.8	55.7	52.4	52.1	46.0	52.6	53.8	48.4	50.6	50.0	52.2	57.1	51.7	52.2	48.4	44.5	43.5	42.1	38.9	32.1	25.6	22.7	21.9	22.6	21.4
2018/02/08 15:37:19	66.3	28.4	28.4	51.2	51.2	59.6	59.6	59.0	59.0	54.5	54.3	56.5	51.8	56.4	56.0	52.3	55.6	54.7	56.8	61.5	56.6	57.5	53.5	51.2	48.5	47.6	43.6	37.1	28.7	24.5	22.6	23.6	22.2
2018/02/08 15:37:20	71.7	31.0	31.0	56.7	56.7	62.7	62.7	63.2	63.2	62.1	61.2	64.6	59.8	64.7	61.7	57.4	60.1	61.0	64.6	66.2	63.5	60.8	58.7	53.8	52.6	49.4	47.0	42.7	39.5	38.1	35.9	31.3	28.3
2018/02/08 15:37:21	70.8	35.1	35.1	52.9	52.9	61.4	61.4	63.5	63.5	61.9	60.4	65.4	61.8	64.8	61.9	56.8	58.6	59.3	61.6	66.4	62.8	59.8	56.0	52.5	50.3	47.9	45.5	41.0	35.7	31.2	27.2	25.2	23.8
2018/02/08 15:37:22	63.9	27.9	27.9	47.3	47.3	54.3	54.3	57.9	57.9	55.0	51.1	55.2	54.1	58.8	56.2	53.6	53.7	52.4	54.8	58.2	57.4	52.0	48.0	45.0	45.1	43.3	39.9	32.7	25.2	21.9	21.2	22.1	20.8
2018/02/08 15:37:23	59.9	30.3	30.3	47.9	47.9	56.2	56.2	55.9	55.9	50.4	50.4	52.3	49.4	54.2	50.7	48.0	50.1	49.3	48.5	53.1	52.8	50.7	47.6	42.8	41.1	39.4	36.1	29.8	23.8	21.4	21.0	21.8	20.5
2018/02/08 15:37:24	57.4	26.1	26.1	43.7	43.7	54.6	54.6	55.4	55.4	50.4	49.8	49.5	48.3	51.1	48.9	45.1	48.1	47.0	46.0	50.6	50.1	47.2	45.4	41.0	40.3	39.5	36.1	30.5	24.0	20.9	20.9	21.7	20.6
2018/02/08 15:37:25	55.3	26.0	26.0	43.1	43.1	54.1	54.1	54.9	54.9	49.5	48.1	48.8	47.1	50.8	46.6	45.8	46.7	46.6	45.6	47.5	46.2	43.8	43.0	39.7	39.9	39.0	35.7	31.1	24.1	20.8	20.9	21.7	20.6
2018/02/08 15:37:26	53.8	26.5	26.5	43.7	43.7	53.2	53.2	54.5	54.5	49.4	48.0	49.2	41.8	50.1	46.3	43.7	45.6	45.1	44.7	44.9	44.2	41.7	43.2	39.1	38.6	36.8	33.8	28.4	22.7	20.6	20.6	21.6	20.7
2018/02/08 15:37:27	51.9	26.4	26.4	40.4	40.4	50.6	50.6	52.1	52.1	47.8	47.3	47.6	44.5	48.2	44.4	39.7	42.1	42.3	41.6	44.2	42.1	40.2	42.2	37.7	35.7	33.7	30.7	25.8	21.6	20.3	20.8	21.7	20.7
2018/02/08 15:37:28	50.1	29.1	29.1	42.8	42.8	52.4	52.4	53.3	53.3	48.3	45.5	45.0	39.7	44.9	44.2	40.5	40.5	39.8	39.7	40.9	41.3	40.2	39.3	36.3	33.8	31.8	28.2	24.2	20.3	20.0	20.8	21.6	20.8
2018/02/08 15:37:29	49.7	28.0	28.0	43.3	43.3	52.7	52.7	54.8	54.8	50.4	44.7	46.0	40.0	44.7	43.7	40.0	39.8	39.2	38.4	41.3	41.0	39.4	38.7	35.2	33.7	31.4	27.8	23.9	20.3	19.8	20.8	21.5	20.6
2018/02/08 15:37:30	50.6	25.7	25.7	43.1	43.1	51.9	51.9	52.7	52.7	48.0	44.6	45.5	41.3	47.8	44.5	40.1	39.4	39.4	40.2	42.8	42.7	40.7	38.6	35.2	33.2	30.4	27.4	23.8	20.5	20.2	20.8	21.7	20.7
2018/02/08 15:37:31	50.5	28.3	28.3	43.2	43.2	51.6	51.6	51.8	51.8	47.6	45.9	46.5	42.0	47.9	44.4	40.8	40.5	40.0	40.5	41.9	41.7	40.5	39.3	35.3	32.7	30.5	27.8	23.6	20.5	20.5	21.0	21.8	21.1
2018/02/08 15:37:32	49.1	26.4	26.4	40.8	40.8	48.4	48.4	48.7	48.7	46.2	42.8	44.1	41.1	45.3	41.3	39.8	38.9	37.9	40.0	40.7	40.4	39.5	37.5	34.5	32.0	30.0	27.0	23.1	20.5	20.4	20.6	21.6	20.5
2018/02/08 15:37:33	48.6	24.6	24.6	39.0	39.0	48.4	48.4	50.7	50.7	47.8	46.6	46.7	40.9	43.7	41.2	37.2	38.2	38.4	38.2	40.3	40.0	38.9	37.4	34.0	31.5	29.6	27.3	23.4	20.1	20.1	20.8	21.5	20.7
2018/02/08 15:37:34	48.1	25.9	25.9	42.4	42.4	49.6	49.6	49.6	49.6	47.5	44.6	45.9	42.1	44.5	41.0	37.3	38.2	38.5	38.1	38.8	39.5	37.4	37.3	33.3	30.8	29.0	26.7	22.9	19.8	20.2	20.8	21.5	20.5
2018/02/08 15:37:35	48.4	26.5	26.5	41.2	41.2	49.3	49.3	48.7	48.7	46.8	45.5	45.9	39.8	43.3	40.6	38.1	38.5	38.1	39.6	40.4	39.6	38.6	36.3	33.2	30.7	29.5	26.8	23.1	20.5	20.1	20.8	21.5	20.7
2018/02/08 15:37:36	48.8	26.2	26.2	41.5	41.5	51.1	51.1	52.6	52.6	47.5	44.3	46.6	42.0	43.9	40.3	38.1	40.6	40.1	38.6	40.7	39.9	38.5	36.9	33.2	31.2	29.6	27.4	23.0	20.1	20.1	20.7	21.7	20.7
2018/02/08 15:37:37	49.1	26.6	26.6	42.1	42.1	50.2	50.2	51.1	51.1	47.8	44.5	46.1	41.6	44.2	42.5	40.2	40.0	39.9	38.7	41.0	40.2	38.7	36.5	34.2	32.0	31.0	30.8	25.6	20.7	20.2	20.8	21.7	20.7
2018/02/08 15:37:38	49.1	26.8	26.8	40.9	40.9	50.2	50.2	51.9	51.9	48.9	44.0	45.7	42.7	45.0	39.4	40.2	40.7	39.7	39.3	40.2	40.3	38.7	37.4	33.7	31.8	29.9	27.9	23.6	20.2	20.4	20.9	21.6	20.5
2018/02/08 15:37:39	48.5	27.7	27.7	43.6	43.6	51.1	51.1	52.2	52.2	49.2	44.8	44.8	39.9	44.4	42.4	38.4	39.8	38.7	38.0	39.6	39.7	38.1	36.5	33.9	31.9	30.9	28.0	24.2	21.2	20.7	20.9	21.9	20.6
2018/02/08 15:37:40	49.2	27.4	27.4	42.9	42.9	50.3	50.3	51.9	51.9	51.6	47.0	46.3	41.7	46.1	43.1	40.0	41.4	39.5	38.7	39.9	39.3	38.7	36.8	34.1	32.6	31.2	28.5	24.6	20.8	20.6	21.1	21.9	20.8
2018/02/08 15:37:41	49.8	27.6	27.6	41.9	41.9	51.0	51.0	53.4	53.4	49.7	45.2	48.5	43.2	46.4	43.8	40.4	42.0	41.2	40.0	40.4	39.8	38.7	37.5	34.9	33.8	31.9	28.8	24.9	21.0	20.5	21.0	21.6	20.8
2018/02/08 15:37:42	49.1	28.4	28.4	39.9	39.9	49.9	49.9	52.3	52.3	48.0	47.1	46.1	43.5	46.7	42.8	40.2	40.2	38.7	37.8	39.6	39.9	38.5	36.9	34.7	32.3	31.7	30.2	26.1	22.7	21.9	22.0	22.4	21.7
2018/02/08 15:37:43	50.0	27.2	27.2	42.9	42.9	51.7	51.7	54.9	54.9	51.4	46.1	46.2	45.6	47.0	41.6	40.4	41.5	40.4	39.1	40.1	40.9	40.1	37.6	35.1	33.2	32.7	30.8	26.9	23.4	22.5	22.2	22.6	21.6
2018/02/08 15:37:44	50.0	28.9	28.9	44.7	44.7	51.8	51.8	53.4	53.4	51.6	45.4	46.1	42.9	47.2	47.0	40.2	42.0	38.8	38.6	39.8	40.1	39.6	38.3	35.6	33.2	31.7	31.6	25.2	21.5	20.9	21.2	21.9	20.8
2018/02/08 15:37:45	51.5	27.7	27.7	45.8	45.8	51.6	51.6	52.2	52.2	51.4	47.5	47.7	42.5	49.5	50.5	42.3	41.5	41.4	40.2	41.4	41.2	39.6	39.5	35.7	34.0	32.8	34.1	26.2	22.1	21.2	21.2	21.8	20.7
2018/02/08 15:37:46	53.6	29.9	29.9	51.0	51.0	56.2	56.2	56.7	56.7	57.7	51.0	48.0	46.7	53.0	52.7	46.7	41.9	41.8	41.3	43.8	42.9	41.4	41.1	37.8	35.4	34.3	30.9	27.4	22.4	21.1	20.9	21.7	20.6
2018/02/08 15:37:47	56.5	27.5	27.5	50.4	50.4	57.0	57.0	55.6	55.6	57.5	52.9	50.1	46.9	53.7	53.6	48.7	46.8	46.8	45.2	48.3	46.2	45.0	43.5	40.8	39.8	39.4	36.8	32.3	25.6	21.6	21.2	21.7	20.8
2018/02/08 15:37:48	58.5	39.0	39.0	48.9	48.9	52.7	52.7	53.9	53.9	52.3	48.4	50.4	49.9	55.0	54.5	51.5	49.1	48.6	48.2	50.9	47.9	48.8	46.0	42.1	41.0	37.9	35.0	32.3	26.5	23.4	22.0	22.2	21.0
2018/02/08 15:37:49	58.4	28.1	28.1	42.0	42.0	50.2	50.2	51.9	51.9	52.9	52.1	54.1	52.2	55.2	51.0	48.1	48.8	47.6	48.6	52.0	48.8	48.0	45.8	43.2	40.9	38.0	34.0	29.1	23.5	21.2	20.8	21.6	20.7
2018/02/08 15:37:50	60.0	29.6	29.6	44.0	44.0	51.8	51.8	54.3	54.3	54.0	52.9	57.2	52.7	55.9	52.8	48.8	49.4	49.3	50.2	53.6	50.9	49.9	47.5	44.4	41.6	40.4	37.6	32.7	26.6	23.2	22.4	22.1	21.1
2018/02/08 15:37:51	60.7	28.4	28.4	44.5	44.5	51.4	51.4	54.7	54.7	55.5	54.1	56.1	53.3	55.5	51.7	49.8	50.6	49.6	51.4	53.7	52.8	51.2	48.1	44.5	41.5	40.8	39.6	34.3	29.3	26.7	25.0	22.7	21.5
2018/02/08 15:37:52	57.8	28.8	28.8	44.6	44.6	52.5	52.5	55.7	55.7	56.5	55.0	54.9	50.9	53.6	49.1	50.2	46.5	47.3	47.6	50.9	50.2	46.3	42.7	39.8	40.2	39.7	38.6	35.6	31.3	27.0	24.4	24.8	23.2
2018/02/08 15:37:53	55.6	27.3	27.3	45.1	45.1	51.7	51.7	53.2	53.2	53.8	53.2	52.2	47.5	52.0	47.6	44.5	44.5	45.6	46.2	47.7	47.7	45.4	42.5	39.1	38.7	37.4	35.9	31.9	28.0	25.3	22.5	23.0	21.7
2018/02/08 15:37:54	54.9	29.8	29.8	44.4	44.4	51.6	51.6	54.2	54.2	52.8	51.7	51.9	47.8	51.6	47.3	43.9	45.2	43.8	44.5	47.1	46.5	44.9	42.6	39.3	37.6	35.6	33.5	29.3	24.5	22.6	22.0	22.0	20.9
2018/02/08 15:37:55	53.3	29.6	29.6	44.4	44.4	50.8	50.8	52.9	52.9	50.5	46.8	49.7	46.3	50.5	46.6	42.2	43.5	42.7	41.2	45.5	44.3	43.8	42.2	38.9	35.6	34.5	32.5	28.1	23.8	21.1	21.2	21.7	20.8
2018/02/08 15:37:56	52.7	27.1	27.1	43.5	43.5	50.9	50.9	51.7	51.7	49.0	46.7	48.3	43.2	48.1	43.3	43.2	42.3	41.5	41.1	44.4	44.3	43.8	42.0	39.1	35.5	33.2	30.2	25.8	21.6	20.7	20.9	21.5	20.6
2018/02/08 15:37:57	53.8	29.0	29.0	44.1	44.1	50.8	50.8	51.5	51.5	50.4	49.1	47.5	44.9	48.8	45.1	43.6	44.6	43.8	42.0	45.7	45.4	43.3	42.0	39.2	37.9	39.2	37.1	34.6	29.3	27.2	26.8	28.6	27.6
2018/02/08 15:37:58	56.7	25.4	25.4	47.6	47.6	54.1	54.1	52.9	52.9	51.0	47.3	48.2	45.9	50.0	48.0	46.7	46.1	44.6	44.3	46.8	46.2	45.4	47.2	45.5	44.4	44.1	43.4	37.7	32.5	31.2	31.4	32.8	32.8
2018/02/08 15:37:59	62.7	27.8	27.8	43.2	43.2	52.6	52.6	54.6	54.6	52.3	48.0	50.6	45.5	49.3	51.3	52.4	51.6	52.0	50.6	49.2	49.0	50.6	54.8	54.0	51.9	48.5	48.9	41.0	38.3	37.5	38.1	42.1	40.4
2018/02/08 15:38:00	52.6	26.6	26.6	45.1	45.1	52.9	52.9	52.9	52.9	50.0	45.7	47.1	43.7	48.2	45.9	44.0	43.8	41.7	41.1	42.5	43.7	41.1	39.5	39.6	38.3	39.7	37.4	34.9	27.6	24.7	32.0	23.8	22.7
2018/02/08 15:38:01	51.7	31.3	31.3	47.9	47.9	56.3	56.3	56.6	56.6	51.8	48.0	49.3	44.5	48.4	44.4	41.8	42.3	41.6	40.0	42.5	42.8	41.6	40.2	36.8	36.0	34.2	30.7	25.5	21.4	20.7	20.9	21.8	20.5
2018/02/08 15:38:02	51.5	30.3	30.3	47.5	47.5	55.9	55.9	56.6	56.6	52.9	48.2	49.1	46.1	47.9	43.7	41.1	41.4	39.8	38.5	41.8	43.6	41.7	40.7	36.9	35.3	33.9	32.0	25.3	21.2	23.1	20.8	21.9	20.6
2018/02/08 15:38:03	51.5	28.8	28.8	49.5	49.5	57.2	57.2	56.0	56.0	51.1	47.6	48.4	45.3	48.9	44.6	42.8	41.2	40.5	39.7	41.7	43.2	41.2	39.6	36.4	35.3	33.5	33.8	25.0	21.0	28.3	20.8	21.8	20.8
2018/02/08 15:38:04	51.5	27.5	27.5	47.0	47.0	54.5	54.5	53.7	53.7	50.8	47.8	49.4	43.0	48.3	45.8	41.2	42.9	40.2	40.2	42.1	42.7	40.9	39.6	37.2	36.3	34.5	31.9	26.1	21.2	20.8	21.0	21.7	20.5
2018/02/08 15:38:05	51.2	27.9	27.9	43.4	43.4	52.9	52.9	55.2	55.2	50.3	45.2	50.2	46.0	48.9	44.8	42.1	41.8	40.1	40.0	42.3	41.8	40.7	38.8	36.8	35.2	33.3	29.8	33.9	21.1	20.4	20.8	21.6	20.7
2018/02/08 15:38:06	51.0	26.1	26.1	42.4	42.4	52.4	52.4	54.2	54.2	50.5	48.5	49.7	45.0	48.8	44.2	41.5	42.4	40.8	39.6	41.9	41.4	40.6	38.9	37.1	34.9	33.6	30.1	24.7	20.8	20.4	20.7	21.7	20.4
2018/02/08 15:38:07	51.8	30.8	30.8	47.0	47.0	55.1	55.1	55.4	55.4	50.4	47.7	50.1	45.0	50.0	47.6	41.7	42.7	41.9	40.8	41.9	41.9	41.0	39.4	38.3	35.7	33.8	30.6	25.1	20.7	20.4	20.8	21.7	20.8
2018/02/08 15:38:08	51.5	27.5	27.5	45.2	45.2	53.9	53.9	54.3	54.3	49.0	45.4	49.2	46.0	49.3	45.3	42.1	42.3	41.1	41.2	43.0	41.8	40.4	39.7	36.9	35.8	33.9	30.2	25.0	20.8	20.3	20.5	21.8	20.5
2018/02/08 15:38:09	51.4	27.8	27.8	44.4	44.4	54.3	54.3	55.6	55.6	51.5	45.8	47.5	45.8	47.8	45.3	42.7	43.0	41.5	41.3	42.9	41.8	39.9	39.5	37.0	35.7	34.1	30.8	26.0	21.9	20.7	21.1	21.8	20.8
2018/02/08 15:38:10	53.5	29.6	29.6	44.8	44.8	54.1	54.1	55.9	55.9	51.1	46.7	47.3	46.7	50.5	46.7	44.7	43.9	43.6	42.6	44.4	42.8	41.8	40.4	39.8	38.0	39.6	40.4	37.2	34.9	31.4	28.6	26.5	25.4
2018/02/08 15:38:11	55.8	27.9	27.9	45.8	45.8	54.1	54.1	53.9	53.9	49.3	47.8	48.1	47.1	50.0	46.9	45.4	45.1	47.6	43.8	44.4	43.5	42.5	42.2	43.1	44.2	45.9	45.1	41.1	36.3	32.7	30.9	28.1	24.4
2018/02/08 15:38:12	53.4	28.7	28.7	43.2	43.2	53.2	53.2	54.4	54.4	50.1	45.9	47.4	44.7	48.9	45.6	42.4	43.9	43.3	42.2	42.5	42.0	41.7	41.4	42.2	41.6	41.0	40.1	37.1	33.4	27.1	25.5	25.6	24.0
2018/02/08 15:38:13	55.5	30.6	30.6	45.2	45.2	53.1	53.1	53.3	53.3	50.1	48.6	48.4	44.8	48.1	45.8	45.2	46.5	46.6	42.6	43.8	44.2	43.5	45.7	45.4	44.2	41.8	40.5	37.1	29.6	32.0	28.8	31.9	28.4
2018/02/08 15:38:14	55.4	30.2	30.2	46.2	46.2	53.1	53.1	53.5	53.5	50.7	48.0	47.5	45.4	48.0	45.5	44.4	47.2	45.7	43.1	43.5	43.7	41.9	43.3	46.4	44.4	43.2	42.8	36.0	29.7	29.5	30.1	29.5	28.0
2018/02/08 15:38:15	52.4	30.9	30.9	47.1	47.1	54.8	54.8	54.6	54.6	49.0	46.3	47.2	45.1	49.3	45.9	42.6	43.2	43.0	41.4	43.7	41.8	40.1	40.7	39.1	38.1	37.4	37.8	31.9	28.2	24.2	24.9	24.7	24.6
2018/02/08 15:38:16	50.8	28.4	28.4	45.6	45.6	54.9	54.9	54.7	54.7	49.6	48.7	47.6	43.8	49.0	45.3	41.6	41.7	40.4	39.4	41.6	41.7	40.0	38.4	36.7	35.1	32.5	30.5	26.4	21.7	20.8	21.1	22.1	21.1
2018/02/08 15:38:17	53.6	29.4	29.4	43.8	43.8	56.2	56.2	58.8	58.8	53.1	48.4	49.4	46.5	50.5	46.2	43.9	47.6	44.4	43.2	43.3	43.7	42.0	42.1	40.0	37.1	37.1	35.8	31.3	26.9	23.5	23.5	23.7	22.7
2018/02/08 15:38:18	56.2	28.4	28.4	44.1	44.1	57.0	57.0	59.8	59.8	54.7	49.2	49.1	45.1	51.0	46.0	43.0	45.5	47.6	45.5	45.0	44.8	45.0	44.6	45.9	44.3	42.8	42.4	37.7	32.3	27.7	26.9	28.4	27.7
2018/02/08 15:38:19	57.2	28.7	28.7	45.3	45.3	57.5	57.5	58.7	58.7	51.6	49.1	50.8	45.2	50.6	46.4	45.6	47.5	48.4	45.5	45.6	45.6	45.4	45.5	46.7	46.2	45.4	43.2	39.7	34.1	31.5	32.9	35.0	42.9
2018/02/08 15:38:20	55.0	27.9	27.9	44.9	44.9	54.0	54.0	53.4	53.4	50.2	48.9	50.1	43.6	48.1	45.3	42.6	44.3	43.4	43.8	44.6	43.8	43.1	44.4	45.0	43.7	42.6	40.9	37.4	30.9	28.0	25.5	25.4	26.1
2018/02/08 15:38:21	51.7	24.6	24.6	43.0	43.0	53.8	53.8	56.2	56.2	52.3	48.7	49.1	44.5	48.4	45.0	43.0	42.8	41.5	40.4	42.0	41.8	41.4	39.8	37.9	37.0	35.3	31.6	25.9	21.4	20.4	21.0	21.7	20.8
2018/02/08 15:38:22	51.2	25.8	25.8	42.4	42.4	52.9	52.9	54.9	54.9	52.2	48.2	48.2	45.7	50.3	44.8	41.9	41.8	40.2	39.6	41.6	42.2	40.1	39.3	37.0	35.2	34.1	31.4	26.0	21.8	20.6	21.1	21.8	20.7
2018/02/08 15:38:23	51.4	27.4	27.4	42.8	42.8	52.6	52.6	55.5	55.5	52.4	48.8	47.7	43.9	49.1	44.4	42.6	41.3	40.8	42.0	42.5	41.9	40.5	39.2	36.9	35.2	34.0	31.2	26.0	21.2	20.7	21.1	21.7	21.0
2018/02/08 15:38:24	51.2	27.2	27.2	45.8	45.8	54.4	54.4	53.5	53.5	50.2	49.0	49.2	44.6	47.8	43.9	42.5	41.9	39.7	40.6	42.7	42.6	40.8	38.9	36.3	34.6	33.0	29.8	24.7	21.3	20.1	20.7	21.4	20.6
2018/02/08 15:38:25	50.8	27.1	27.1	44.7	44.7	55.2	55.2	56.4	56.4	50.5	47.5	48.2	42.9	49.5	45.1	43.1	42.3	40.5	40.8	41.6	40.7	39.2	37.9	36.5	34.6	32.4	30.0	24.3	20.4	20.0	20.7	21.6	20.7
2018/02/08 15:38:26	50.5	26.7	26.7	41.1	41.1	52.0	52.0	56.4	56.4	53.0	47.9	48.6	43.3	49.2	43.8	40.6	41.5	40.4	39.8	41.7	40.8	39.2	38.0	36.1	33.8	32.5	29.6	24.3	20.7	20.2	20.7	21.7	20.5
2018/02/08 15:38:27	51.0	26.9	26.9	45.6	45.6	53.9	53.9	56.6	56.6	55.6	48.8	47.0	43.2	47.4	44.5	42.1	42.1	42.1	40.2	42.2	40.9	40.0	38.7	37.1	34.9	33.3	30.3	24.9	20.8	20.4	20.6	21.5	20.6
2018/02/08 15:38:28	52.0	27.2	27.2	43.5	43.5	53.1	53.1	54.4	54.4	53.1	51.7	48.9	43.7	48.8	44.6	42.1	43.0	41.9	42.8	43.0	41.0	40.9	40.7	38.7	36.0	34.7	31.7	26.1	21.3	20.2	20.9	21.8	20.7
2018/02/08 15:38:29	51.7	27.8	27.8	43.6	43.6	53.8	53.8	57.2	57.2	57.1	52.7	48.2	42.8	47.6	44.5	41.7	41.7	40.6	40.4	43.2	41.3	41.0	40.9	38.0	35.7	34.7	31.4	25.5	20.8	20.1	20.9	21.5	20.6
2018/02/08 15:38:30	52.2	27.4	27.4	42.7	42.7	55.5	55.5	58.4	58.4	58.0	51.9	47.7	43.8	49.4	45.0	42.0	42.4	41.4	42.4	43.3	41.8	40.8	40.4	38.4	36.0	35.3	32.4	26.5	21.6	20.3	20.9	21.8	20.8
2018/02/08 15:38:31	52.0	30.9	30.9	49.4	49.4	58.2	58.2	56.8	56.8	54.1	51.5	48.0	45.9	48.9	44.7	41.7	43.1	42.7	42.6	43.4	41.8	40.7	39.7	37.4	35.8	34.5	32.4	26.3	21.2	20.2	20.8	21.5	20.8
2018/02/08 15:38:32	51.4	30.5	30.5	45.8	45.8	56.1	56.1	57.2	57.2	55.2	51.6	48.3	44.5	48.1	44.0	41.8	41.9	41.1	41.4	43.0	41.4	40.4	39.5	37.2	35.0	33.6	31.0	24.9	20.7	20.3	20.8	21.7	20.8
2018/02/08 15:38:33	51.0	30.7	30.7	45.8	45.8	57.2	57.2	58.8	58.8	55.0	49.3	48.0	43.9	47.4	44.7	44.4	41.6	40.4	39.8	41.8	41.0	40.0	38.8	37.2	35.0	33.5	30.7	24.8	20.2	20.1	20.8	21.7	20.6
2018/02/08 15:38:34	51.6	31.1	31.1	44.8	44.8	54.6	54.6	55.9	55.9	53.4	51.5	50.1	44.7	50.2	45.5	45.3	41.5	41.1	41.1	42.2	41.1	39.5	38.8	37.5	35.0	34.2	31.4	25.3	20.6	20.4	20.8	21.5	20.8
2018/02/08 15:38:35	51.7	24.2	24.2	41.7	41.7	52.8	52.8	56.4	56.4	56.1	54.1	51.4	45.3	50.3	46.0	44.2	40.9	41.3	40.9	41.5	40.4	39.1	38.6	38.7	36.8	35.6	33.0	26.3	21.4	20.1	20.6	21.5	20.6
2018/02/08 15:38:36	51.9	26.5	26.5	41.3	41.3	51.6	51.6	55.8	55.8	56.6	52.0	50.8	45.0	50.9	47.4	46.1	41.7	39.8	39.6	41.6	40.7	38.7	39.5	38.4	36.8	36.1	33.4	25.5	20.8	20.2	20.5	21.7	20.8
2018/02/08 15:38:37	50.2	27.1	27.1	42.3	42.3	52.6	52.6	54.5	54.5	53.8	50.6	49.7	44.6	47.5	43.0	41.9	40.3	39.2	39.7	40.1	39.3	37.8	38.0	37.9	36.1	34.6	32.2	24.9	20.6	20.0	20.7	21.6	20.7
2018/02/08 15:38:38	49.9	25.6	25.6	44.2	44.2	52.7	52.7	54.2	54.2	53.8	51.2	48.8	43.8	46.6	42.0	40.6	40.3	39.5	38.1	40.9	39.4	39.0	37.5	37.2	34.5	32.8	30.2	24.1	20.8	20.4	20.9	21.8	20.9
2018/02/08 15:38:39	49.7	27.9	27.9	44.1	44.1	53.7	53.7	54.6	54.6	55.7	51.5	47.6	44.1	47.1	43.3	40.4	39.4	38.9	38.9	40.8	39.1	38.5	36.9	35.6	34.0	32.6	30.0	24.0	20.6	20.3	20.8	21.9	21.0
2018/02/08 15:38:40	49.9	28.5	28.5	44.8	44.8	55.6	55.6	55.6	55.6	53.8	51.2	47.0	43.5	47.2	43.6	40.1	40.3	39.5	39.6	41.3	40.3	38.2	36.8	35.2	33.5	33.3	31.0	25.1	21.3	20.6	21.0	21.7	20.8
2018/02/08 15:38:41	49.2	28.7	28.7	45.4	45.4	54.5	54.5	55.4	55.4	53.6	51.1	47.7	42.3	45.9	41.3	40.8	40.3	39.4	39.0	39.9	39.4	38.0	36.6	33.7	32.6	32.4	29.7	23.8	20.3	20.2	20.6	21.6	20.6
2018/02/08 15:38:42	49.2	26.1	26.1	43.9	43.9	52.5	52.5	52.1	52.1	52.7	51.3	47.1	40.4	45.9	42.3	40.3	40.6	39.1	38.4	40.3	39.7	37.8	35.8	34.5	32.8	32.4	30.3	23.7	20.4	20.2	20.7	21.6	21.1
2018/02/08 15:38:43	49.6	29.8	29.8	45.2	45.2	52.6	52.6	52.9	52.9	51.7	49.3	47.3	44.2	46.8	43.4	40.8	42.2	40.4	39.7	40.1	39.2	37.6	36.9	35.5	32.4	32.4	30.3	24.2	20.7	20.6	21.1	22.1	21.0
2018/02/08 15:38:44	50.3	28.1	28.1	45.9	45.9	54.1	54.1	54.9	54.9	53.4	49.7	48.1	43.9	47.1	42.2	40.7	42.5	40.1	40.5	41.5	40.2	39.1	37.9	35.6	33.9	33.8	30.9	26.6	22.8	24.1	23.7	23.0	22.1
2018/02/08 15:38:45	51.6	28.2	28.2	47.3	47.3	56.0	56.0	56.7	56.7	54.4	52.0	51.0	45.5	48.4	46.0	44.6	42.4	42.9	41.1	42.1	40.5	39.2	38.8	36.3	35.4	34.4	31.7	27.4	23.4	22.6	22.9	23.7	23.2
2018/02/08 15:38:46	52.8	26.9	26.9	45.7	45.7	54.2	54.2	55.1	55.1	53.2	51.3	49.7	43.9	48.6	46.5	46.3	44.1	44.6	41.0	44.0	43.4	41.3	39.3	37.4	36.4	35.6	33.5	28.0	23.8	21.9	21.6	22.3	21.4
2018/02/08 15:38:47	53.7	28.5	28.5	46.7	46.7	56.4	56.4	56.2	56.2	53.2	52.2	51.0	46.7	49.2	47.1	48.1	45.3	44.4	42.2	44.7	44.8	41.5	41.1	38.6	37.5	36.7	33.8	28.9	24.4	22.5	22.5	23.5	22.9
2018/02/08 15:38:48	53.0	29.4	29.4	45.9	45.9	54.9	54.9	55.0	55.0	53.3	49.3	48.5	44.7	49.1	44.8	44.5	45.4	42.8	42.4	43.4	44.3	41.3	41.4	39.2	37.6	36.5	34.5	29.6	24.6	22.6	23.2	23.8	22.9
2018/02/08 15:38:49	51.5	26.4	26.4	43.9	43.9	53.2	53.2	54.9	54.9	53.5	48.8	48.7	43.6	47.3	42.1	43.4	43.0	41.5	40.7	43.5	41.8	39.6	39.0	38.3	36.4	35.1	32.7	28.5	24.5	22.2	21.6	22.2	21.1
2018/02/08 15:38:50	50.3	25.6	25.6	43.7	43.7	53.0	53.0	54.0	54.0	51.4	47.5	50.1	43.6	45.9	42.7	41.0	40.9	38.9	38.9	40.5	40.3	40.3	39.7	37.3	35.0	34.3	32.0	27.3	21.9	20.5	20.9	22.3	20.5
2018/02/08 15:38:51	50.8	26.9	26.9	45.7	45.7	54.2	54.2	54.3	54.3	51.1	48.2	49.6	42.2	46.1	42.9	40.6	41.1	40.1	39.2	41.1	41.0	40.6	40.7	37.6	35.8	34.4	31.9	26.9	21.9	20.5	20.8	22.4	20.8
2018/02/08 15:38:52	50.4	26.8	26.8	47.0	47.0	55.8	55.8	54.4	54.4	49.9	48.8	49.2	43.8	46.2	42.1	41.4	40.3	39.2	39.3	40.7	40.6	40.3	39.7	36.6	35.9	34.1	32.0	28.7	24.6	22.1	21.9	22.5	21.2
2018/02/08 15:38:53	49.9	27.4	27.4	46.1	46.1	54.6	54.6	54.3	54.3	51.0	48.1	48.7	42.8	44.9	41.5	39.1	40.1	39.0	39.9	40.3	40.5	39.6	38.9	36.6	35.1	33.6	30.8	26.8	22.1	21.0	21.1	22.0	21.1
2018/02/08 15:38:54	51.0	28.6	28.6	46.5	46.5	54.9	54.9	54.0	54.0	51.5	48.4	48.6	43.6	45.2	42.6	40.2	39.8	38.7	39.1	40.8	41.4	41.3	41.5	38.7	36.5	35.5	33.2	27.2	21.6	20.5	21.2	21.8	20.7
2018/02/08 15:38:55	51.5	28.8	28.8	45.0	45.0	55.7	55.7	55.9	55.9	51.9	52.5	49.1	43.0	45.1	42.0	40.6	41.9	39.4	38.6	42.5	41.8	41.7	41.4	38.3	37.0	36.2	33.5	28.4	21.5	20.9	21.1	21.6	20.5
2018/02/08 15:38:56	52.9	25.3	25.3	41.2	41.2	51.4	51.4	52.7	52.7	55.0	56.3	48.9	42.1	46.7	42.7	39.7	41.9	41.3	40.7	43.1	43.2	42.3	44.3	39.7	39.5	35.7	34.6	28.7	23.5	21.3	22.3	22.2	20.9
2018/02/08 15:38:57	50.5	26.8	26.8	45.1	45.1	55.4	55.4	55.7	55.7	49.9	50.6	47.9	42.1	44.4	43.1	38.5	40.2	39.8	39.1	41.2	41.2	40.6	40.1	36.4	35.5	34.0	33.2	27.3	22.2	20.8	21.7	22.1	20.4
2018/02/08 15:38:58	50.9	27.3	27.3	43.6	43.6	52.9	52.9	53.0	53.0	51.5	50.8	47.6	43.0	45.9	42.6	41.2	41.6	39.8	39.6	42.2	41.0	40.3	40.6	37.7	35.6	34.0	32.3	26.5	21.5	20.3	21.0	21.7	20.7
2018/02/08 15:38:59	51.6	27.5	27.5	45.9	45.9	55.7	55.7	55.8	55.8	52.5	51.4	46.4	43.7	47.0	44.4	42.7	42.9	40.5	39.9	41.4	41.9	41.5	41.0	39.1	37.0	34.9	31.4	26.9	21.2	20.9	20.9	21.6	20.7
2018/02/08 15:39:00	53.9	27.1	27.1	44.6	44.6	54.3	54.3	54.1	54.1	53.3	54.3	48.0	42.7	47.9	46.3	42.5	45.4	42.7	41.8	44.0	43.1	44.2	43.8	41.9	41.6	37.6	34.4	29.2	22.1	20.6	20.9	21.8	20.9
2018/02/08 15:39:01	55.1	27.9	27.9	44.4	44.4	53.4	53.4	52.9	52.9	53.3	54.3	48.8	45.2	49.1	45.6	42.6	45.4	44.2	44.3	45.7	45.2	43.6	45.2	43.1	43.3	41.0	36.0	30.6	23.0	20.4	21.0	21.7	20.7
2018/02/08 15:39:02	54.6	27.3	27.3	42.8	42.8	54.4	54.4	55.4	55.4	54.3	54.7	49.8	46.3	50.3	46.5	43.9	45.5	43.2	41.8	45.6	44.3	43.1	44.3	42.0	41.6	41.8	37.4	31.5	23.7	20.9	20.9	21.9	21.0
2018/02/08 15:39:03	52.9	27.2	27.2	41.8	41.8	51.7	51.7	53.0	53.0	53.9	53.4	49.0	46.5	50.7	44.7	41.8	43.6	43.2	39.8	42.8	43.1	41.5	42.1	39.7	39.4	38.6	35.1	27.9	21.4	20.2	20.6	21.8	20.5
2018/02/08 15:39:04	53.1	26.1	26.1	42.4	42.4	52.0	52.0	53.3	53.3	54.0	53.8	49.5	46.3	49.3	46.8	44.4	42.4	44.1	41.4	43.1	42.4	42.1	42.6	39.0	39.3	38.1	34.8	27.2	21.5	20.2	20.9	21.5	21.0
2018/02/08 15:39:05	53.0	26.6	26.6	41.5	41.5	51.4	51.4	53.6	53.6	52.0	51.5	49.1	45.2	47.0	46.8	43.6	43.7	44.3	41.1	43.6	42.8	41.7	42.2	39.7	39.6	38.7	34.1	27.1	21.7	20.1	20.7	21.7	20.7
2018/02/08 15:39:06	52.6	27.5	27.5	40.5	40.5	50.8	50.8	53.0	53.0	53.4	51.9	49.3	43.1	47.5	45.3	42.5	43.4	42.9	40.3	44.1	42.0	42.5	42.3	39.1	38.1	37.3	32.6	26.0	21.2	20.0	20.8	21.3	20.6
2018/02/08 15:39:07	53.3	25.9	25.9	42.7	42.7	51.5	51.5	51.9	51.9	53.3	53.1	48.3	44.2	47.3	46.1	43.6	45.0	42.9	41.5	44.5	43.7	44.4	43.0	38.7	36.6	35.0	31.3	25.8	24.1	20.0	20.7	21.7	20.7
2018/02/08 15:39:08	53.3	27.0	27.0	43.2	43.2	51.5	51.5	52.4	52.4	51.5	49.6	47.8	41.7	45.8	46.7	41.7	43.3	43.0	42.2	46.0	45.0	44.3	42.2	38.0	35.7	33.0	29.0	23.6	19.9	19.8	20.6	21.4	20.4
2018/02/08 15:39:09	52.9	26.6	26.6	43.3	43.3	53.2	53.2	53.9	53.9	50.8	49.0	45.2	41.2	45.0	43.8	42.0	44.3	42.7	42.3	45.7	44.2	44.2	41.7	38.1	35.9	31.8	27.6	22.4	19.9	20.1	20.8	21.7	20.8
2018/02/08 15:39:10	54.2	28.5	28.5	44.4	44.4	53.2	53.2	52.6	52.6	51.4	50.5	45.7	42.9	45.4	47.5	42.9	46.6	43.4	43.9	47.7	45.5	44.0	43.1	38.3	35.2	31.5	28.0	22.5	20.0	20.0	20.6	21.6	20.6
2018/02/08 15:39:11	55.7	25.8	25.8	42.5	42.5	50.6	50.6	51.6	51.6	53.9	52.6	50.4	46.5	50.0	51.5	46.0	47.9	45.2	43.9	48.1	47.4	45.8	43.0	39.0	37.5	34.2	31.0	24.4	20.7	19.8	20.9	21.5	20.7
2018/02/08 15:39:12	55.6	26.6	26.6	42.8	42.8	51.8	51.8	52.0	52.0	53.5	51.7	49.4	41.9	47.0	51.5	48.3	48.0	43.4	45.5	49.1	46.6	44.8	42.3	39.2	38.1	34.7	30.8	24.8	25.1	20.2	20.7	21.9	20.9
2018/02/08 15:39:13	56.3	28.1	28.1	44.3	44.3	52.9	52.9	53.9	53.9	54.4	52.2	50.3	47.8	49.5	50.9	51.0	50.2	44.0	46.6	49.1	46.7	44.5	42.8	39.3	37.6	34.1	29.7	24.8	21.1	20.1	20.9	21.8	20.7
2018/02/08 15:39:14	57.0	28.9	28.9	44.1	44.1	53.5	53.5	53.2	53.2	55.5	52.3	47.8	47.4	49.9	49.7	51.2	47.8	44.2	47.3	51.8	48.1	45.8	43.1	39.1	37.7	33.9	30.3	25.4	24.5	20.4	20.9	21.7	20.8
2018/02/08 15:39:15	57.2	27.3	27.3	44.0	44.0	53.3	53.3	54.2	54.2	57.6	54.6	47.3	45.1	48.1	52.3	50.9	47.6	45.4	47.1	51.4	47.5	46.5	43.8	40.5	38.1	36.4	32.8	27.0	22.3	20.4	20.8	21.6	20.6
2018/02/08 15:39:16	59.1	25.3	25.3	44.8	44.8	52.8	52.8	53.0	53.0	56.6	53.5	50.0	47.3	52.2	53.2	52.8	49.9	48.2	49.4	53.3	48.7	49.0	45.5	42.1	41.3	39.7	37.2	31.1	25.0	21.2	21.2	21.8	20.9
2018/02/08 15:39:17	63.1	26.2	26.2	48.1	48.1	55.1	55.1	55.8	55.8	58.8	55.6	53.5	50.0	55.9	56.0	56.2	52.2	50.9	54.3	57.7	53.6	51.9	48.8	47.7	47.0	45.5	42.5	36.2	27.8	22.9	22.8	23.4	22.1
2018/02/08 15:39:18	67.7	29.0	29.0	52.0	52.0	59.4	59.4	62.6	62.6	63.9	61.6	61.5	56.0	62.1	58.0	57.3	57.6	56.9	57.6	62.2	59.0	56.6	55.4	52.7	50.8	47.8	45.2	42.4	37.9	34.0	32.2	31.2	29.8
2018/02/08 15:39:19	67.3	37.7	37.7	57.8	57.8	64.2	64.2	65.9	65.9	64.8	63.1	62.9	58.0	63.4	61.0	57.3	55.7	55.7	57.7	60.9	59.1	56.8	53.4	51.0	49.3	46.7	46.2	43.7	40.0	35.6	33.1	32.6	30.8
2018/02/08 15:39:20	61.2	36.1	36.1	50.6	50.6	55.9	55.9	59.2	59.2	61.0	55.1	56.0	54.9	57.4	57.0	55.1	52.0	49.9	51.2	53.5	52.5	49.0	46.3	45.0	44.2	41.5	39.4	34.0	27.6	24.0	23.7	24.3	23.1
2018/02/08 15:39:21	59.8	31.2	31.2	46.6	46.6	52.5	52.5	57.4	57.4	61.3	56.0	53.9	55.0	54.9	55.1	57.3	50.3	47.4	49.2	49.6	51.5	48.6	44.5	41.3	41.1	40.0	37.1	31.8	26.6	23.3	23.8	23.8	22.7
2018/02/08 15:39:22	58.2	31.9	31.9	47.4	47.4	54.6	54.6	57.5	57.5	59.1	52.7	50.9	50.9	52.2	53.5	55.3	51.2	48.4	48.0	49.0	48.6	46.2	43.8	41.1	41.2	37.7	35.3	30.2	25.4	22.1	21.8	22.8	22.1
2018/02/08 15:39:23	59.6	26.5	26.5	42.6	42.6	50.4	50.4	57.4	57.4	60.8	54.2	50.8	50.2	52.8	50.8	54.1	51.2	52.6	49.5	51.8	49.9	48.8	46.6	43.4	42.8	39.0	37.6	34.6	28.7	22.6	21.5	21.7	21.0
2018/02/08 15:39:24	62.4	24.9	24.9	41.3	41.3	50.7	50.7	59.9	59.9	63.1	55.6	53.1	53.1	55.3	52.2	54.8	54.8	54.8	52.1	54.3	53.5	51.7	48.9	47.1	48.3	43.8	42.0	39.3	32.3	24.8	22.6	22.5	21.3
2018/02/08 15:39:25	62.1	28.8	28.8	41.8	41.8	53.6	53.6	63.9	63.9	66.9	58.9	55.6	55.4	56.0	53.4	54.2	52.5	52.3	52.0	55.5	53.5	50.2	47.8	46.7	45.9	42.0	39.0	34.5	29.0	23.8	22.4	22.1	20.8
2018/02/08 15:39:26	62.6	27.3	27.3	41.9	41.9	53.7	53.7	61.8	61.8	63.7	57.8	58.3	54.5	58.1	54.6	54.3	52.7	52.4	53.5	56.9	53.4	50.3	49.0	45.5	42.9	40.9	38.9	34.0	29.3	25.6	24.0	24.1	21.4
2018/02/08 15:39:27	62.7	27.6	27.6	41.9	41.9	54.1	54.1	60.4	60.4	60.7	55.5	55.0	52.9	59.6	53.2	48.6	50.9	49.4	51.2	56.3	56.2	53.4	49.4	44.4	43.1	41.6	41.2	36.4	34.1	28.8	24.9	30.7	27.3
2018/02/08 15:39:28	59.6	29.4	29.4	42.4	42.4	51.8	51.8	62.1	62.1	64.3	57.0	53.9	54.5	57.1	49.1	48.7	46.8	48.4	48.8	52.9	52.1	49.1	43.5	40.9	41.2	40.3	40.6	36.6	33.8	28.1	24.9	26.3	24.9
2018/02/08 15:39:29	57.1	26.2	26.2	42.4	42.4	53.2	53.2	59.8	59.8	61.5	53.7	54.7	51.9	53.5	47.9	48.8	46.5	43.2	44.8	48.0	49.9	47.9	43.4	40.6	39.6	37.8	39.3	34.7	31.1	27.2	24.7	23.8	22.6
2018/02/08 15:39:30	56.2	27.5	27.5	43.2	43.2	52.5	52.5	61.0	61.0	62.7	53.2	55.4	53.7	50.7	49.7	49.8	50.6	43.9	43.4	44.5	46.0	46.3	43.0	40.2	39.0	37.6	36.5	33.7	27.4	24.8	22.3	22.2	21.2
2018/02/08 15:39:31	54.3	25.7	25.7	43.4	43.4	51.0	51.0	58.3	58.3	59.7	50.7	51.7	48.9	48.1	45.8	46.7	48.5	42.3	43.2	44.3	44.4	43.3	41.9	39.9	39.3	37.3	35.6	32.2	26.1	23.3	22.1	21.9	21.0
2018/02/08 15:39:32	54.2	29.2	29.2	43.3	43.3	52.4	52.4	58.7	58.7	59.4	50.8	51.0	46.8	48.2	47.4	46.2	46.1	42.3	44.3	45.0	44.8	43.2	41.8	40.0	40.1	37.1	34.1	29.9	26.0	23.2	21.8	21.9	20.7
2018/02/08 15:39:33	55.7	25.2	25.2	44.3	44.3	52.6	52.6	60.1	60.1	60.7	51.1	51.6	47.2	48.5	47.0	46.7	47.6	44.1	46.2	47.8	45.4	45.3	43.4	41.4	41.7	39.5	35.9	29.6	25.5	22.0	21.1	21.8	20.7
2018/02/08 15:39:34	56.6	28.1	28.1	42.4	42.4	51.7	51.7	59.9	59.9	60.7	51.4	50.5	45.7	51.8	49.7	48.3	48.4	45.1	45.8	49.2	46.4	46.3	44.1	41.9	41.0	39.2	36.7	28.3	25.9	21.4	21.3	21.8	20.5
2018/02/08 15:39:35	58.2	27.6	27.6	42.1	42.1	53.6	53.6	63.2	63.2	64.0	54.6	51.2	48.9	51.3	51.1	48.0	49.2	47.6	48.2	51.6	48.4	47.0	45.5	42.6	42.8	39.5	35.2	29.3	24.5	21.6	21.3	22.2	21.0
2018/02/08 15:39:36	60.7	29.1	29.1	43.7	43.7	53.3	53.3	62.4	62.4	63.9	56.1	51.3	48.4	55.0	54.3	50.5	51.5	49.9	51.4	55.4	49.7	47.9	47.0	46.1	44.9	41.6	37.0	31.1	25.1	22.3	21.7	22.4	21.0
2018/02/08 15:39:37	63.2	26.7	26.7	44.2	44.2	53.6	53.6	59.9	59.9	60.8	55.4	54.3	52.0	56.0	55.3	50.9	52.6	53.9	53.8	56.7	52.6	53.3	52.8	49.4	47.0	44.8	41.0	36.1	30.2	26.2	24.7	23.4	21.9
2018/02/08 15:39:38	65.7	30.2	30.2	45.4	45.4	57.2	57.2	61.4	61.4	60.7	59.6	59.3	55.9	57.3	54.2	54.0	54.0	55.2	58.0	59.8	57.9	55.0	52.0	48.1	47.7	46.6	45.2	40.6	35.7	30.6	26.5	25.9	23.8
2018/02/08 15:39:39	64.0	29.7	29.7	44.5	44.5	57.5	57.5	60.3	60.3	58.5	54.8	58.0	52.8	56.7	52.7	52.2	52.3	51.6	54.1	58.5	57.1	54.2	49.6	46.0	45.7	43.8	42.5	37.6	32.7	28.4	25.3	25.6	24.3
2018/02/08 15:39:40	60.1	28.5	28.5	43.5	43.5	52.7	52.7	58.5	58.5	58.1	50.6	53.4	52.9	56.7	55.0	49.7	50.1	48.7	47.7	53.3	52.2	50.8	46.8	43.0	39.3	37.5	35.6	31.0	25.9	23.3	22.5	23.2	21.8
2018/02/08 15:39:41	59.8	26.5	26.5	41.5	41.5	51.9	51.9	58.3	58.3	57.7	49.6	49.6	47.3	52.7	51.3	47.9	48.5	48.3	48.5	54.3	51.8	50.4	47.1	44.9	42.4	40.1	36.3	32.5	27.1	24.3	23.6	24.2	23.1
2018/02/08 15:39:42	59.2	26.8	26.8	41.5	41.5	51.3	51.3	58.8	58.8	58.6	49.9	51.5	48.1	49.8	49.2	46.1	48.5	47.5	47.6	52.8	52.1	50.5	47.3	43.6	41.1	39.6	36.0	31.0	24.6	22.9	21.9	22.5	21.3
2018/02/08 15:39:43	59.9	27.3	27.3	40.7	40.7	50.1	50.1	54.5	54.5	54.1	50.9	54.0	49.6	53.5	52.9	52.2	51.0	50.7	50.9	52.1	50.2	51.1	47.6	43.6	41.3	40.1	37.6	31.9	26.7	23.5	22.4	22.4	21.5
2018/02/08 15:39:44	58.2	27.9	27.9	41.1	41.1	50.9	50.9	57.0	57.0	55.9	48.3	51.9	45.5	49.3	47.6	49.6	49.1	47.1	45.9	50.4	49.8	49.6	47.2	45.1	42.1	39.1	38.0	33.6	28.2	24.3	23.2	24.0	22.8
2018/02/08 15:39:45	57.2	27.9	27.9	45.0	45.0	53.9	53.9	57.4	57.4	56.8	49.7	51.3	47.1	49.7	46.1	44.6	48.3	47.1	45.9	48.5	48.0	49.2	46.7	43.5	40.5	38.5	37.4	33.1	27.0	24.5	23.5	24.4	23.0
2018/02/08 15:39:46	56.2	28.2	28.2	46.1	46.1	57.1	57.1	61.1	61.1	59.4	53.0	52.1	46.2	48.8	46.2	43.5	45.7	45.0	44.9	48.4	48.1	47.1	43.8	42.2	40.1	37.9	37.4	32.0	24.9	25.2	21.7	22.5	21.2
2018/02/08 15:39:47	56.1	28.6	28.6	43.3	43.3	54.3	54.3	61.0	61.0	60.0	52.2	55.2	48.7	49.6	50.8	46.5	45.6	47.2	45.1	47.3	46.9	45.3	43.3	41.9	41.8	38.2	35.7	31.7	24.7	22.3	21.7	22.2	21.1
2018/02/08 15:39:48	56.5	27.9	27.9	42.0	42.0	54.1	54.1	58.8	58.8	57.2	51.8	51.9	45.7	49.8	47.4	43.3	44.2	44.2	43.8	47.7	47.9	46.8	46.3	43.9	43.7	41.1	38.1	35.2	26.9	23.8	22.8	24.4	22.4
2018/02/08 15:39:49	58.0	26.8	26.8	40.8	40.8	52.3	52.3	58.6	58.6	57.9	50.8	51.3	46.6	50.4	49.5	43.1	46.8	45.3	46.6	49.2	49.8	48.6	46.5	45.2	45.4	44.1	41.2	36.3	27.7	23.3	22.1	24.6	21.7
2018/02/08 15:39:50	59.2	26.5	26.5	44.8	44.8	54.2	54.2	56.5	56.5	55.0	49.2	51.7	46.3	51.9	50.2	47.2	47.5	46.7	48.0	50.9	51.7	50.3	47.4	45.6	45.2	44.5	41.2	36.2	27.4	23.0	22.2	22.4	21.6
2018/02/08 15:39:51	63.2	30.3	30.3	46.9	46.9	57.0	57.0	58.5	58.5	58.1	57.2	55.8	52.2	56.5	52.5	50.0	52.5	51.5	53.3	55.0	56.1	53.9	51.4	49.6	48.1	45.9	43.9	39.2	31.9	27.7	25.8	24.5	22.8
2018/02/08 15:39:52	66.0	35.1	35.1	54.1	54.1	64.2	64.2	64.9	64.9	62.1	61.9	62.3	57.1	59.9	55.5	53.4	54.0	53.2	55.4	57.1	60.2	57.3	53.2	49.3	48.2	46.0	46.0	43.4	38.6	35.3	30.8	28.6	27.1
2018/02/08 15:39:53	60.2	30.5	30.5	50.8	50.8	60.0	60.0	59.7	59.7	57.6	56.7	57.7	53.0	57.8	52.1	48.1	50.8	49.3	49.5	50.9	52.7	50.5	47.4	45.0	43.6	41.5	38.8	35.2	34.7	26.2	25.0	23.4	21.5
2018/02/08 15:39:54	56.5	27.1	27.1	46.2	46.2	54.4	54.4	53.7	53.7	50.7	49.1	52.3	48.5	53.8	49.5	44.4	45.1	46.6	44.9	48.7	48.6	46.7	44.1	40.0	41.7	36.6	34.8	29.7	25.7	21.4	21.1	21.7	20.8
2018/02/08 15:39:55	54.4	26.5	26.5	43.5	43.5	52.1	52.1	53.2	53.2	52.0	48.7	51.2	45.0	48.1	45.6	41.3	43.7	42.8	42.7	46.9	47.1	45.3	42.6	38.7	37.2	34.4	31.2	28.7	29.6	20.6	21.0	22.1	20.9
2018/02/08 15:39:56	53.0	25.4	25.4	48.2	48.2	55.0	55.0	53.8	53.8	49.1	46.6	50.4	45.6	47.8	45.1	41.2	41.3	42.8	42.8	45.4	45.2	43.6	40.9	36.9	37.0	33.9	30.5	26.9	22.4	20.4	21.4	21.8	20.7
2018/02/08 15:39:57	52.2	29.6	29.6	44.6	44.6	52.1	52.1	52.7	52.7	49.8	47.2	49.2	42.7	46.0	42.0	40.9	40.9	41.8	43.1	45.0	44.8	42.4	39.5	36.4	35.4	32.1	29.1	24.5	20.8	20.1	20.8	21.6	20.7
2018/02/08 15:39:58	52.4	28.0	28.0	42.5	42.5	51.2	51.2	52.8	52.8	50.1	44.8	47.6	45.3	46.1	42.9	41.2	42.8	41.8	41.7	45.1	45.5	42.0	39.8	36.1	35.4	32.2	30.1	25.1	21.3	20.6	21.0	21.5	20.7
2018/02/08 15:39:59	53.1	27.4	27.4	44.4	44.4	54.1	54.1	55.0	55.0	51.2	47.2	49.8	45.9	46.1	42.2	39.5	40.5	41.1	43.1	46.6	46.8	42.1	39.7	36.4	34.7	33.1	31.0	27.2	22.9	21.7	21.7	22.5	21.7
2018/02/08 15:40:00	52.5	28.5	28.5	46.4	46.4	58.0	58.0	59.0	59.0	51.5	46.7	48.0	45.8	44.6	40.2	37.5	39.4	40.1	40.9	46.3	47.1	41.3	38.4	34.9	33.5	31.6	29.7	26.6	22.5	21.1	21.1	21.8	21.1
2018/02/08 15:40:01	53.1	33.3	33.3	45.7	45.7	57.3	57.3	59.3	59.3	52.8	47.8	48.8	43.2	45.4	40.9	39.3	41.3	41.0	40.9	48.0	46.4	41.4	38.8	36.3	35.2	32.8	31.3	27.8	23.7	21.3	20.9	21.7	20.9
2018/02/08 15:40:02	51.3	29.4	29.4	44.8	44.8	57.7	57.7	59.5	59.5	51.3	47.1	48.8	44.2	45.8	40.3	37.0	38.6	39.6	40.9	44.5	43.5	41.2	38.3	36.3	34.7	32.0	29.9	25.9	21.1	20.4	20.5	21.6	20.8
2018/02/08 15:40:03	50.4	28.2	28.2	46.7	46.7	56.2	56.2	56.7	56.7	51.2	47.9	48.8	42.4	44.4	39.6	38.9	39.5	40.5	40.1	42.5	41.8	39.8	38.2	35.6	34.8	33.7	32.8	29.0	24.2	22.4	22.4	22.5	21.8
