DataTime                     	dB(A)	16	20	25	31.5	40	50	63	80	100	125	160	200	250	315	400	500	630	800	1000	1250	1600	2000	2500	3150	4000	5000	6300	8000	10000	12500	16000	20000
2018/01/12 14:24:25	68.0	26.6	26.6	42.9	42.9	53.5	53.5	58.0	58.0	58.7	56.4	60.0	58.6	61.4	54.1	59.3	58.8	57.9	60.2	61.6	59.6	58.3	54.6	50.8	49.7	46.1	44.9	38.9	32.7	26.3	24.4	23.3	21.8
2018/01/12 14:24:26	64.1	24.6	24.6	40.4	40.4	49.8	49.8	54.2	54.2	52.6	51.2	55.6	53.3	56.3	52.7	53.9	55.2	59.3	53.9	57.7	54.0	52.7	51.1	47.3	44.9	42.5	41.1	34.5	26.6	24.2	22.8	22.9	21.6
2018/01/12 14:24:27	62.7	29.4	29.4	47.6	47.6	56.9	56.9	57.0	57.0	54.9	51.6	54.9	55.5	58.0	53.3	55.0	54.1	57.8	54.1	53.5	52.9	52.0	47.0	45.3	44.4	46.2	40.6	32.5	27.1	24.6	24.3	23.6	21.8
2018/01/12 14:24:28	62.2	24.3	24.3	42.7	42.7	53.9	53.9	57.8	57.8	55.2	51.8	53.4	56.9	57.9	53.6	55.7	54.8	56.0	53.3	53.2	53.1	50.4	47.1	45.3	44.5	43.4	40.5	32.0	25.8	22.8	22.0	22.8	21.6
2018/01/12 14:24:29	63.6	28.3	28.3	42.1	42.1	51.7	51.7	57.8	57.8	55.4	51.6	54.2	57.7	61.4	54.2	56.9	55.7	55.2	52.5	52.0	55.0	52.3	51.0	49.9	49.9	47.3	44.9	38.2	31.6	29.2	26.3	24.1	22.6
2018/01/12 14:24:30	68.9	27.7	27.7	42.6	42.6	54.7	54.7	62.5	62.5	59.5	53.6	59.1	61.8	65.0	57.7	58.6	62.3	58.2	57.3	56.9	58.7	60.0	56.9	56.9	54.9	54.7	54.8	48.1	41.1	38.0	32.5	30.2	28.4
2018/01/12 14:24:31	77.7	37.8	37.8	49.4	49.4	57.8	57.8	65.1	65.1	64.4	63.9	68.2	69.5	72.2	65.1	63.0	64.3	65.8	62.8	64.3	67.5	67.2	67.9	66.6	66.7	66.4	66.6	62.4	57.3	54.3	48.6	49.5	47.3
2018/01/12 14:24:32	69.9	30.8	30.8	44.3	44.3	53.6	53.6	59.0	59.0	57.4	57.1	64.2	63.8	67.8	60.6	57.6	60.4	60.1	57.6	57.8	61.5	59.0	57.1	56.0	57.3	57.3	56.3	52.3	46.2	42.3	36.7	33.7	28.9
2018/01/12 14:24:33	64.8	28.6	28.6	41.1	41.1	50.1	50.1	54.3	54.3	51.2	51.0	58.7	59.0	62.3	55.3	54.4	55.4	57.2	53.9	54.1	56.2	54.2	52.3	50.9	52.1	49.3	47.2	41.4	35.6	31.7	27.4	25.6	23.2
2018/01/12 14:24:34	60.6	24.7	24.7	37.9	37.9	48.2	48.2	51.5	51.5	48.7	45.7	52.8	54.2	59.1	55.1	51.8	52.1	55.0	51.6	50.9	50.1	47.4	45.8	45.2	45.4	42.5	39.7	33.9	27.5	23.9	22.3	22.4	21.3
2018/01/12 14:24:35	57.6	23.6	23.6	38.5	38.5	47.2	47.2	47.9	47.9	46.9	45.0	49.2	47.2	53.1	49.9	48.7	50.3	51.2	49.3	48.0	47.3	44.4	47.0	42.8	42.1	39.5	35.4	29.9	24.6	22.8	22.8	23.3	21.7
2018/01/12 14:24:36	55.5	25.5	25.5	38.1	38.1	46.5	46.5	48.6	48.6	46.0	45.6	50.1	48.9	52.5	53.0	46.4	48.0	46.8	45.9	44.6	46.9	42.5	43.6	39.6	38.6	35.9	32.5	27.0	21.9	20.8	21.3	22.0	20.9
2018/01/12 14:24:37	56.0	23.9	23.9	39.1	39.1	46.2	46.2	45.4	45.4	43.8	42.2	47.2	47.0	50.4	51.0	47.6	51.3	49.4	45.8	45.7	46.1	42.9	44.4	40.5	38.5	35.9	32.4	28.4	22.6	21.9	23.2	23.4	22.0
2018/01/12 14:24:38	54.7	25.4	25.4	40.0	40.0	51.4	51.4	53.1	53.1	48.2	48.2	52.2	51.1	52.4	47.3	44.2	45.2	46.4	46.0	43.9	44.1	42.4	43.7	41.1	40.5	38.8	34.2	28.6	22.8	21.7	22.2	22.4	21.2
2018/01/12 14:24:39	55.9	26.3	26.3	41.3	41.3	50.8	50.8	50.9	50.9	46.0	44.8	52.4	47.9	52.0	47.4	44.2	46.6	45.7	44.5	43.5	50.1	43.9	43.1	44.9	39.0	38.4	33.9	28.1	22.5	22.2	23.6	22.8	21.0
2018/01/12 14:24:40	58.9	23.7	23.7	36.1	36.1	48.0	48.0	53.1	53.1	57.3	55.2	54.1	60.6	61.4	53.6	53.0	51.1	49.5	46.2	45.2	47.9	44.8	43.2	41.8	39.5	37.3	34.9	31.5	24.6	22.1	21.5	22.1	20.9
2018/01/12 14:24:41	57.1	24.9	24.9	34.7	34.7	43.9	43.9	53.1	53.1	54.5	49.2	54.2	53.2	59.1	52.3	48.4	51.2	46.2	45.7	46.4	45.8	44.1	41.8	40.5	37.2	35.0	33.1	28.9	24.8	23.8	22.1	22.4	21.1
2018/01/12 14:24:42	59.9	23.7	23.7	34.5	34.5	43.5	43.5	51.4	51.4	53.9	46.9	59.5	61.1	57.8	53.7	52.9	52.3	50.4	47.8	51.9	50.2	47.7	43.9	41.8	38.9	36.5	35.4	32.2	27.6	24.2	22.3	22.5	21.2
2018/01/12 14:24:43	58.9	23.4	23.4	38.1	38.1	45.1	45.1	48.6	48.6	48.7	47.4	50.6	46.8	52.6	53.3	50.0	49.0	48.4	49.4	50.8	51.7	48.9	47.2	43.0	40.2	37.5	34.6	29.0	24.5	23.2	21.9	22.1	21.0
2018/01/12 14:24:44	60.5	25.2	25.2	40.7	40.7	50.3	50.3	52.7	52.7	51.9	51.0	53.5	50.9	55.4	53.2	49.9	50.2	51.2	51.8	53.5	52.7	49.6	47.6	44.9	42.3	40.1	37.2	31.0	25.7	22.6	21.8	22.3	21.1
2018/01/12 14:24:45	63.4	25.8	25.8	39.3	39.3	51.2	51.2	54.0	54.0	54.7	55.7	54.4	51.9	58.4	53.9	50.1	51.2	53.0	54.6	56.3	55.6	53.8	51.4	48.0	46.9	44.7	43.1	36.7	29.3	23.7	22.2	22.3	21.3
2018/01/12 14:24:46	70.2	26.2	26.2	42.4	42.4	53.7	53.7	55.3	55.3	56.3	56.5	60.4	54.8	63.3	59.1	54.7	57.6	59.2	61.7	62.9	62.5	61.5	58.6	55.4	52.3	52.5	51.3	47.3	39.8	36.0	31.8	30.7	30.4
2018/01/12 14:24:47	75.2	30.4	30.4	49.5	49.5	59.3	59.3	62.5	62.5	65.2	64.1	65.8	61.2	67.9	64.7	61.8	64.2	64.0	66.4	69.3	67.4	63.5	60.9	59.8	58.6	59.4	58.5	56.9	49.9	46.2	44.2	43.0	43.3
2018/01/12 14:24:48	65.7	27.4	27.4	42.9	42.9	54.1	54.1	58.3	58.3	56.9	56.5	58.9	55.5	61.3	57.1	51.2	55.7	55.6	56.5	57.3	58.7	55.9	52.2	50.2	49.2	48.3	45.4	41.5	34.5	29.1	26.7	24.4	22.6
2018/01/12 14:24:49	61.0	32.6	32.6	46.7	46.7	57.9	57.9	57.9	57.9	54.4	53.6	53.3	50.6	58.5	55.4	49.2	51.3	50.6	50.7	52.7	54.2	50.5	46.8	44.8	43.6	41.8	39.3	32.6	26.6	23.3	23.1	23.4	23.5
2018/01/12 14:24:50	57.6	31.2	31.2	48.9	48.9	59.3	59.3	57.5	57.5	56.2	53.6	52.0	50.0	54.9	51.4	46.4	49.0	49.6	48.5	49.4	48.7	47.1	43.3	40.6	38.2	36.1	34.2	28.9	23.8	21.5	21.5	22.5	21.4
2018/01/12 14:24:51	55.9	27.0	27.0	45.7	45.7	54.7	54.7	54.6	54.6	52.2	51.4	47.4	42.9	50.8	48.4	45.8	47.4	45.5	44.8	49.1	47.0	46.4	44.8	39.9	36.3	35.6	34.8	27.5	23.0	21.1	21.4	22.3	21.3
2018/01/12 14:24:52	56.1	23.5	23.5	35.5	35.5	47.5	47.5	51.0	51.0	50.4	49.5	51.0	46.7	49.5	49.2	46.4	48.5	46.1	45.1	47.1	48.2	46.5	44.4	41.7	39.6	38.1	34.8	30.5	24.0	21.7	21.8	22.5	21.9
2018/01/12 14:24:53	56.4	27.6	27.6	43.6	43.6	53.2	53.2	51.6	51.6	48.4	46.8	45.6	42.1	50.6	48.9	47.6	48.6	47.2	46.7	46.7	48.2	47.5	43.9	40.9	39.1	37.5	36.3	31.7	26.1	23.7	22.7	23.3	22.3
2018/01/12 14:24:54	59.7	29.8	29.8	46.0	46.0	59.4	59.4	60.1	60.1	50.5	48.3	48.3	45.6	49.7	48.0	46.0	48.8	47.8	47.6	49.7	51.5	54.1	47.0	46.7	42.6	41.5	37.7	29.1	22.9	21.0	21.7	21.9	20.8
2018/01/12 14:24:55	59.9	27.2	27.2	44.3	44.3	55.5	55.5	57.2	57.2	51.3	45.0	48.6	45.4	51.5	49.2	46.0	49.5	49.7	49.9	51.7	52.9	52.8	47.1	43.5	40.5	39.3	37.2	30.2	23.6	22.3	22.0	22.1	21.2
2018/01/12 14:24:56	61.0	26.3	26.3	41.5	41.5	55.9	55.9	60.3	60.3	54.9	51.2	52.2	47.1	54.4	51.5	49.2	51.6	50.5	50.7	52.0	54.9	52.4	47.8	45.7	43.6	40.5	38.7	30.0	23.4	21.3	21.5	22.2	21.2
2018/01/12 14:24:57	61.6	26.6	26.6	41.8	41.8	61.2	61.2	66.3	66.3	59.7	50.4	53.4	49.9	53.9	52.2	48.5	51.3	50.0	52.6	54.3	53.1	50.7	49.5	49.1	46.5	45.0	44.5	38.1	29.6	25.5	23.2	23.1	21.8
2018/01/12 14:24:58	68.9	34.2	34.2	48.5	48.5	67.2	67.2	70.9	70.9	63.1	53.8	57.7	54.3	59.5	57.6	53.9	56.6	58.2	60.4	62.6	59.7	58.6	55.9	55.2	53.9	54.6	52.2	46.5	39.3	33.5	29.8	27.8	27.6
2018/01/12 14:24:59	71.6	42.9	42.9	56.3	56.3	73.2	73.2	75.6	75.6	67.7	61.4	62.3	60.2	63.5	60.4	58.5	61.9	62.8	63.5	65.6	62.1	58.8	58.3	57.4	57.0	55.7	53.6	50.1	43.2	37.8	32.9	31.0	30.0
2018/01/12 14:25:00	63.2	41.4	41.4	54.5	54.5	70.0	70.0	71.0	71.0	59.5	49.9	52.5	51.2	55.9	53.2	48.2	51.2	51.4	51.4	54.4	54.1	52.4	56.5	47.5	46.8	46.2	42.4	35.9	29.1	24.5	22.6	22.9	21.8
2018/01/12 14:25:01	57.7	38.6	38.6	51.4	51.4	64.3	64.3	64.8	64.8	56.9	54.4	55.0	49.0	52.9	50.4	45.9	47.3	47.3	48.0	49.5	48.6	45.0	47.4	43.2	42.9	41.1	37.5	30.5	24.2	21.3	21.3	22.1	21.1
2018/01/12 14:25:02	57.4	32.7	32.7	51.7	51.7	61.5	61.5	59.4	59.4	50.6	49.8	50.8	46.2	49.6	48.8	45.4	46.6	45.3	46.0	53.4	44.8	44.3	47.7	41.1	37.6	40.7	33.8	30.9	23.0	21.4	21.3	22.2	21.0
2018/01/12 14:25:03	54.4	26.4	26.4	43.1	43.1	52.2	52.2	52.8	52.8	51.1	49.6	48.9	45.8	46.8	46.8	44.1	45.5	46.6	45.1	48.0	44.0	42.3	41.2	41.8	37.5	37.6	32.6	26.2	20.9	20.4	21.0	21.8	20.7
2018/01/12 14:25:04	57.9	26.7	26.7	41.4	41.4	49.8	49.8	49.8	49.8	49.2	50.3	47.8	43.2	47.3	47.5	46.0	47.1	48.1	48.9	47.6	50.2	49.8	47.7	43.1	40.9	40.9	38.7	32.9	27.5	22.2	21.7	22.0	20.9
2018/01/12 14:25:05	56.0	25.7	25.7	41.6	41.6	49.9	49.9	50.6	50.6	48.5	49.2	48.4	42.8	47.6	47.0	45.3	45.1	45.4	46.3	44.9	50.8	45.2	44.4	41.6	38.8	37.9	33.5	26.5	21.5	20.3	21.1	21.7	20.9
2018/01/12 14:25:06	57.4	25.3	25.3	42.4	42.4	49.6	49.6	50.8	50.8	50.9	52.3	51.8	43.9	49.5	48.0	45.1	47.5	46.3	45.4	49.1	49.3	48.8	48.3	42.7	41.1	38.8	36.8	28.7	21.8	21.1	21.1	21.8	20.9
2018/01/12 14:25:07	58.4	24.1	24.1	41.7	41.7	48.5	48.5	49.0	49.0	53.7	52.1	50.7	48.3	52.5	49.8	50.6	49.8	47.5	48.0	49.3	49.1	48.8	47.9	45.8	42.4	41.0	38.8	32.9	26.0	22.3	22.1	22.2	20.9
2018/01/12 14:25:08	60.5	26.4	26.4	45.2	45.2	54.8	54.8	54.8	54.8	54.0	52.7	53.7	47.5	53.5	51.3	48.6	52.0	49.3	50.1	50.2	51.8	51.7	50.4	49.0	44.8	43.1	42.6	34.1	25.4	22.3	21.9	22.0	21.1
2018/01/12 14:25:09	62.8	29.9	29.9	46.7	46.7	56.7	56.7	54.6	54.6	52.6	54.7	55.1	48.8	55.6	53.3	52.6	54.4	52.1	52.5	55.0	53.3	53.7	50.9	49.7	48.4	45.9	44.8	38.6	30.2	25.9	24.0	23.0	21.7
2018/01/12 14:25:10	69.2	35.2	35.2	51.7	51.7	63.0	63.0	63.0	63.0	59.8	59.1	57.9	53.3	61.7	58.2	55.2	58.2	58.5	59.8	62.7	60.3	59.9	56.5	55.1	53.4	53.4	53.7	49.1	40.9	36.5	33.5	31.7	30.7
2018/01/12 14:25:11	71.3	41.6	41.6	60.7	60.7	70.3	70.3	68.5	68.5	66.2	68.4	66.9	59.2	65.6	61.4	61.1	63.1	61.4	63.5	64.6	60.9	59.0	57.9	56.6	55.6	55.0	55.6	50.3	43.3	40.0	35.8	34.0	32.4
2018/01/12 14:25:12	64.7	32.2	32.2	51.3	51.3	61.1	61.1	60.6	60.6	59.5	61.5	59.4	50.0	60.9	57.2	58.4	56.0	56.4	54.1	55.2	55.8	53.4	51.5	50.2	49.5	47.7	45.6	39.1	31.7	27.8	24.7	23.1	21.5
2018/01/12 14:25:13	65.1	28.5	28.5	47.9	47.9	56.5	56.5	54.4	54.4	54.8	62.3	61.5	51.0	60.6	57.3	60.4	57.5	55.3	53.3	54.3	56.0	54.7	53.1	51.1	50.2	48.6	46.6	39.1	31.8	27.1	25.2	23.8	21.9
2018/01/12 14:25:14	67.6	26.4	26.4	43.9	43.9	52.6	52.6	53.4	53.4	56.6	66.7	65.9	51.1	60.5	57.1	60.4	58.4	58.0	56.3	56.6	55.5	57.8	57.0	56.4	54.6	53.7	52.0	45.8	38.3	34.0	32.0	28.8	25.7
2018/01/12 14:25:15	78.6	25.6	25.6	43.6	43.6	52.9	52.9	52.7	52.7	63.4	68.0	62.4	56.4	68.7	63.2	65.1	64.8	64.7	64.1	64.1	64.8	69.4	67.9	69.6	68.3	68.8	67.6	63.6	57.7	53.9	50.9	51.3	49.8
2018/01/12 14:25:16	72.0	24.8	24.8	37.8	37.8	46.7	46.7	50.1	50.1	58.8	61.4	55.7	53.7	66.3	57.6	59.3	60.1	60.5	58.2	58.7	58.2	62.7	60.4	62.1	62.5	61.7	59.1	55.1	50.5	45.6	43.1	40.2	36.1
2018/01/12 14:25:17	63.2	23.3	23.3	36.8	36.8	45.5	45.5	47.8	47.8	52.4	54.0	52.0	51.7	57.0	56.9	53.5	54.3	54.4	51.1	51.4	51.1	52.3	51.3	53.8	51.9	50.0	48.0	42.1	36.3	31.4	26.4	24.0	21.7
2018/01/12 14:25:18	61.7	23.1	23.1	35.1	35.1	45.8	45.8	47.5	47.5	52.2	56.2	51.9	49.6	59.2	53.1	53.9	53.1	54.6	51.4	50.6	48.8	51.0	50.4	50.8	47.6	46.3	43.4	37.8	31.8	26.3	23.4	22.9	21.1
2018/01/12 14:25:19	60.4	22.9	22.9	35.2	35.2	45.0	45.0	47.0	47.0	49.3	54.4	51.5	42.4	54.9	48.7	52.1	50.9	51.7	52.7	50.6	48.2	49.9	50.9	47.8	45.1	44.5	42.3	35.4	28.2	23.6	22.0	21.9	20.7
2018/01/12 14:25:20	61.1	23.9	23.9	36.4	36.4	46.5	46.5	47.3	47.3	46.5	50.5	50.1	42.9	51.2	47.4	53.5	53.5	52.2	52.7	50.1	49.1	52.4	51.3	48.3	45.7	46.0	43.0	36.1	28.8	24.9	22.1	22.1	20.8
2018/01/12 14:25:21	59.6	23.6	23.6	34.5	34.5	44.5	44.5	46.0	46.0	46.6	50.4	47.4	40.6	52.9	48.4	54.4	51.3	49.7	51.7	48.6	46.8	48.8	49.8	45.4	46.7	46.4	42.0	35.3	25.9	22.2	21.6	22.1	21.1
2018/01/12 14:25:22	57.5	23.4	23.4	35.1	35.1	44.9	44.9	46.2	46.2	45.9	47.9	45.5	38.2	51.7	46.2	49.2	48.8	48.1	49.9	47.5	45.7	45.3	46.5	43.4	47.0	44.8	37.3	31.3	24.3	21.1	21.1	21.6	20.8
2018/01/12 14:25:23	56.8	23.0	23.0	34.1	34.1	44.4	44.4	45.4	45.4	45.0	44.6	45.7	41.4	48.2	45.0	48.3	48.7	48.1	49.3	46.7	45.9	48.1	45.4	42.3	42.7	40.9	36.5	29.6	23.0	21.7	21.5	22.0	21.1
2018/01/12 14:25:24	56.7	22.4	22.4	34.4	34.4	43.4	43.4	43.7	43.7	44.0	44.4	45.1	39.9	44.1	42.0	44.9	44.8	42.3	44.1	48.4	50.7	49.2	46.1	41.1	38.2	38.2	37.9	30.9	24.2	22.7	21.8	22.6	21.0
2018/01/12 14:25:25	52.2	23.3	23.3	33.9	33.9	43.3	43.3	44.9	44.9	41.6	44.5	45.5	37.1	45.9	45.8	43.9	47.2	43.6	41.6	41.7	42.4	42.0	40.1	39.0	34.9	35.5	31.2	28.9	23.3	21.3	20.9	21.7	20.9
2018/01/12 14:25:26	53.0	23.0	23.0	33.0	33.0	41.9	41.9	43.7	43.7	42.8	44.3	45.3	37.7	44.1	40.9	45.2	45.8	42.7	43.3	42.2	41.6	42.3	44.8	40.6	39.9	37.3	34.2	28.6	24.5	22.4	22.0	22.3	21.2
2018/01/12 14:25:27	53.4	22.8	22.8	34.0	34.0	43.4	43.4	47.7	47.7	47.3	46.2	46.0	42.2	46.8	43.3	47.7	48.7	45.3	42.3	41.9	42.6	40.7	42.7	38.1	38.3	39.0	35.5	28.8	26.7	22.9	21.6	21.9	20.9
2018/01/12 14:25:28	53.0	25.0	25.0	41.9	41.9	50.4	50.4	49.5	49.5	47.3	45.3	48.0	43.3	47.8	44.7	44.9	46.4	44.6	41.5	44.0	44.6	42.0	40.0	39.0	37.8	35.5	32.4	25.8	22.0	20.8	21.3	22.0	21.0
2018/01/12 14:25:29	53.2	28.0	28.0	43.1	43.1	53.5	53.5	53.0	53.0	46.9	46.6	48.8	45.9	47.8	46.5	46.1	46.2	45.4	43.9	44.9	43.3	41.4	39.5	38.0	37.5	33.4	30.6	25.2	22.4	20.5	20.9	21.7	20.6
2018/01/12 14:25:30	57.1	25.8	25.8	37.4	37.4	50.6	50.6	56.9	56.9	53.2	46.6	50.5	45.6	51.0	51.8	48.6	47.8	48.6	47.1	50.7	48.3	45.5	42.1	41.9	38.1	38.6	33.8	27.4	22.7	20.9	21.2	22.0	20.9
2018/01/12 14:25:31	58.4	26.5	26.5	41.7	41.7	52.6	52.6	53.2	53.2	49.9	48.7	51.1	46.2	50.4	51.1	48.9	49.5	48.1	49.1	52.5	51.2	46.6	44.1	41.6	39.0	36.9	33.3	27.0	22.3	20.8	21.1	21.9	20.8
2018/01/12 14:25:32	62.2	31.0	31.0	43.7	43.7	59.2	59.2	60.8	60.8	54.4	55.4	55.2	53.0	54.1	56.3	53.1	53.6	51.3	53.7	56.4	54.0	49.9	46.8	45.0	44.4	41.2	37.4	31.3	25.9	22.4	21.6	22.2	21.2
2018/01/12 14:25:33	65.5	27.9	27.9	42.5	42.5	55.4	55.4	58.2	58.2	54.5	56.3	57.6	51.0	57.7	56.1	53.6	54.5	53.9	55.4	59.3	57.5	55.1	53.9	51.5	50.0	47.7	45.7	38.6	30.2	24.8	22.4	22.6	21.2
2018/01/12 14:25:34	73.7	26.3	26.3	43.6	43.6	55.1	55.1	56.7	56.7	54.3	56.0	59.6	55.8	61.7	60.8	58.4	61.6	61.1	63.4	66.9	67.9	63.6	61.2	60.2	57.3	55.9	54.1	47.9	41.2	35.7	31.0	29.8	28.5
2018/01/12 14:25:35	77.1	32.3	32.3	49.7	49.7	62.6	62.6	64.8	64.8	64.5	64.2	67.3	62.6	68.9	66.1	62.7	65.1	66.4	68.4	71.0	69.4	66.5	64.1	63.7	60.9	59.1	57.2	51.4	46.1	40.2	36.0	34.8	32.0
2018/01/12 14:25:36	65.8	27.9	27.9	40.7	40.7	52.8	52.8	55.5	55.5	51.5	52.4	55.3	52.3	57.5	54.0	53.0	53.9	53.0	54.7	58.8	59.4	56.4	53.0	51.8	50.2	49.0	44.9	38.6	32.1	26.1	23.0	22.5	21.1
2018/01/12 14:25:37	61.8	28.0	28.0	44.3	44.3	54.9	54.9	57.6	57.6	55.6	54.0	54.9	51.7	56.2	54.6	50.4	50.0	50.1	51.0	54.9	55.4	52.2	48.8	43.3	41.6	42.2	38.1	31.2	24.7	21.4	21.3	21.9	21.1
2018/01/12 14:25:38	58.0	29.0	29.0	45.3	45.3	54.1	54.1	56.1	56.1	56.1	53.2	52.2	48.5	51.5	51.3	45.1	47.9	45.1	47.1	50.5	52.0	49.5	43.3	38.8	36.3	35.9	32.7	26.9	22.0	20.5	21.1	21.9	21.0
2018/01/12 14:25:39	53.6	23.5	23.5	39.0	39.0	46.2	46.2	47.4	47.4	49.2	47.4	47.2	42.7	47.9	47.1	41.3	44.8	44.0	42.6	45.8	46.3	43.9	41.2	36.9	34.5	34.7	32.1	27.7	22.3	21.2	21.3	21.9	21.0
2018/01/12 14:25:40	51.0	24.5	24.5	36.3	36.3	46.2	46.2	47.1	47.1	45.0	46.0	47.4	41.4	47.4	45.1	42.3	42.3	41.5	40.7	42.3	42.5	40.3	39.0	35.3	34.7	33.2	31.3	26.1	21.7	21.0	21.5	21.9	20.9
2018/01/12 14:25:41	51.8	24.7	24.7	37.2	37.2	46.2	46.2	47.7	47.7	47.6	47.5	45.1	38.4	43.1	43.2	40.7	43.4	42.7	41.5	45.0	42.8	40.3	39.8	38.2	36.2	35.5	32.1	28.2	23.2	21.5	21.6	22.0	21.0
2018/01/12 14:25:42	53.0	24.4	24.4	41.0	41.0	49.0	49.0	48.1	48.1	47.5	47.6	47.2	41.5	43.4	40.9	39.9	43.3	43.7	40.6	44.8	45.0	43.1	41.5	42.2	38.7	35.6	30.0	24.8	20.7	20.5	21.0	22.0	21.1
2018/01/12 14:25:43	55.4	23.4	23.4	35.3	35.3	47.5	47.5	50.0	50.0	46.7	48.6	48.2	44.1	46.3	43.3	40.8	43.9	42.9	41.8	50.8	44.8	45.5	46.2	40.2	36.2	38.8	33.3	26.7	23.8	21.3	22.0	22.6	21.6
2018/01/12 14:25:44	53.2	23.3	23.3	38.2	38.2	45.9	45.9	47.2	47.2	44.0	42.4	44.6	41.7	43.0	41.6	39.9	41.8	40.3	41.4	47.2	45.1	44.0	42.8	38.1	35.6	36.6	37.2	30.6	24.6	22.7	22.0	22.7	21.2
2018/01/12 14:25:45	50.5	25.1	25.1	38.3	38.3	47.5	47.5	46.7	46.7	43.5	45.4	43.5	39.5	42.7	41.2	40.1	43.0	40.4	40.4	43.4	42.5	40.0	38.5	35.8	32.8	31.5	28.7	24.8	21.8	21.1	21.4	22.3	21.4
2018/01/12 14:25:46	50.4	23.0	23.0	39.5	39.5	46.7	46.7	45.1	45.1	43.6	44.8	44.8	38.9	41.0	40.1	40.2	42.9	40.4	39.9	42.9	42.8	40.3	38.3	36.1	32.8	32.1	30.3	24.9	21.7	20.6	21.5	22.0	21.1
2018/01/12 14:25:47	51.0	23.5	23.5	38.8	38.8	45.8	45.8	44.4	44.4	42.4	41.4	42.3	38.3	40.0	40.4	40.1	40.9	40.1	41.7	44.3	43.3	41.3	39.7	35.9	33.0	31.5	28.9	24.3	21.2	20.9	21.3	22.3	21.1
2018/01/12 14:25:48	50.4	23.3	23.3	38.3	38.3	45.2	45.2	44.5	44.5	43.7	41.7	41.8	39.2	41.4	40.0	39.1	41.2	39.6	40.1	42.4	42.9	41.3	40.1	36.8	32.2	29.4	28.3	24.5	21.7	22.2	22.4	22.5	21.1
2018/01/12 14:25:49	58.1	24.0	24.0	37.8	37.8	43.7	43.7	44.5	44.5	42.4	40.0	41.2	39.4	41.3	37.3	38.9	40.9	39.4	40.5	41.5	42.8	40.4	51.2	54.6	33.1	33.9	36.4	25.5	22.6	21.3	21.8	22.6	21.3
2018/01/12 14:25:50	56.3	23.7	23.7	38.4	38.4	45.6	45.6	45.7	45.7	43.3	42.8	43.0	37.0	39.6	40.0	38.6	40.3	40.8	40.5	46.2	48.6	43.8	51.2	46.2	35.7	37.3	31.0	28.3	24.0	22.7	22.2	22.4	21.4
2018/01/12 14:25:51	49.4	23.1	23.1	36.7	36.7	44.2	44.2	45.3	45.3	44.5	42.1	42.3	38.4	40.9	39.7	37.4	37.9	38.3	39.7	42.1	40.2	39.2	40.4	36.4	33.4	31.6	29.2	25.6	22.8	21.6	21.7	22.3	21.2
2018/01/12 14:25:52	48.5	23.0	23.0	37.6	37.6	44.0	44.0	45.2	45.2	44.9	41.7	40.9	36.4	41.3	38.4	37.0	39.1	37.3	38.3	40.1	40.4	38.7	38.3	34.5	32.1	32.0	29.3	28.3	23.7	22.0	22.0	22.8	21.5
2018/01/12 14:25:53	50.9	23.8	23.8	37.1	37.1	44.3	44.3	45.9	45.9	45.8	43.8	41.0	37.1	41.2	39.6	37.5	42.5	39.9	40.8	43.1	40.1	41.2	42.0	37.1	34.9	35.6	34.4	28.9	23.6	21.5	21.7	22.5	21.4
2018/01/12 14:25:54	51.7	24.6	24.6	40.1	40.1	47.4	47.4	46.4	46.4	44.1	43.2	41.7	37.9	42.2	39.9	39.6	41.5	41.0	41.9	44.2	43.0	41.6	41.9	38.8	36.1	34.0	32.3	27.6	22.9	22.2	23.6	26.0	23.3
2018/01/12 14:25:55	51.2	24.4	24.4	40.2	40.2	46.9	46.9	45.6	45.6	43.3	42.1	41.3	38.1	42.8	41.4	43.6	46.2	41.9	41.3	41.9	41.5	41.1	39.7	37.3	34.1	33.6	30.7	25.7	22.6	21.4	21.5	22.0	21.1
2018/01/12 14:25:56	53.7	24.2	24.2	42.7	42.7	50.6	50.6	49.3	49.3	44.7	43.1	42.6	40.7	44.5	41.9	43.2	46.4	44.3	45.5	47.2	43.7	42.1	42.7	39.9	36.4	34.7	31.7	25.5	21.6	20.9	21.4	22.0	21.0
2018/01/12 14:25:57	59.9	24.4	24.4	38.4	38.4	45.7	45.7	48.4	48.4	48.7	47.1	47.2	43.8	47.8	45.9	45.5	47.9	46.5	48.6	49.5	46.6	46.6	51.0	55.3	38.7	36.5	35.7	29.3	23.2	21.6	21.7	22.4	21.1
2018/01/12 14:25:58	59.6	25.1	25.1	40.5	40.5	50.0	50.0	51.4	51.4	49.1	47.9	48.8	46.0	50.0	49.9	47.1	52.3	49.1	49.3	53.9	49.7	49.6	46.9	45.6	43.5	41.9	39.4	31.2	24.9	22.5	22.3	22.4	21.5
2018/01/12 14:25:59	59.7	25.5	25.5	42.9	42.9	51.3	51.3	52.6	52.6	53.7	51.5	55.0	49.2	53.1	52.0	48.5	51.1	51.2	51.1	53.1	50.8	49.0	45.1	43.0	43.0	42.1	39.0	34.0	27.7	24.4	23.6	23.2	22.2
2018/01/12 14:26:00	61.4	24.9	24.9	41.4	41.4	48.8	48.8	52.7	52.7	54.4	53.2	53.6	49.2	53.4	52.6	49.4	50.8	51.5	53.2	55.5	52.8	50.6	48.7	46.8	44.2	42.7	40.3	32.0	24.6	21.4	21.4	22.1	20.9
2018/01/12 14:26:01	66.4	26.0	26.0	43.4	43.4	52.4	52.4	53.1	53.1	53.1	52.0	54.6	50.3	55.9	54.2	51.0	54.5	54.2	57.2	60.0	57.2	58.0	55.9	52.7	50.5	48.3	46.1	39.4	31.7	25.8	22.5	22.2	21.2
2018/01/12 14:26:02	74.8	34.2	34.2	49.6	49.6	58.9	58.9	62.6	62.6	65.7	64.4	63.9	60.7	66.0	62.2	58.9	63.8	63.2	67.4	69.2	66.1	64.2	62.4	59.9	57.8	57.1	54.7	48.9	43.2	37.8	32.7	33.2	32.6
2018/01/12 14:26:03	71.6	32.0	32.0	50.7	50.7	59.2	59.2	61.8	61.8	63.1	62.5	64.5	57.7	63.2	62.0	57.3	60.5	62.4	64.0	65.1	63.0	61.5	58.2	56.4	54.8	52.3	50.8	43.5	37.6	30.9	26.2	25.6	23.2
2018/01/12 14:26:04	65.3	30.2	30.2	46.3	46.3	57.3	57.3	56.9	56.9	53.6	55.8	54.8	49.8	57.9	56.0	51.1	53.1	53.6	56.2	58.4	56.9	55.9	54.4	51.3	50.1	48.4	46.0	39.9	34.5	28.0	24.6	24.2	22.2
2018/01/12 14:26:05	71.3	39.1	39.1	55.5	55.5	66.7	66.7	65.6	65.6	61.7	60.3	59.2	55.9	63.1	59.5	56.3	60.8	61.5	62.7	63.9	62.9	61.4	59.5	56.9	55.5	56.0	55.1	50.6	45.3	40.2	37.7	37.2	33.0
2018/01/12 14:26:06	71.0	33.8	33.8	54.0	54.0	63.9	63.9	62.8	62.8	61.4	61.8	61.6	57.6	61.7	61.2	58.0	60.5	61.5	62.4	64.2	63.4	59.2	57.8	55.4	56.2	55.7	54.0	49.6	44.0	38.3	34.2	31.7	27.7
2018/01/12 14:26:07	62.6	32.4	32.4	49.9	49.9	60.0	60.0	58.2	58.2	55.5	55.7	54.6	48.5	54.9	55.1	49.0	51.9	51.8	52.2	53.4	55.9	53.4	50.8	47.9	47.0	45.8	43.7	37.6	31.0	25.2	22.8	22.6	21.3
2018/01/12 14:26:08	60.4	24.4	24.4	42.4	42.4	51.9	51.9	52.6	52.6	51.4	51.5	52.7	47.5	53.0	53.4	48.6	48.4	50.4	50.4	52.6	53.7	50.9	48.0	44.5	43.2	41.8	38.9	32.4	25.1	21.6	21.1	22.0	20.7
2018/01/12 14:26:09	56.6	27.6	27.6	42.6	42.6	52.8	52.8	53.9	53.9	51.9	49.4	50.7	47.0	51.4	52.6	47.3	48.0	48.1	47.5	48.8	48.2	44.8	43.3	39.9	37.6	36.1	33.6	27.8	22.4	20.7	21.0	22.0	20.8
2018/01/12 14:26:10	55.9	26.7	26.7	40.5	40.5	50.5	50.5	51.8	51.8	50.1	50.3	50.4	45.2	48.7	48.0	46.5	48.1	48.6	46.9	47.8	45.8	45.5	43.8	40.5	38.3	37.9	36.9	31.8	29.5	23.5	23.0	22.8	22.2
2018/01/12 14:26:11	55.1	25.8	25.8	40.5	40.5	50.5	50.5	52.3	52.3	48.6	49.0	51.5	47.0	47.0	47.1	45.4	47.8	46.7	46.6	47.9	45.8	45.2	41.3	39.4	36.8	34.7	31.8	25.3	21.6	21.0	21.2	22.1	20.8
2018/01/12 14:26:12	56.6	24.5	24.5	37.9	37.9	44.9	44.9	47.1	47.1	48.8	50.6	49.7	45.8	48.2	47.8	46.1	48.5	47.6	47.7	49.1	48.8	46.5	44.4	41.3	38.4	36.1	32.8	26.8	21.5	20.7	21.2	21.8	21.2
2018/01/12 14:26:13	58.3	22.5	22.5	35.2	35.2	46.5	46.5	49.4	49.4	52.3	51.6	50.1	46.6	51.7	51.5	46.4	48.3	46.9	49.0	51.8	49.9	48.1	47.4	43.6	40.3	37.3	33.6	26.8	22.4	20.7	21.1	22.0	21.0
2018/01/12 14:26:14	62.4	24.4	24.4	38.8	38.8	48.5	48.5	51.4	51.4	52.1	51.4	54.3	50.2	54.9	53.7	49.6	51.4	50.6	53.4	57.1	53.7	52.7	49.7	47.0	44.6	41.6	39.5	32.9	24.1	21.3	21.9	22.2	20.8
2018/01/12 14:26:15	66.5	24.9	24.9	40.1	40.1	50.7	50.7	51.9	51.9	51.9	52.6	55.1	49.5	54.8	55.6	51.6	52.7	52.4	54.4	58.3	58.5	58.9	57.0	53.7	51.8	48.7	47.1	40.7	31.1	24.3	22.1	22.9	21.7
2018/01/12 14:26:16	75.5	31.0	31.0	45.4	45.4	56.1	56.1	57.3	57.3	58.1	59.0	61.1	55.3	61.9	60.8	58.9	61.3	64.2	65.7	68.6	68.0	67.0	65.2	62.0	58.9	57.9	56.1	49.8	41.4	35.4	29.4	27.7	26.0
2018/01/12 14:26:17	73.8	31.4	31.4	48.1	48.1	58.0	58.0	60.1	60.1	59.2	59.2	62.5	57.1	64.7	62.2	59.1	60.8	62.3	64.1	66.2	67.2	64.1	62.0	61.8	56.7	55.6	52.9	47.0	39.1	33.3	28.4	25.8	24.7
2018/01/12 14:26:18	65.5	26.9	26.9	46.4	46.4	54.9	54.9	54.5	54.5	53.3	51.2	52.6	47.6	56.6	56.6	52.4	51.7	52.9	52.9	55.9	57.4	56.3	57.2	55.1	49.9	47.8	44.0	36.4	27.9	23.1	22.0	22.5	21.4
2018/01/12 14:26:19	62.0	26.8	26.8	44.7	44.7	52.4	52.4	54.2	54.2	51.5	50.4	53.3	48.5	55.8	54.3	50.3	50.5	51.4	51.3	54.9	54.6	52.2	50.4	47.5	45.5	42.3	39.9	34.5	25.5	22.3	22.0	22.4	21.4
2018/01/12 14:26:20	60.5	33.0	33.0	51.9	51.9	60.2	60.2	60.8	60.8	57.5	56.8	58.8	55.2	56.0	53.2	50.9	51.6	49.3	48.8	53.3	51.6	51.3	49.2	43.8	40.3	37.9	35.7	29.7	23.1	21.6	21.4	22.1	21.3
2018/01/12 14:26:21	58.0	23.3	23.3	37.4	37.4	47.6	47.6	50.3	50.3	49.6	47.4	47.3	42.9	49.5	50.5	47.3	53.6	47.7	46.1	49.2	49.4	48.1	46.9	44.0	41.3	39.7	35.7	28.6	24.5	21.0	21.4	22.2	21.0
2018/01/12 14:26:22	58.7	23.7	23.7	37.2	37.2	47.0	47.0	48.6	48.6	44.9	44.9	48.1	44.4	49.1	50.0	51.2	52.4	48.4	48.2	49.2	49.9	48.4	48.0	46.1	43.3	41.6	38.0	28.3	22.2	21.0	21.2	21.8	20.8
2018/01/12 14:26:23	59.8	24.3	24.3	37.4	37.4	47.2	47.2	51.2	51.2	50.1	48.1	50.5	48.3	53.9	52.1	51.4	50.6	49.3	49.5	51.7	50.9	50.1	48.0	46.3	47.4	41.4	37.6	30.2	22.9	21.6	21.4	21.9	20.9
2018/01/12 14:26:24	59.7	25.1	25.1	40.9	40.9	51.1	51.1	52.7	52.7	51.2	50.7	52.5	49.5	53.3	52.1	50.7	53.7	50.8	51.5	52.6	50.1	48.3	46.2	43.4	40.8	39.6	35.9	27.9	21.9	20.7	21.4	21.8	21.0
2018/01/12 14:26:25	62.2	25.9	25.9	43.0	43.0	51.6	51.6	53.9	53.9	56.0	54.3	54.8	51.4	54.9	54.7	50.3	52.1	52.0	54.0	54.6	52.9	51.6	49.9	49.2	48.4	45.0	43.0	34.9	26.8	22.9	22.0	22.1	21.1
2018/01/12 14:26:26	68.9	29.2	29.2	50.1	50.1	58.9	58.9	58.1	58.1	58.3	56.0	55.2	52.3	58.4	55.2	54.8	56.8	57.9	59.3	60.9	60.5	60.5	57.7	56.2	54.4	53.3	51.8	44.4	37.5	31.1	26.2	25.0	24.7
2018/01/12 14:26:27	75.9	37.3	37.3	59.0	59.0	67.3	67.3	65.5	65.5	67.4	66.1	65.3	59.5	64.7	62.7	61.3	65.2	66.4	68.5	69.8	67.8	64.2	61.0	59.8	61.1	60.3	58.7	52.9	47.6	42.3	37.4	35.6	35.0
2018/01/12 14:26:28	66.4	29.8	29.8	53.0	53.0	61.4	61.4	59.2	59.2	56.1	55.6	58.0	54.1	58.5	58.5	55.0	56.7	56.9	58.5	59.3	58.7	55.7	52.9	49.9	50.7	49.1	45.6	39.9	34.0	28.0	24.7	23.2	21.7
2018/01/12 14:26:29	61.7	25.7	25.7	47.7	47.7	54.9	54.9	52.9	52.9	52.2	50.2	51.9	48.9	55.1	54.6	50.4	52.0	51.8	52.1	53.1	52.7	51.4	53.8	44.0	44.4	43.2	39.4	32.5	26.0	22.0	21.3	21.9	20.8
2018/01/12 14:26:30	58.1	24.6	24.6	47.9	47.9	54.6	54.6	52.2	52.2	50.9	50.8	50.9	47.9	53.3	54.2	48.0	50.5	50.5	51.0	50.4	48.6	45.7	41.8	39.1	37.5	36.6	33.1	26.8	21.5	20.5	20.9	21.8	21.0
2018/01/12 14:26:31	55.4	23.6	23.6	39.0	39.0	47.4	47.4	48.4	48.4	48.9	50.1	47.7	43.6	48.9	47.4	46.6	47.6	46.5	46.2	47.1	46.3	45.8	45.6	37.7	35.9	35.5	30.8	24.6	20.6	20.3	20.9	21.9	20.9
2018/01/12 14:26:32	59.1	24.9	24.9	41.0	41.0	48.6	48.6	48.3	48.3	46.8	46.7	48.3	45.9	46.0	47.7	43.8	47.7	46.4	45.5	47.5	49.5	53.7	51.6	42.9	37.9	37.2	34.2	26.1	20.9	20.6	20.9	22.2	20.8
2018/01/12 14:26:33	52.4	23.7	23.7	37.7	37.7	45.8	45.8	47.3	47.3	47.4	45.0	44.9	40.1	45.5	45.3	42.6	43.6	44.4	44.4	44.5	43.8	42.3	39.7	35.4	32.9	32.3	29.9	23.5	20.6	20.4	20.8	21.7	21.0
2018/01/12 14:26:34	50.3	23.5	23.5	35.4	35.4	42.5	42.5	43.6	43.6	45.8	43.2	42.8	39.9	43.5	42.0	41.8	42.9	42.9	41.2	41.4	41.9	40.2	37.3	34.0	32.4	30.8	27.8	22.9	20.2	20.4	20.8	21.8	20.7
2018/01/12 14:26:35	50.7	22.7	22.7	35.7	35.7	46.6	46.6	50.2	50.2	51.6	48.9	45.2	37.4	41.8	41.9	38.8	42.9	42.0	42.9	42.3	41.9	40.6	38.4	34.5	33.4	31.6	27.6	22.6	20.0	19.9	20.8	21.6	20.7
2018/01/12 14:26:36	53.2	24.2	24.2	36.9	36.9	48.7	48.7	55.8	55.8	56.8	54.6	53.2	42.5	46.2	43.5	43.6	44.6	43.6	43.9	45.1	44.0	43.3	40.6	37.2	35.3	32.9	29.0	23.3	20.3	20.3	20.9	21.6	20.7
2018/01/12 14:26:37	57.3	26.4	26.4	41.6	41.6	53.5	53.5	56.9	56.9	59.1	59.0	52.6	43.7	48.4	46.9	47.0	48.7	48.4	48.7	47.1	48.2	48.2	45.5	43.7	39.7	38.6	34.9	25.5	20.4	20.2	21.0	21.6	20.6
2018/01/12 14:26:38	59.0	24.3	24.3	37.2	37.2	51.7	51.7	55.6	55.6	50.7	60.7	62.5	42.9	49.8	49.2	48.8	50.1	50.6	51.0	48.7	50.9	47.3	46.5	43.8	40.7	37.9	33.6	27.3	21.4	20.2	20.7	21.9	20.7
2018/01/12 14:26:39	60.1	23.3	23.3	35.5	35.5	52.2	52.2	56.2	56.2	50.8	58.2	61.9	46.3	51.5	51.5	50.9	52.9	51.0	50.2	52.2	50.5	49.3	48.1	46.8	43.4	39.3	35.2	29.0	21.8	20.6	20.9	21.6	20.9
2018/01/12 14:26:40	62.8	25.8	25.8	36.7	36.7	54.2	54.2	58.3	58.3	53.4	65.1	67.2	51.2	54.8	53.8	54.2	53.7	53.8	53.6	53.9	53.4	50.4	50.0	48.9	46.1	42.0	38.3	32.0	24.4	21.8	21.2	21.8	20.9
2018/01/12 14:26:41	66.5	29.5	29.5	39.1	39.1	60.4	60.4	64.1	64.1	58.5	70.3	71.9	50.2	56.1	55.5	58.8	56.9	54.8	55.3	55.5	55.1	54.5	55.5	55.1	52.7	48.9	46.3	41.9	32.0	27.2	24.4	23.2	21.8
2018/01/12 14:26:42	74.0	31.8	31.8	42.7	42.7	63.4	63.4	66.9	66.9	59.4	72.5	74.5	55.2	59.8	59.0	62.5	62.5	60.7	60.7	62.2	62.5	64.9	64.1	64.8	62.4	60.6	58.8	54.0	45.7	40.2	36.2	32.8	32.4
2018/01/12 14:26:43	78.5	38.5	38.5	51.2	51.2	67.6	67.6	69.7	69.7	71.0	78.6	76.7	66.9	65.6	61.1	68.3	67.3	64.3	67.7	64.6	67.0	67.2	68.3	69.6	67.9	66.6	64.7	60.8	52.6	48.3	45.6	44.6	44.6
2018/01/12 14:26:44	66.1	32.4	32.4	49.5	49.5	59.6	59.6	62.1	62.1	71.0	72.2	65.5	54.7	53.5	52.5	56.6	57.1	56.4	57.7	51.9	55.3	53.4	54.8	54.3	52.3	52.1	48.5	44.6	35.3	29.5	26.4	23.9	22.1
2018/01/12 14:26:45	59.9	30.8	30.8	42.3	42.3	53.3	53.3	63.5	63.5	65.2	60.2	58.7	47.8	49.5	53.1	52.4	49.2	52.2	51.4	49.0	49.0	48.0	48.5	46.4	45.1	43.3	40.9	35.9	27.2	22.9	21.5	21.9	20.9
2018/01/12 14:26:46	56.1	26.2	26.2	38.8	38.8	47.8	47.8	57.8	57.8	61.8	60.5	53.6	44.5	46.8	47.8	49.2	47.2	48.2	48.6	44.5	44.7	45.1	43.2	40.4	40.1	38.4	35.8	30.2	23.3	20.7	20.8	21.8	21.0
2018/01/12 14:26:47	54.1	26.7	26.7	36.8	36.8	49.2	49.2	54.1	54.1	60.2	60.7	56.2	38.4	44.1	44.5	45.0	42.4	46.0	47.9	43.2	41.8	42.0	39.3	37.1	35.6	36.8	35.7	28.8	21.0	20.4	21.0	21.8	20.4
2018/01/12 14:26:48	55.6	25.8	25.8	36.7	36.7	45.4	45.4	50.9	50.9	56.2	55.9	54.3	41.3	42.7	46.4	44.0	44.1	44.9	45.5	44.8	48.0	48.3	43.5	36.8	35.7	41.5	33.8	24.5	20.1	20.1	21.0	21.7	20.9
2018/01/12 14:26:49	54.0	26.0	26.0	38.9	38.9	51.2	51.2	55.2	55.2	61.6	60.3	51.9	43.6	45.3	43.8	42.3	45.9	45.6	44.6	44.5	43.7	40.9	41.9	38.0	36.9	35.3	33.2	26.5	21.5	20.7	21.1	22.0	20.8
2018/01/12 14:26:50	55.3	28.7	28.7	45.5	45.5	55.5	55.5	57.2	57.2	58.9	58.5	56.1	44.1	45.8	47.3	43.4	44.3	46.3	44.8	44.7	46.5	45.6	44.3	40.5	37.5	37.9	34.3	28.4	21.8	20.7	21.1	21.7	20.9
2018/01/12 14:26:51	55.5	25.1	25.1	40.9	40.9	52.6	52.6	54.6	54.6	58.4	56.0	52.0	43.8	45.3	46.1	45.8	46.2	47.5	47.9	47.8	44.8	45.1	43.5	38.8	36.9	37.0	33.9	27.3	21.5	20.7	20.9	21.7	20.8
2018/01/12 14:26:52	58.0	25.0	25.0	39.3	39.3	53.3	53.3	55.2	55.2	50.6	55.6	50.2	45.2	47.8	46.8	47.1	49.0	48.6	49.2	50.8	49.8	49.6	43.8	41.5	38.6	37.7	34.9	29.2	22.8	20.8	20.9	21.8	20.8
2018/01/12 14:26:53	57.8	29.6	29.6	43.8	43.8	56.8	56.8	56.7	56.7	50.4	55.4	53.8	47.0	49.8	48.7	48.0	50.6	50.2	51.5	49.9	47.0	46.7	44.9	40.2	38.1	36.8	35.9	30.3	24.5	21.7	21.1	21.9	21.0
2018/01/12 14:26:54	61.6	29.1	29.1	42.4	42.4	56.9	56.9	58.1	58.1	53.1	55.4	54.5	51.3	55.9	52.5	52.7	54.3	54.7	54.8	55.0	51.3	48.3	47.3	43.6	40.7	38.6	37.4	34.1	29.2	23.1	21.5	22.2	21.0
2018/01/12 14:26:55	65.3	32.6	32.6	48.3	48.3	62.5	62.5	63.5	63.5	56.0	60.1	59.4	54.5	57.3	55.2	55.0	55.3	57.7	58.5	58.9	54.3	53.9	52.7	48.8	47.0	45.8	45.6	42.6	33.7	26.7	23.9	22.7	21.7
2018/01/12 14:26:56	72.7	36.5	36.5	55.7	55.7	65.0	65.0	62.1	62.1	58.7	58.1	57.2	54.6	59.3	60.1	58.2	61.0	63.2	65.5	66.7	63.3	63.7	60.1	56.3	54.1	53.3	52.5	50.2	42.0	36.1	32.9	29.7	27.0
2018/01/12 14:26:57	75.6	32.7	32.7	57.5	57.5	65.4	65.4	65.5	65.5	66.5	63.1	64.8	63.2	67.0	63.8	63.9	65.2	67.1	68.9	70.1	66.1	63.7	61.5	57.6	56.7	57.5	56.5	53.7	45.6	40.5	38.0	36.0	32.9
2018/01/12 14:26:58	66.2	26.1	26.1	48.8	48.8	56.0	56.0	54.0	54.0	53.0	53.3	57.8	56.5	60.9	58.0	53.6	53.7	56.6	60.0	60.9	57.4	54.9	50.3	45.4	42.5	42.8	43.0	38.7	31.0	26.5	23.7	23.2	21.7
2018/01/12 14:26:59	63.2	25.0	25.0	39.3	39.3	49.9	49.9	54.7	54.7	51.7	49.3	55.0	54.0	58.3	56.8	50.0	50.6	52.3	57.0	58.2	54.5	51.9	44.5	40.2	37.5	36.5	35.5	31.7	23.9	21.5	21.4	21.7	20.8
2018/01/12 14:27:00	60.2	24.2	24.2	37.7	37.7	46.7	46.7	48.1	48.1	51.0	50.4	49.8	50.1	54.7	52.2	49.4	48.4	49.6	53.4	55.6	51.5	47.7	45.4	38.4	32.9	36.0	31.8	27.7	21.8	20.7	21.1	22.1	20.9
2018/01/12 14:27:01	57.4	23.4	23.4	37.4	37.4	45.9	45.9	46.2	46.2	47.4	46.4	49.3	46.7	50.2	48.3	45.9	46.6	46.5	49.4	52.0	50.2	46.0	44.1	38.2	34.1	35.4	32.5	27.3	21.6	21.1	21.0	21.8	20.9
2018/01/12 14:27:02	54.4	22.7	22.7	35.5	35.5	44.3	44.3	46.7	46.7	46.7	43.4	45.6	42.0	48.6	45.5	43.4	43.9	45.3	45.9	48.4	46.9	42.9	41.8	36.8	32.2	32.0	29.5	24.9	21.5	20.9	21.0	22.1	20.9
2018/01/12 14:27:03	53.0	23.7	23.7	35.9	35.9	44.4	44.4	47.4	47.4	43.9	39.8	42.1	40.3	42.7	41.9	38.9	42.3	43.5	44.7	47.8	45.0	43.7	38.0	34.0	32.1	31.6	29.5	26.9	23.6	21.4	21.7	22.2	20.9
2018/01/12 14:27:04	52.3	22.9	22.9	36.1	36.1	44.9	44.9	47.1	47.1	45.7	42.0	43.6	37.7	40.6	39.1	37.9	39.1	39.9	43.3	47.1	41.9	41.4	41.2	40.0	37.4	36.8	33.5	27.0	22.3	21.2	21.4	21.9	20.8
2018/01/12 14:27:05	55.6	22.8	22.8	35.3	35.3	43.6	43.6	45.1	45.1	43.6	41.7	42.8	38.7	40.2	39.0	36.3	37.9	37.6	44.4	48.3	46.1	43.6	46.5	49.0	35.3	35.7	38.3	24.9	21.5	21.0	21.0	21.9	21.1
2018/01/12 14:27:06	53.6	22.9	22.9	34.2	34.2	44.1	44.1	45.9	45.9	42.9	39.7	43.6	38.7	42.2	36.3	35.8	40.2	39.3	43.8	48.2	44.4	43.6	43.6	42.5	34.1	34.8	31.8	26.9	22.9	20.8	21.3	21.9	20.9
2018/01/12 14:27:07	50.1	22.2	22.2	32.0	32.0	44.4	44.4	46.8	46.8	43.2	40.2	40.9	38.3	39.9	39.1	38.3	38.8	40.7	42.2	44.8	42.2	38.7	35.0	33.7	28.6	30.2	27.5	24.0	22.2	21.2	21.2	22.2	21.1
2018/01/12 14:27:08	50.1	23.3	23.3	36.4	36.4	44.1	44.1	45.2	45.2	43.5	38.4	38.8	35.0	41.0	39.9	39.3	40.8	40.6	42.7	44.4	42.0	38.2	36.9	33.0	28.9	28.7	27.4	23.9	20.7	20.3	21.2	21.9	20.6
2018/01/12 14:27:09	54.6	23.7	23.7	34.4	34.4	42.9	42.9	44.5	44.5	41.9	40.2	41.4	37.2	41.9	40.7	42.5	47.7	45.2	44.9	47.3	47.1	45.1	40.8	40.2	36.3	35.8	35.5	30.6	24.4	22.0	22.1	22.8	21.9
2018/01/12 14:27:10	55.6	24.0	24.0	36.8	36.8	44.0	44.0	43.5	43.5	41.0	39.8	40.5	37.3	40.5	40.3	38.7	52.7	53.7	42.8	44.0	45.1	40.3	37.8	35.7	35.3	36.7	34.6	27.7	23.3	21.2	21.5	22.0	20.9
2018/01/12 14:27:11	55.0	24.2	24.2	34.4	34.4	43.5	43.5	45.2	45.2	43.5	40.5	41.5	39.6	42.6	41.5	41.5	44.0	43.8	43.8	44.6	44.6	41.0	41.9	46.6	44.7	43.2	43.0	38.5	32.3	28.9	26.8	26.2	24.5
2018/01/12 14:27:12	55.1	22.6	22.6	35.5	35.5	43.3	43.3	44.7	44.7	41.6	38.8	40.8	35.9	40.7	39.3	40.6	42.9	42.2	43.8	45.6	44.4	45.6	43.6	45.8	42.0	44.9	41.7	34.9	31.0	26.7	25.2	24.8	23.1
2018/01/12 14:27:13	49.6	24.9	24.9	36.9	36.9	44.8	44.8	44.7	44.7	41.5	41.2	39.9	37.1	40.4	39.6	38.4	40.1	41.1	40.3	41.7	41.1	38.7	38.6	35.4	32.1	33.9	32.3	28.8	25.5	22.9	22.1	22.6	21.2
2018/01/12 14:27:14	48.7	24.1	24.1	34.8	34.8	45.4	45.4	47.1	47.1	41.2	40.4	41.8	35.7	40.3	38.0	37.8	39.5	38.6	39.0	40.5	40.8	38.9	37.9	34.3	31.5	32.5	31.8	26.8	24.9	23.0	22.7	23.0	21.5
2018/01/12 14:27:15	48.9	22.8	22.8	34.0	34.0	43.0	43.0	45.5	45.5	42.2	38.5	41.6	36.9	39.5	37.2	38.1	40.7	41.2	38.8	38.9	39.6	39.9	35.4	33.6	32.7	36.2	36.1	29.8	25.0	22.1	21.8	22.5	21.2
2018/01/12 14:27:16	48.7	23.0	23.0	34.9	34.9	42.5	42.5	43.0	43.0	40.8	38.7	40.1	38.6	39.5	38.4	41.0	39.5	39.3	39.9	40.2	39.7	38.0	35.7	34.4	36.7	32.2	31.2	26.7	23.2	21.4	21.5	22.3	21.2
2018/01/12 14:27:17	48.9	23.3	23.3	34.3	34.3	42.1	42.1	43.9	43.9	40.9	38.5	39.8	36.3	39.0	39.1	38.4	38.3	39.4	39.1	40.1	39.7	39.1	36.0	35.1	38.6	33.0	33.2	27.2	22.7	21.3	21.3	22.1	21.6
2018/01/12 14:27:18	48.4	23.0	23.0	37.0	37.0	43.4	43.4	42.9	42.9	41.6	39.9	41.0	37.1	40.3	40.2	37.7	40.0	39.5	39.0	40.6	38.9	39.7	36.9	32.8	31.0	29.7	27.8	24.9	21.3	20.9	21.4	22.4	20.9
2018/01/12 14:27:19	51.5	24.7	24.7	37.1	37.1	45.9	45.9	45.3	45.3	40.6	39.0	41.8	39.4	42.7	40.9	41.5	41.2	42.9	42.8	44.5	40.6	43.5	40.5	35.3	32.0	30.9	27.9	23.1	20.4	20.5	21.2	21.9	20.9
2018/01/12 14:27:20	49.8	23.3	23.3	34.1	34.1	45.2	45.2	47.5	47.5	43.5	39.1	41.7	40.2	42.4	41.2	43.0	46.2	40.0	40.5	41.4	38.5	37.8	36.4	36.7	33.1	31.3	31.1	24.7	22.8	20.7	22.2	22.3	21.5
2018/01/12 14:27:21	47.1	22.8	22.8	32.4	32.4	43.3	43.3	44.6	44.6	40.4	37.3	39.9	37.3	39.7	39.8	37.0	39.4	38.7	38.7	38.0	36.9	36.7	34.0	34.8	30.9	31.0	30.0	26.2	21.5	21.5	21.6	22.1	21.0
2018/01/12 14:27:22	47.8	23.1	23.1	34.7	34.7	44.5	44.5	45.4	45.4	42.8	39.6	39.3	36.6	39.9	39.6	38.0	39.6	38.4	39.7	39.4	37.9	37.5	34.7	32.9	34.3	33.4	30.4	23.7	21.3	20.6	21.0	22.0	20.8
2018/01/12 14:27:23	53.2	23.3	23.3	35.8	35.8	45.9	45.9	46.3	46.3	43.6	39.9	40.9	37.8	40.0	38.9	41.3	40.0	39.4	37.7	46.7	41.0	44.0	41.8	35.1	46.4	38.2	33.8	31.7	21.7	20.7	21.1	21.7	20.9
2018/01/12 14:27:24	52.0	23.1	23.1	35.9	35.9	44.9	44.9	45.9	45.9	42.8	39.9	40.9	40.7	41.0	39.7	40.2	41.7	43.3	38.2	42.3	37.3	37.8	38.2	34.5	47.5	34.1	32.8	29.2	23.3	22.0	21.7	22.1	21.3
2018/01/12 14:27:25	52.7	23.8	23.8	36.7	36.7	46.0	46.0	45.8	45.8	42.0	38.7	40.6	38.2	40.7	38.9	37.5	40.2	37.7	37.6	43.5	46.0	40.7	42.5	38.5	45.4	33.4	28.7	23.0	20.5	20.1	20.9	21.9	20.7
2018/01/12 14:27:26	49.6	23.0	23.0	36.6	36.6	45.1	45.1	46.3	46.3	44.8	40.7	41.1	39.7	41.1	40.4	38.0	39.8	38.1	41.7	43.1	41.0	39.9	37.0	32.9	33.5	29.8	26.9	22.8	20.4	20.4	21.0	21.8	20.7
2018/01/12 14:27:27	51.7	24.4	24.4	37.3	37.3	44.4	44.4	45.6	45.6	43.1	39.9	41.9	39.0	42.3	40.1	40.3	40.7	40.0	42.5	44.2	41.4	41.7	39.4	40.7	38.2	36.8	35.6	33.1	29.2	24.3	24.3	22.5	21.2
2018/01/12 14:27:28	49.8	25.3	25.3	37.2	37.2	45.8	45.8	46.2	46.2	43.3	40.9	42.0	39.3	42.0	40.8	38.5	39.3	38.0	40.1	44.2	40.8	38.8	38.6	36.2	33.1	31.6	27.8	22.5	19.9	20.1	21.0	21.6	20.9
2018/01/12 14:27:29	48.0	26.2	26.2	38.1	38.1	46.0	46.0	49.6	49.6	47.3	42.9	41.8	35.1	39.9	40.4	39.6	39.4	39.6	40.5	39.8	38.2	37.6	35.5	32.1	30.0	29.1	26.1	21.7	20.0	19.9	21.1	21.8	20.9
2018/01/12 14:27:30	47.9	24.9	24.9	38.1	38.1	44.3	44.3	46.2	46.2	46.5	43.3	43.8	38.7	41.5	40.8	37.7	39.4	37.4	37.9	40.7	38.1	36.8	36.1	34.7	32.4	29.2	26.0	21.8	20.2	20.1	20.9	21.9	20.7
2018/01/12 14:27:31	49.1	24.0	24.0	34.5	34.5	43.1	43.1	44.4	44.4	42.8	41.4	42.6	39.0	41.8	40.1	37.9	39.7	39.7	39.9	42.8	39.2	38.5	38.2	34.6	32.6	30.0	25.5	22.0	20.0	20.0	20.8	21.6	20.7
2018/01/12 14:27:32	48.1	22.8	22.8	34.8	34.8	44.2	44.2	46.0	46.0	44.2	42.5	42.0	37.5	41.8	40.6	37.8	39.9	39.9	39.7	40.9	38.2	36.5	35.9	33.7	31.5	29.1	27.0	23.3	20.1	20.0	20.7	21.8	20.7
2018/01/12 14:27:33	49.9	22.4	22.4	33.4	33.4	44.5	44.5	48.3	48.3	45.8	44.5	43.4	39.0	42.2	42.8	40.6	43.4	40.7	40.4	41.5	40.3	38.9	38.7	36.3	33.4	32.6	28.7	22.7	20.0	20.1	20.8	21.9	20.9
2018/01/12 14:27:34	50.3	23.1	23.1	34.6	34.6	44.1	44.1	46.7	46.7	45.6	42.8	43.3	39.3	44.0	43.0	40.8	41.4	41.5	42.4	42.6	39.8	39.8	38.0	37.2	34.2	31.1	27.3	22.3	19.9	20.2	20.9	21.9	20.8
2018/01/12 14:27:35	49.2	25.2	25.2	40.6	40.6	48.1	48.1	47.5	47.5	42.5	43.3	44.0	39.7	43.3	41.7	40.4	41.3	42.4	41.4	40.5	39.5	38.1	35.7	33.8	32.0	29.8	26.6	22.4	20.0	20.3	20.8	21.7	20.7
2018/01/12 14:27:36	52.0	23.7	23.7	37.5	37.5	46.4	46.4	47.7	47.7	44.8	43.2	43.9	39.8	44.8	45.3	42.3	43.2	44.2	45.0	43.4	43.3	40.4	37.8	38.0	35.0	32.2	29.4	23.0	20.0	20.1	20.9	21.8	20.6
2018/01/12 14:27:37	54.9	24.5	24.5	35.0	35.0	47.8	47.8	51.7	51.7	47.8	44.2	45.5	40.8	46.2	46.8	44.1	44.1	45.1	45.7	44.5	50.1	41.9	40.9	41.8	37.5	35.6	33.8	26.9	22.1	20.6	21.0	21.9	20.9
2018/01/12 14:27:38	55.2	23.4	23.4	36.4	36.4	47.1	47.1	50.4	50.4	49.4	47.3	50.7	46.1	49.6	49.2	44.1	47.1	47.8	47.7	46.3	45.7	43.6	41.9	41.5	38.3	35.5	34.0	26.1	21.2	20.9	20.9	21.5	20.7
2018/01/12 14:27:39	57.8	26.1	26.1	39.0	39.0	51.4	51.4	54.6	54.6	52.2	49.8	52.3	47.8	50.9	50.3	49.7	48.7	49.2	49.0	49.5	48.0	45.9	45.7	45.3	43.1	40.9	38.3	29.6	23.4	22.1	21.4	22.3	21.4
2018/01/12 14:27:40	61.1	26.5	26.5	37.6	37.6	50.6	50.6	53.2	53.2	50.3	48.8	52.4	46.1	51.3	52.1	51.9	50.4	50.7	52.5	50.9	52.0	50.8	50.7	49.9	47.9	45.1	43.1	35.5	28.7	26.9	22.9	22.5	21.6
2018/01/12 14:27:41	67.9	24.6	24.6	39.3	39.3	51.3	51.3	57.8	57.8	58.1	54.5	56.1	51.8	57.0	57.9	55.1	55.9	55.0	57.4	58.3	60.2	59.0	56.6	56.3	54.7	52.8	51.7	45.1	39.3	35.9	30.7	29.7	29.5
2018/01/12 14:27:42	74.1	36.1	36.1	50.3	50.3	59.5	59.5	64.6	64.6	64.2	60.2	63.0	56.4	63.1	63.0	60.7	61.0	64.8	65.9	65.9	65.2	62.6	61.8	62.5	59.9	61.2	59.3	54.3	48.2	45.0	39.9	38.5	37.4
2018/01/12 14:27:43	65.6	26.1	26.1	42.8	42.8	55.2	55.2	59.7	59.7	57.4	55.1	57.0	52.1	57.9	56.5	54.7	56.2	56.5	55.4	55.8	57.4	56.2	53.9	53.0	51.9	49.9	47.1	40.5	33.8	29.8	25.2	23.5	21.5
2018/01/12 14:27:44	63.2	28.3	28.3	42.8	42.8	54.5	54.5	58.7	58.7	56.0	53.7	55.4	50.3	55.4	57.1	54.9	53.8	53.7	54.2	54.5	53.9	52.6	50.8	50.1	49.5	46.9	43.4	35.9	28.6	24.4	21.8	22.2	21.1
2018/01/12 14:27:45	64.7	29.0	29.0	44.1	44.1	57.1	57.1	61.5	61.5	58.8	56.0	56.5	51.7	56.9	55.3	54.5	54.9	54.8	56.2	56.7	56.1	55.6	53.1	50.2	48.3	46.0	43.1	35.5	28.3	23.6	21.9	22.2	20.9
2018/01/12 14:27:46	69.5	31.7	31.7	46.7	46.7	59.7	59.7	61.5	61.5	58.2	57.9	58.7	55.3	59.1	58.6	54.5	58.0	58.7	59.8	63.6	61.5	60.4	58.2	54.1	51.5	51.0	49.6	42.9	36.4	30.8	27.3	28.3	26.6
2018/01/12 14:27:47	73.1	41.2	41.2	54.4	54.4	67.2	67.2	67.7	67.7	63.9	63.0	63.0	59.8	64.0	63.1	60.4	62.1	63.6	64.3	67.1	65.3	62.9	59.3	57.7	55.4	55.0	54.3	49.2	43.9	38.1	35.4	36.1	33.6
2018/01/12 14:27:48	70.7	38.3	38.3	52.8	52.8	65.8	65.8	66.2	66.2	61.6	60.5	59.3	56.7	62.8	58.5	57.6	58.5	60.7	61.8	62.7	62.9	61.5	59.3	57.1	54.9	53.9	51.9	44.7	36.3	30.0	25.5	24.6	22.8
2018/01/12 14:27:49	76.8	34.5	34.5	52.7	52.7	62.4	62.4	64.0	64.0	65.2	63.8	65.3	62.5	67.4	65.4	63.7	64.8	67.3	71.3	70.0	68.1	66.2	62.8	61.3	58.6	58.2	56.0	50.7	44.1	38.6	34.5	34.4	32.6
2018/01/12 14:27:50	69.0	32.0	32.0	48.5	48.5	57.8	57.8	58.5	58.5	57.6	58.0	60.8	58.1	61.8	61.1	58.8	57.9	61.2	61.4	61.5	60.5	58.0	54.9	55.1	53.5	50.0	47.9	42.2	34.7	29.3	26.3	24.5	23.0
2018/01/12 14:27:51	67.3	30.4	30.4	47.3	47.3	56.3	56.3	60.0	60.0	62.4	63.8	62.3	54.6	58.8	57.3	55.8	55.9	56.5	56.0	55.6	56.9	58.2	56.5	57.8	55.3	53.4	50.8	43.8	36.8	30.3	27.0	26.9	24.6
2018/01/12 14:27:52	73.2	33.5	33.5	47.0	47.0	59.4	59.4	64.3	64.3	70.4	69.9	68.2	57.4	62.1	59.3	61.6	60.2	60.9	60.0	60.3	63.1	64.0	64.7	62.9	61.3	59.4	59.4	54.6	48.2	41.3	42.3	45.9	41.7
2018/01/12 14:27:53	65.7	33.5	33.5	51.3	51.3	62.0	62.0	64.7	64.7	65.2	66.2	64.2	54.4	57.9	56.1	55.5	54.7	55.8	53.6	52.8	54.4	54.5	56.8	54.5	53.8	51.3	51.0	45.8	40.0	33.3	31.2	30.4	28.1
2018/01/12 14:27:54	61.1	33.7	33.7	53.5	53.5	60.3	60.3	62.9	62.9	63.8	64.5	64.7	57.3	58.8	52.5	51.2	49.8	52.3	48.5	48.3	48.4	48.1	49.6	48.7	47.5	45.5	43.7	38.4	32.2	25.2	24.3	23.2	21.5
2018/01/12 14:27:55	58.7	38.7	38.7	53.2	53.2	62.1	62.1	61.5	61.5	62.4	61.8	61.6	55.7	55.9	53.2	48.5	48.7	49.5	45.5	46.4	46.2	48.9	46.2	44.7	43.5	40.1	37.7	32.1	26.8	22.1	21.6	22.1	21.0
2018/01/12 14:27:56	56.6	31.0	31.0	47.8	47.8	58.4	58.4	61.4	61.4	60.7	59.5	56.0	47.2	48.7	46.6	46.8	46.4	46.5	48.0	47.1	46.4	44.5	45.1	45.2	40.7	37.9	36.4	30.1	25.0	21.4	21.6	22.0	20.9
2018/01/12 14:27:57	56.0	28.7	28.7	45.2	45.2	55.4	55.4	57.0	57.0	57.9	58.7	56.4	50.0	50.2	47.1	44.3	45.3	45.8	45.0	45.5	48.6	45.4	44.4	42.2	39.2	38.5	35.8	31.1	25.6	21.5	22.0	22.8	21.4
2018/01/12 14:27:58	55.8	28.8	28.8	48.7	48.7	56.4	56.4	55.0	55.0	54.6	53.4	51.3	44.3	45.8	44.6	44.4	45.0	44.7	45.9	47.2	49.1	46.6	44.2	41.8	38.8	36.9	34.1	30.2	22.5	21.7	21.6	22.2	21.4
2018/01/12 14:27:59	55.1	29.5	29.5	47.4	47.4	57.6	57.6	57.7	57.7	54.2	52.0	49.0	44.7	46.5	45.9	44.3	45.2	44.9	42.7	46.2	47.0	44.3	45.4	43.4	39.1	37.3	34.4	26.4	21.3	20.5	20.9	21.9	20.9
2018/01/12 14:28:00	55.4	27.8	27.8	44.8	44.8	55.1	55.1	57.6	57.6	55.9	51.4	47.9	43.8	46.7	44.2	45.4	45.4	44.5	45.2	47.3	46.9	45.3	44.3	43.7	39.8	37.6	34.3	27.3	21.3	21.6	22.1	22.8	21.3
2018/01/12 14:28:01	57.0	27.2	27.2	42.7	42.7	50.1	50.1	52.5	52.5	53.3	49.9	46.7	44.1	49.2	46.9	46.4	46.5	47.3	46.4	49.5	48.3	46.5	47.6	43.3	42.5	39.8	35.8	28.7	23.0	21.1	21.1	22.1	21.1
2018/01/12 14:28:02	57.6	24.9	24.9	41.8	41.8	49.5	49.5	50.5	50.5	51.1	49.1	47.9	42.6	47.7	47.6	46.0	46.9	47.2	47.0	51.4	49.2	49.3	45.1	42.0	39.6	38.5	34.4	26.6	21.0	20.7	21.0	21.9	20.9
2018/01/12 14:28:03	59.5	26.1	26.1	41.7	41.7	50.6	50.6	52.8	52.8	51.5	50.7	48.9	45.5	51.0	51.8	49.2	50.5	49.7	50.9	53.6	50.4	48.7	46.5	44.0	41.7	39.9	36.2	28.3	22.0	20.8	21.0	21.7	20.8
2018/01/12 14:28:04	62.6	27.7	27.7	43.3	43.3	52.7	52.7	58.2	58.2	56.2	51.6	54.3	49.3	57.1	53.7	52.6	53.5	52.3	54.7	56.4	53.8	50.9	49.0	48.1	45.9	43.4	40.5	32.4	24.1	21.7	21.2	21.9	20.8
2018/01/12 14:28:05	66.5	25.9	25.9	43.1	43.1	52.2	52.2	55.0	55.0	55.2	53.0	52.8	48.2	57.1	54.8	53.4	54.6	54.4	56.1	59.2	59.5	56.4	56.4	53.5	50.4	47.8	45.3	38.2	29.3	25.4	22.0	22.1	21.3
2018/01/12 14:28:06	74.5	30.9	30.9	48.6	48.6	56.8	56.8	60.0	60.0	61.4	56.6	59.4	54.6	63.2	62.2	61.4	63.2	63.9	65.2	68.9	67.3	63.8	62.5	60.1	56.3	55.4	53.5	47.1	39.5	35.3	29.7	31.0	29.4
2018/01/12 14:28:07	74.6	34.5	34.5	50.0	50.0	58.9	58.9	63.8	63.8	63.1	62.3	62.2	58.5	63.9	63.9	62.6	63.3	65.6	66.4	69.2	66.6	63.1	61.2	60.0	57.6	54.7	52.7	46.5	39.7	35.2	28.8	27.8	27.3
2018/01/12 14:28:08	69.5	28.9	28.9	45.2	45.2	57.6	57.6	61.0	61.0	60.5	57.7	55.9	53.3	59.7	58.1	56.5	57.9	57.3	60.1	62.1	61.5	61.5	57.7	56.4	53.3	51.7	48.5	42.3	35.8	30.8	27.1	27.4	23.7
2018/01/12 14:28:09	75.1	37.8	37.8	52.8	52.8	65.3	65.3	66.2	66.2	62.0	64.6	64.5	62.4	66.3	63.2	61.8	64.3	65.0	68.3	69.3	65.9	63.9	62.2	59.9	57.0	57.1	55.4	50.4	44.4	40.9	37.8	38.6	32.0
2018/01/12 14:28:10	68.2	31.1	31.1	49.5	49.5	61.2	61.2	62.4	62.4	60.1	57.1	60.6	57.5	60.5	56.7	55.4	58.8	57.2	60.1	61.2	60.0	57.9	53.9	55.5	55.4	48.4	46.6	41.4	34.1	29.2	25.6	24.5	22.0
2018/01/12 14:28:11	65.7	32.5	32.5	48.3	48.3	58.3	58.3	58.7	58.7	57.7	54.9	56.2	52.1	57.7	54.8	53.3	55.9	53.9	54.8	57.0	55.6	53.4	52.2	57.8	56.3	44.7	42.5	36.0	27.8	23.0	22.0	22.0	20.8
2018/01/12 14:28:12	62.7	30.7	30.7	47.6	47.6	58.0	58.0	59.1	59.1	59.4	56.0	56.0	52.0	56.9	55.8	53.6	54.0	53.6	54.4	55.6	54.0	51.2	49.1	47.9	45.9	43.4	41.1	32.6	25.8	22.0	21.4	22.0	21.1
2018/01/12 14:28:13	66.1	24.8	24.8	43.8	43.8	53.0	53.0	57.9	57.9	59.4	56.7	54.6	50.6	55.7	55.1	52.7	54.6	55.9	56.6	59.7	58.6	56.8	52.8	51.0	50.3	48.0	45.0	38.7	31.0	24.8	22.9	22.9	22.1
2018/01/12 14:28:14	75.3	35.0	35.0	49.4	49.4	59.7	59.7	64.6	64.6	63.1	60.0	61.6	59.4	64.6	63.4	61.5	64.1	64.1	67.2	70.1	68.0	63.2	60.8	60.1	58.5	57.6	56.8	52.8	45.9	38.8	36.0	36.1	33.9
2018/01/12 14:28:15	72.0	29.6	29.6	49.0	49.0	61.5	61.5	66.1	66.1	62.8	58.8	60.4	58.7	62.6	62.0	58.5	60.7	61.8	63.4	65.3	64.5	61.8	59.0	57.7	57.3	55.3	51.5	46.5	39.5	33.4	29.0	26.4	24.1
2018/01/12 14:28:16	62.9	26.1	26.1	43.2	43.2	56.0	56.0	60.5	60.5	55.4	50.1	51.6	50.5	55.7	55.5	52.3	52.7	51.9	53.8	55.8	56.0	52.2	49.1	46.6	46.7	45.0	42.0	35.2	27.7	22.6	21.7	22.1	20.9
2018/01/12 14:28:17	59.7	27.6	27.6	42.1	42.1	58.4	58.4	63.0	63.0	57.8	51.0	52.8	51.4	54.5	54.1	48.6	50.0	51.5	51.3	52.5	51.2	48.5	44.9	43.4	41.6	40.0	36.2	30.3	22.8	20.8	21.1	21.9	20.9
2018/01/12 14:28:18	56.7	28.3	28.3	41.7	41.7	56.2	56.2	59.0	59.0	53.5	51.4	52.8	49.9	50.0	49.3	48.3	47.6	46.8	47.5	48.4	48.9	46.1	43.6	41.7	39.1	37.1	34.1	29.3	24.4	21.6	21.7	22.1	20.7
2018/01/12 14:28:19	55.3	23.8	23.8	36.1	36.1	48.5	48.5	50.7	50.7	47.0	47.9	50.7	45.3	47.1	49.6	45.4	48.4	47.1	46.4	47.2	47.8	44.0	41.7	38.5	35.4	33.1	29.6	24.6	20.7	20.4	21.0	21.8	20.9
2018/01/12 14:28:20	55.1	26.5	26.5	43.6	43.6	52.5	52.5	50.7	50.7	47.9	46.9	46.1	42.8	47.4	44.2	47.5	48.1	46.2	44.2	49.0	47.1	44.3	41.4	37.4	35.6	33.6	31.0	25.8	20.9	20.3	20.9	21.9	20.9
2018/01/12 14:28:21	55.2	28.4	28.4	47.5	47.5	57.3	57.3	55.0	55.0	48.6	47.1	44.5	40.2	45.5	46.2	44.3	47.0	45.0	45.2	49.2	47.3	45.0	42.5	39.3	36.4	35.7	33.2	28.8	23.4	21.7	21.8	22.3	21.4
2018/01/12 14:28:22	55.1	24.7	24.7	40.0	40.0	48.8	48.8	49.4	49.4	46.2	43.1	43.5	41.0	43.3	42.5	42.3	46.6	46.2	44.4	51.1	43.5	45.2	41.4	39.4	36.8	36.4	33.7	28.1	23.8	21.9	21.6	22.2	21.4
2018/01/12 14:28:23	56.2	24.7	24.7	39.2	39.2	47.4	47.4	51.3	51.3	51.3	47.3	48.4	44.3	45.2	42.3	42.7	47.9	46.0	45.4	50.4	46.5	44.4	44.1	41.1	40.9	41.0	42.9	37.9	34.1	28.4	26.4	25.6	23.7
2018/01/12 14:28:24	52.8	27.2	27.2	45.2	45.2	54.5	54.5	53.1	53.1	49.6	47.3	45.4	41.5	44.4	42.6	42.7	45.9	42.9	42.9	46.6	42.0	41.6	40.8	39.0	35.9	35.2	33.1	29.7	26.7	25.3	24.1	24.9	22.0
2018/01/12 14:28:25	51.1	24.4	24.4	38.8	38.8	51.2	51.2	52.9	52.9	45.9	41.8	44.4	38.0	43.4	42.0	41.6	43.1	42.4	43.2	41.8	41.6	41.2	39.5	36.7	34.2	33.2	30.9	27.0	22.2	21.1	21.7	22.1	21.4
2018/01/12 14:28:26	54.7	25.8	25.8	36.0	36.0	55.1	55.1	58.9	58.9	50.8	41.7	42.5	38.1	42.9	42.5	40.1	43.8	44.7	48.3	48.2	45.8	43.5	44.1	39.5	36.6	34.2	32.3	26.9	23.1	21.5	21.5	22.3	21.2
2018/01/12 14:28:27	52.7	25.3	25.3	38.4	38.4	50.2	50.2	54.2	54.2	48.4	43.1	44.1	41.1	42.6	42.5	41.5	42.6	43.8	44.1	43.3	44.3	42.0	40.9	41.8	36.4	35.2	32.7	31.4	28.1	23.3	22.9	23.8	24.5
2018/01/12 14:28:28	49.9	23.5	23.5	36.5	36.5	48.3	48.3	52.4	52.4	46.7	41.7	43.9	41.3	44.3	39.5	38.2	39.9	43.8	40.6	41.0	40.8	39.5	37.6	35.1	34.0	31.7	29.7	24.5	21.0	20.4	21.0	21.9	21.0
2018/01/12 14:28:29	51.7	23.5	23.5	36.6	36.6	46.9	46.9	51.2	51.2	46.2	41.6	43.2	38.9	41.9	40.9	39.5	41.6	42.3	40.6	44.3	45.2	40.8	40.5	37.5	34.9	33.7	29.4	24.6	20.8	20.4	21.1	21.6	20.9
2018/01/12 14:28:30	55.4	24.2	24.2	38.0	38.0	46.9	46.9	50.3	50.3	47.1	43.1	43.8	40.8	43.0	44.2	39.7	43.9	47.9	47.1	48.3	43.4	45.1	47.0	40.3	39.0	35.4	34.4	27.6	21.1	20.1	20.7	21.7	20.8
2018/01/12 14:28:31	50.5	25.0	25.0	38.2	38.2	46.6	46.6	47.9	47.9	45.5	43.8	42.8	39.7	42.5	44.1	42.5	44.8	43.1	40.1	40.8	41.6	39.8	38.2	34.6	33.3	31.7	30.6	24.8	20.5	20.5	21.3	22.0	20.9
2018/01/12 14:28:32	51.3	23.4	23.4	34.3	34.3	43.7	43.7	46.9	46.9	44.1	42.1	43.2	40.1	44.8	43.8	45.7	44.4	43.4	42.2	41.5	40.4	39.4	41.5	35.5	33.9	32.7	29.4	24.5	20.7	20.7	21.6	22.2	20.8
2018/01/12 14:28:33	50.2	23.5	23.5	38.5	38.5	45.3	45.3	47.1	47.1	46.3	43.3	42.2	39.7	44.1	44.8	43.5	43.8	43.8	41.6	39.3	41.3	38.3	35.4	34.3	31.7	30.7	28.8	25.4	21.7	21.3	21.3	22.1	20.7
2018/01/12 14:28:34	51.5	24.3	24.3	43.0	43.0	51.6	51.6	52.4	52.4	47.7	43.4	44.6	42.0	45.3	42.0	43.3	45.8	43.4	43.5	42.1	39.6	39.5	40.1	38.0	36.5	34.3	31.3	23.9	20.3	20.8	20.9	21.9	20.7
2018/01/12 14:28:35	50.4	22.9	22.9	39.2	39.2	47.7	47.7	49.4	49.4	48.9	51.1	48.6	40.9	43.6	42.2	41.5	44.6	42.6	39.4	41.0	39.2	39.3	39.2	35.7	36.0	33.2	29.9	25.5	21.2	21.9	21.2	22.2	21.1
2018/01/12 14:28:36	50.5	26.4	26.4	38.9	38.9	46.7	46.7	47.4	47.4	42.6	43.7	43.9	43.8	44.4	41.9	39.6	44.4	42.0	42.9	39.9	39.7	40.2	39.0	37.3	34.8	32.6	29.4	25.5	22.1	20.9	21.8	22.3	21.2
2018/01/12 14:28:37	50.8	24.3	24.3	41.4	41.4	49.5	49.5	47.9	47.9	44.1	43.1	44.5	42.1	45.1	41.8	39.7	44.5	42.9	42.9	40.7	40.6	40.5	39.4	36.4	35.3	31.5	28.3	24.7	21.3	20.6	21.1	21.9	21.0
2018/01/12 14:28:38	51.9	26.0	26.0	42.8	42.8	52.8	52.8	51.9	51.9	47.3	45.2	46.2	43.8	46.5	41.7	40.5	43.3	42.9	45.7	41.7	40.6	42.3	40.1	38.2	36.1	33.2	31.4	26.5	22.3	21.3	21.7	22.5	21.2
2018/01/12 14:28:39	55.7	24.2	24.2	36.7	36.7	46.8	46.8	50.2	50.2	49.3	49.2	48.3	45.8	49.9	50.6	45.7	47.2	48.1	50.1	43.4	44.5	46.1	41.1	40.4	37.7	37.7	36.1	31.5	24.2	23.0	22.4	23.1	21.8
2018/01/12 14:28:40	58.7	25.3	25.3	39.8	39.8	48.0	48.0	49.3	49.3	49.4	49.0	47.1	46.2	49.4	49.4	47.9	54.0	53.6	48.8	49.4	49.3	46.9	45.8	42.9	40.2	39.8	36.5	29.7	24.3	22.1	21.6	22.6	21.1
2018/01/12 14:28:41	59.6	25.4	25.4	43.4	43.4	50.7	50.7	50.9	50.9	52.5	51.6	50.4	48.9	51.2	56.2	50.8	52.6	52.1	49.1	49.6	50.3	48.5	47.1	45.8	42.2	40.9	39.8	31.2	25.7	22.8	22.7	23.2	21.7
2018/01/12 14:28:42	59.5	25.3	25.3	38.4	38.4	46.6	46.6	50.0	50.0	53.4	53.3	51.2	45.8	50.2	51.0	48.5	52.6	51.8	49.7	52.3	51.3	48.2	46.6	44.2	42.1	39.7	37.6	30.1	24.7	22.4	21.9	22.2	21.4
2018/01/12 14:28:43	63.2	26.6	26.6	35.6	35.6	45.8	45.8	50.8	50.8	52.2	54.4	55.8	49.5	53.1	52.9	51.4	51.7	53.7	53.6	54.3	54.0	53.2	52.1	54.7	45.3	42.7	40.4	34.1	27.2	24.5	22.5	22.7	21.6
2018/01/12 14:28:44	67.7	26.4	26.4	38.5	38.5	48.3	48.3	51.6	51.6	53.7	56.1	58.3	55.3	57.9	55.4	52.3	56.1	57.2	57.5	60.1	60.5	58.7	56.8	55.0	50.4	48.1	46.9	39.3	31.7	27.3	24.0	23.7	22.7
2018/01/12 14:28:45	75.6	31.0	31.0	49.0	49.0	58.4	58.4	60.0	60.0	62.4	62.0	64.1	59.4	63.5	62.3	61.0	64.2	66.1	66.4	69.1	68.3	65.9	64.0	61.1	57.5	56.6	55.4	50.3	43.1	39.0	35.0	35.1	33.9
2018/01/12 14:28:46	70.7	27.4	27.4	43.1	43.1	52.6	52.6	55.0	55.0	56.8	60.3	60.7	56.9	63.3	61.9	58.4	60.1	58.6	61.6	62.2	64.2	62.2	58.6	55.8	51.8	49.7	48.6	42.8	36.9	32.6	27.8	25.5	24.3
2018/01/12 14:28:47	63.9	26.2	26.2	38.9	38.9	46.7	46.7	48.8	48.8	49.8	52.6	54.3	52.1	57.1	56.5	53.5	55.2	55.4	53.8	54.0	55.9	54.4	52.8	50.6	47.6	44.2	42.1	33.4	27.3	23.8	23.5	22.9	20.9
2018/01/12 14:28:48	61.1	24.9	24.9	38.7	38.7	48.7	48.7	51.8	51.8	50.9	50.7	52.8	49.1	54.9	55.6	52.0	53.8	51.9	52.0	52.4	53.1	51.3	48.7	45.2	41.3	38.0	35.4	28.6	23.2	20.9	21.0	21.6	20.5
2018/01/12 14:28:49	57.7	23.4	23.4	34.3	34.3	42.0	42.0	44.8	44.8	47.7	49.4	49.8	43.3	51.0	51.5	49.7	49.7	47.6	50.1	50.0	49.7	47.6	43.8	39.4	35.8	34.0	31.8	25.0	20.9	20.4	20.8	21.9	20.9
2018/01/12 14:28:50	56.8	24.7	24.7	37.8	37.8	45.5	45.5	46.4	46.4	43.6	47.8	50.5	44.6	49.2	50.4	46.9	50.3	48.6	47.1	47.8	49.2	47.8	43.1	40.1	35.5	34.8	31.7	25.0	20.5	20.2	20.9	21.7	20.8
2018/01/12 14:28:51	55.4	23.3	23.3	33.6	33.6	43.3	43.3	46.2	46.2	44.8	44.9	46.4	39.5	48.1	47.3	47.0	49.2	46.8	44.9	44.8	45.7	46.9	43.3	43.2	38.4	35.9	32.2	25.2	20.9	20.4	20.8	21.9	20.9
2018/01/12 14:28:52	56.9	23.3	23.3	34.4	34.4	42.9	42.9	46.0	46.0	44.1	41.8	43.5	41.2	45.9	47.3	44.6	47.7	52.3	45.5	46.4	46.9	47.3	45.5	44.7	41.3	38.5	36.0	26.1	20.4	20.2	21.0	21.8	20.8
2018/01/12 14:28:53	53.3	25.4	25.4	35.2	35.2	46.1	46.1	48.8	48.8	46.3	46.4	46.4	39.6	42.5	42.2	42.3	43.4	44.2	44.6	42.4	43.6	45.5	43.5	40.2	37.4	34.1	31.5	25.0	21.6	20.8	21.2	21.8	20.9
2018/01/12 14:28:54	57.8	24.0	24.0	37.7	37.7	47.9	47.9	46.8	46.8	44.1	46.7	45.7	41.0	47.0	44.0	45.0	51.1	50.5	50.6	47.2	46.8	49.3	46.3	45.5	41.1	38.2	34.3	27.9	22.1	20.5	20.9	21.9	21.0
2018/01/12 14:28:55	56.0	23.3	23.3	36.5	36.5	45.1	45.1	45.7	45.7	47.2	45.8	42.5	38.2	44.0	43.4	49.3	52.3	51.4	46.1	43.0	44.6	46.3	40.8	41.3	39.3	35.3	31.3	24.4	20.7	20.2	20.9	21.6	20.7
2018/01/12 14:28:56	53.7	26.6	26.6	38.1	38.1	45.2	45.2	45.2	45.2	43.2	41.5	41.2	37.7	42.3	41.9	41.5	45.3	45.1	40.8	44.3	48.4	44.3	41.6	37.9	34.5	32.9	30.2	24.3	20.7	20.3	21.1	22.0	21.2
2018/01/12 14:28:57	53.7	22.9	22.9	31.2	31.2	41.0	41.0	42.9	42.9	41.3	43.0	41.3	37.5	41.7	43.2	43.5	47.9	51.0	44.8	42.2	43.1	41.1	39.7	35.3	32.5	31.2	27.6	23.2	20.2	20.0	20.9	21.8	20.8
2018/01/12 14:28:58	51.1	22.9	22.9	35.6	35.6	43.9	43.9	44.9	44.9	41.6	40.7	43.8	38.9	41.9	43.8	42.8	44.3	43.3	41.5	41.1	42.7	39.6	39.8	38.6	32.9	33.0	31.5	26.2	21.5	21.4	21.2	22.5	21.0
2018/01/12 14:28:59	57.7	24.1	24.1	39.9	39.9	45.3	45.3	45.9	45.9	45.5	44.8	43.3	40.8	49.3	50.4	49.0	49.9	52.2	50.5	47.9	46.7	47.0	45.1	43.4	39.5	37.1	33.5	26.3	22.5	21.2	21.0	22.1	21.0
2018/01/12 14:29:00	61.6	24.4	24.4	37.7	37.7	43.7	43.7	45.8	45.8	45.1	43.5	44.4	39.1	45.0	46.8	46.0	48.0	51.8	56.0	52.9	52.1	51.7	52.2	46.8	46.2	42.7	40.9	26.8	23.7	22.1	21.6	22.1	20.9
2018/01/12 14:29:01	50.8	23.9	23.9	36.9	36.9	43.8	43.8	44.1	44.1	41.6	40.6	41.9	37.5	41.3	41.8	43.2	42.6	42.6	44.7	38.8	39.9	39.2	40.0	37.1	36.5	36.0	33.0	26.2	22.6	21.0	21.2	22.1	20.9
2018/01/12 14:29:02	56.1	23.0	23.0	36.6	36.6	44.6	44.6	44.9	44.9	44.1	41.3	41.8	37.5	40.8	43.5	39.6	41.4	52.5	40.1	52.7	43.1	37.8	41.6	41.2	35.2	34.0	31.1	24.5	20.3	20.1	20.9	22.0	20.8
2018/01/12 14:29:03	54.0	24.0	24.0	39.1	39.1	47.5	47.5	46.3	46.3	43.3	41.2	40.9	35.2	41.1	44.3	40.5	42.9	41.9	48.8	44.1	43.3	42.4	45.2	40.5	37.4	39.1	33.8	26.5	20.6	20.5	21.0	21.8	20.9
2018/01/12 14:29:04	53.8	24.5	24.5	38.3	38.3	48.7	48.7	47.9	47.9	45.4	44.7	42.1	37.0	44.1	40.1	39.0	43.1	42.0	45.1	44.9	43.6	41.2	46.9	38.8	38.7	40.7	37.6	34.8	28.6	24.9	23.9	23.8	24.2
2018/01/12 14:29:05	54.7	23.7	23.7	37.4	37.4	46.9	46.9	47.0	47.0	47.2	45.1	40.9	36.5	41.7	45.4	41.7	45.8	46.7	42.9	44.2	43.0	44.3	42.4	45.4	43.9	41.9	38.9	29.5	24.5	21.9	21.5	22.1	21.0
2018/01/12 14:29:06	52.6	22.5	22.5	35.0	35.0	44.6	44.6	47.3	47.3	44.4	40.8	41.6	39.5	45.2	41.3	41.4	43.8	45.6	44.9	42.8	41.2	42.7	42.4	39.9	37.3	35.4	32.0	26.2	20.3	20.1	20.9	21.9	20.6
2018/01/12 14:29:07	55.6	23.1	23.1	39.4	39.4	47.8	47.8	48.8	48.8	47.2	43.1	42.1	37.4	42.0	40.3	39.2	43.8	42.5	41.6	43.4	44.1	42.8	45.0	47.4	46.7	45.0	42.6	32.8	24.5	20.7	20.8	21.6	20.7
2018/01/12 14:29:08	51.2	23.7	23.7	39.3	39.3	46.3	46.3	45.9	45.9	47.2	44.3	43.4	38.3	43.0	43.2	40.4	42.5	41.1	40.4	42.7	40.6	38.7	38.3	43.1	37.8	34.2	32.2	25.4	20.8	20.3	20.8	21.9	20.8
2018/01/12 14:29:09	55.0	27.9	27.9	45.0	45.0	49.3	49.3	45.6	45.6	44.0	42.1	42.8	36.9	45.7	49.5	47.2	45.2	48.1	43.1	42.8	41.3	42.0	46.4	46.3	41.4	37.7	34.1	30.3	22.5	21.9	21.0	21.7	20.9
2018/01/12 14:29:10	51.5	25.1	25.1	42.0	42.0	46.9	46.9	45.7	45.7	44.0	42.3	44.6	37.9	42.6	43.5	40.7	42.7	44.7	42.9	42.7	41.9	41.8	40.6	36.2	33.3	31.5	29.0	27.2	23.6	20.9	21.0	21.8	20.8
2018/01/12 14:29:11	55.0	24.3	24.3	45.1	45.1	50.4	50.4	47.3	47.3	43.2	41.1	44.3	39.8	45.6	44.2	42.9	48.7	44.7	44.0	49.2	45.3	45.9	41.8	37.8	36.0	38.7	37.6	29.5	22.3	21.2	21.5	22.2	21.1
2018/01/12 14:29:12	54.8	23.0	23.0	42.9	42.9	50.4	50.4	49.6	49.6	46.8	45.0	45.5	42.6	49.0	46.1	43.8	47.3	48.2	46.3	44.5	44.2	43.4	45.8	41.2	36.2	34.4	33.3	27.4	23.0	21.5	21.5	22.3	21.2
2018/01/12 14:29:13	56.1	26.0	26.0	49.4	49.4	56.8	56.8	53.6	53.6	49.8	46.6	47.6	44.1	49.5	47.9	46.1	48.4	46.6	48.2	49.0	46.1	45.1	45.3	40.5	39.3	36.4	32.4	27.4	21.7	20.8	21.0	21.7	20.5
2018/01/12 14:29:14	57.0	26.6	26.6	47.8	47.8	54.7	54.7	53.7	53.7	52.9	50.4	49.1	45.4	49.5	47.2	46.5	48.0	48.1	49.0	49.4	47.1	45.8	45.9	43.5	41.5	40.6	35.1	29.8	23.6	22.1	21.6	22.1	21.0
2018/01/12 14:29:15	59.8	33.9	33.9	55.1	55.1	63.3	63.3	60.2	60.2	53.7	52.7	52.7	46.5	53.7	50.5	47.0	48.7	52.8	50.8	50.3	49.7	49.7	49.4	47.3	44.0	42.3	40.2	33.8	26.2	23.7	21.9	22.1	21.1
2018/01/12 14:29:16	64.6	35.2	35.2	56.5	56.5	64.6	64.6	61.1	61.1	53.4	51.7	53.2	49.1	53.6	51.3	49.8	52.1	53.6	56.6	55.4	57.0	57.3	52.6	49.9	48.0	48.1	44.1	38.9	30.7	26.6	23.4	23.8	22.3
2018/01/12 14:29:17	68.8	42.0	42.0	66.5	66.5	74.4	74.4	70.5	70.5	62.9	60.3	58.1	55.6	60.5	58.1	55.7	57.3	60.0	60.5	60.6	59.6	58.9	58.1	54.7	51.3	54.0	51.6	48.0	40.8	36.3	33.6	32.1	30.1
2018/01/12 14:29:18	67.7	37.8	37.8	62.1	62.1	69.6	69.6	66.6	66.6	64.7	60.8	59.9	53.3	60.6	57.4	55.3	58.6	56.8	62.2	60.6	58.2	55.6	54.1	51.4	50.3	50.9	48.3	44.4	38.8	33.1	28.0	26.5	25.7
2018/01/12 14:29:19	60.2	29.6	29.6	54.7	54.7	61.9	61.9	58.4	58.4	54.9	53.7	53.4	49.8	53.5	55.2	51.3	52.3	51.7	51.2	51.1	50.3	48.3	47.7	47.1	46.2	43.4	42.3	36.0	26.8	22.9	22.2	22.1	21.2
2018/01/12 14:29:20	58.3	29.7	29.7	49.7	49.7	56.4	56.4	53.7	53.7	50.8	49.3	50.7	47.4	51.4	49.2	48.4	49.8	47.2	46.9	51.3	48.5	47.8	47.1	46.3	41.1	43.0	40.7	37.6	31.8	29.2	24.3	23.7	23.0
2018/01/12 14:29:21	58.0	24.5	24.5	40.1	40.1	48.9	48.9	50.8	50.8	48.6	45.4	47.5	44.1	49.1	49.6	48.1	48.5	49.1	49.2	47.4	49.8	48.0	46.2	45.4	42.6	43.9	40.4	35.1	32.0	27.0	23.7	23.1	22.3
2018/01/12 14:29:22	57.7	26.6	26.6	39.8	39.8	47.0	47.0	48.7	48.7	50.2	46.0	47.2	44.8	49.3	50.0	48.5	53.3	49.5	48.4	46.9	47.5	46.1	45.7	43.2	42.8	42.0	41.2	35.3	33.5	28.8	26.1	25.0	24.0
2018/01/12 14:29:23	57.0	23.2	23.2	37.6	37.6	46.7	46.7	48.4	48.4	49.0	45.2	45.6	43.6	51.6	47.5	46.7	50.3	47.9	51.8	47.7	46.0	46.0	43.8	42.5	38.5	37.7	36.1	33.0	28.3	27.5	23.4	23.8	23.4
2018/01/12 14:29:24	55.1	23.5	23.5	41.4	41.4	49.2	49.2	48.8	48.8	48.6	46.9	47.6	45.3	47.4	46.1	43.0	45.9	45.6	46.0	48.5	45.8	44.7	42.9	41.3	37.6	39.1	35.7	31.9	26.5	24.7	22.8	23.1	22.6
2018/01/12 14:29:25	56.8	24.2	24.2	40.7	40.7	48.8	48.8	50.1	50.1	49.1	46.0	47.7	43.9	51.2	47.7	46.6	51.8	47.3	50.6	49.0	45.0	45.3	43.6	40.0	38.8	38.6	36.8	31.2	26.3	23.4	22.2	22.3	21.2
