DataTime                     	dB(A)	16	20	25	31.5	40	50	63	80	100	125	160	200	250	315	400	500	630	800	1000	1250	1600	2000	2500	3150	4000	5000	6300	8000	10000	12500	16000	20000
2018/01/12 15:09:56	43.3	23.0	23.0	39.2	39.2	46.0	46.0	45.4	45.4	43.8	42.6	42.6	37.0	38.0	33.8	33.4	32.6	34.3	33.7	34.4	33.5	33.8	30.7	27.6	25.4	25.8	26.9	26.0	21.8	21.4	21.6	22.9	22.1
2018/01/12 15:09:57	44.5	23.2	23.2	35.8	35.8	43.8	43.8	45.5	45.5	44.6	41.8	41.7	34.8	37.3	32.7	35.3	37.7	34.5	35.4	33.9	34.2	34.1	32.8	30.1	29.3	29.9	29.1	26.1	23.1	22.2	21.9	23.2	22.1
2018/01/12 15:09:58	47.1	23.6	23.6	39.3	39.3	46.5	46.5	46.9	46.9	46.1	43.4	44.1	38.4	39.3	34.9	39.8	41.8	38.3	36.6	37.6	36.9	36.4	33.4	31.3	29.7	31.9	32.7	28.0	27.0	23.2	23.9	23.2	22.1
2018/01/12 15:09:59	46.5	22.1	22.1	38.9	38.9	47.4	47.4	48.0	48.0	46.7	42.8	44.7	38.5	37.5	36.2	38.7	41.0	37.1	35.3	37.1	35.8	35.4	33.4	32.3	31.7	31.4	31.1	27.5	24.0	22.3	22.2	23.3	22.2
2018/01/12 15:10:00	48.9	23.2	23.2	40.1	40.1	47.2	47.2	48.5	48.5	47.4	46.0	46.5	40.5	42.5	36.9	36.3	40.9	39.0	39.4	38.7	37.3	36.8	36.5	35.8	35.4	36.5	36.8	33.2	29.6	24.2	23.5	26.5	23.8
2018/01/12 15:10:01	49.1	24.3	24.3	35.4	35.4	45.3	45.3	47.9	47.9	48.5	43.6	42.5	40.3	40.9	37.2	47.1	45.3	39.3	38.6	37.8	38.0	35.9	34.9	32.5	32.8	32.0	31.3	28.1	24.6	22.7	22.4	23.1	22.1
2018/01/12 15:10:02	46.8	23.3	23.3	36.9	36.9	44.7	44.7	46.9	46.9	47.9	44.5	42.3	38.0	39.8	37.2	39.4	40.7	38.6	35.7	37.2	37.7	36.4	34.0	32.0	29.8	29.0	28.5	25.8	22.2	21.2	21.7	22.8	21.6
2018/01/12 15:10:03	47.0	23.2	23.2	39.0	39.0	47.0	47.0	49.4	49.4	50.7	48.0	44.6	36.0	40.4	39.7	38.6	41.1	38.2	37.3	36.3	37.4	35.6	34.1	31.4	30.0	29.7	27.3	23.8	21.9	21.0	21.4	22.0	20.9
2018/01/12 15:10:04	47.4	23.2	23.2	42.2	42.2	48.4	48.4	46.3	46.3	46.7	44.6	44.6	37.3	41.1	37.7	37.9	40.6	39.0	39.1	39.1	37.9	37.2	33.5	30.3	29.8	27.9	25.0	22.2	20.0	20.6	21.3	22.2	20.7
2018/01/12 15:10:05	47.2	24.0	24.0	40.2	40.2	48.4	48.4	51.8	51.8	53.6	47.1	44.5	37.6	41.1	39.1	36.4	39.2	38.4	38.2	38.0	37.9	36.5	33.8	31.2	29.3	28.8	26.8	23.2	21.0	20.9	21.7	22.6	21.4
2018/01/12 15:10:06	51.5	25.0	25.0	47.0	47.0	53.1	53.1	55.9	55.9	58.5	52.6	48.3	39.7	42.9	40.2	37.7	39.3	39.4	39.2	39.1	40.0	38.8	37.4	37.9	42.1	38.5	35.8	42.1	36.7	27.6	35.3	30.0	27.2
2018/01/12 15:10:07	50.1	26.8	26.8	50.5	50.5	55.5	55.5	54.4	54.4	59.0	51.9	50.5	41.6	42.9	39.8	38.0	40.8	39.5	41.0	41.7	40.0	39.5	37.7	34.9	32.3	30.0	28.4	24.6	20.5	20.4	21.1	22.2	20.8
2018/01/12 15:10:08	48.4	27.7	27.7	46.9	46.9	52.1	52.1	52.5	52.5	54.1	47.0	46.2	40.7	43.3	40.3	38.5	38.6	38.3	38.2	40.1	39.3	38.4	35.0	33.1	30.7	30.6	29.0	24.7	20.9	20.7	21.4	22.4	21.3
2018/01/12 15:10:09	48.2	26.0	26.0	45.1	45.1	49.7	49.7	51.2	51.2	50.6	45.2	46.0	39.1	41.5	39.4	36.9	39.2	37.9	38.3	39.5	40.8	37.5	34.9	32.8	30.5	30.2	29.9	26.0	23.9	22.4	22.3	23.0	21.7
2018/01/12 15:10:10	49.0	25.6	25.6	39.9	39.9	47.0	47.0	52.1	52.1	51.4	45.8	44.2	39.0	42.4	39.4	37.1	39.2	37.8	39.1	40.8	41.8	39.2	36.8	33.3	31.3	30.6	28.4	25.2	22.4	21.7	22.0	23.1	22.1
2018/01/12 15:10:11	49.4	27.6	27.6	43.8	43.8	49.0	49.0	50.8	50.8	49.3	47.3	45.3	38.5	43.9	40.1	37.4	39.2	39.6	39.8	41.0	41.1	39.8	38.2	35.0	31.8	31.0	28.3	24.8	21.3	21.1	21.6	22.8	21.9
2018/01/12 15:10:12	51.4	26.5	26.5	43.3	43.3	51.3	51.3	51.4	51.4	49.2	47.1	45.5	40.3	45.4	43.0	39.5	40.5	40.5	41.6	42.4	42.4	41.7	41.1	38.2	35.9	36.8	33.2	29.7	24.2	21.6	21.8	22.8	21.7
2018/01/12 15:10:13	55.3	29.2	29.2	46.2	46.2	54.8	54.8	54.8	54.8	52.1	48.3	49.1	43.1	46.8	45.7	40.1	43.6	44.3	43.1	45.6	45.8	45.9	46.0	42.4	42.1	40.7	42.0	38.1	31.1	26.1	24.1	23.4	21.9
2018/01/12 15:10:14	57.6	33.0	33.0	47.4	47.4	60.2	60.2	60.9	60.9	53.7	50.8	51.0	45.8	50.8	49.4	45.8	46.1	46.9	47.5	50.2	48.8	47.7	47.3	42.4	41.3	40.1	38.6	36.3	30.0	24.6	22.9	23.1	21.6
2018/01/12 15:10:15	60.1	34.0	34.0	44.1	44.1	64.0	64.0	67.7	67.7	60.2	51.9	52.0	49.4	51.9	50.6	45.6	49.1	51.1	49.3	51.8	49.5	50.6	49.6	47.0	46.6	45.2	42.8	40.0	36.0	30.4	27.3	25.0	23.2
2018/01/12 15:10:16	69.2	38.0	38.0	51.1	51.1	66.5	66.5	69.9	69.9	62.9	56.7	56.8	53.2	58.9	56.3	55.5	55.6	55.7	58.0	60.4	57.6	59.6	61.2	58.6	56.1	54.6	53.6	50.6	47.7	44.9	43.5	40.7	36.3
2018/01/12 15:10:17	65.7	33.9	33.9	51.9	51.9	61.5	61.5	62.5	62.5	59.0	58.2	56.0	52.0	57.1	54.0	49.9	51.8	52.8	54.5	58.6	56.6	56.3	55.9	53.9	51.7	50.5	48.4	43.4	38.9	33.4	31.4	29.4	25.6
2018/01/12 15:10:18	64.8	30.1	30.1	47.9	47.9	65.0	65.0	69.0	69.0	62.3	56.5	56.9	53.6	56.0	54.2	50.6	53.3	53.0	53.6	55.1	54.1	55.9	54.4	53.8	50.6	52.9	50.2	44.1	40.8	37.9	34.4	32.2	28.6
2018/01/12 15:10:19	71.1	28.7	28.7	45.7	45.7	62.5	62.5	68.1	68.1	63.5	57.9	60.6	56.2	62.5	58.8	54.2	56.1	55.0	56.8	61.6	60.2	62.1	62.4	61.4	57.6	59.7	57.1	52.1	50.0	46.4	43.6	40.1	41.2
2018/01/12 15:10:20	62.9	28.6	28.6	44.9	44.9	56.3	56.3	62.6	62.6	59.0	54.4	60.4	51.4	58.8	52.2	50.7	51.0	50.6	50.8	52.9	52.1	52.4	52.9	50.9	50.6	52.3	48.4	42.4	36.6	30.9	26.9	25.6	24.2
2018/01/12 15:10:21	67.2	28.5	28.5	44.3	44.3	59.7	59.7	64.5	64.5	60.5	55.0	58.5	51.7	55.5	54.0	53.6	53.4	54.1	55.3	56.9	56.3	57.6	57.1	57.5	55.8	56.4	51.7	48.5	42.8	38.0	35.4	33.1	31.5
2018/01/12 15:10:22	67.3	27.5	27.5	43.7	43.7	56.0	56.0	59.3	59.3	55.5	54.1	57.0	51.5	55.0	55.2	53.2	52.4	53.0	54.9	57.7	57.9	56.9	56.5	56.6	56.7	57.7	50.9	47.3	42.7	38.4	35.0	32.8	30.0
2018/01/12 15:10:23	55.4	25.3	25.3	42.1	42.1	51.4	51.4	53.7	53.7	52.3	49.8	48.7	43.7	45.8	43.9	45.8	44.0	44.6	44.5	46.6	47.0	45.9	43.3	41.8	42.7	42.5	39.0	34.1	25.7	22.9	22.4	22.9	22.0
2018/01/12 15:10:24	54.3	24.9	24.9	43.2	43.2	50.5	50.5	51.8	51.8	52.1	48.0	47.8	45.2	48.7	44.2	45.1	44.5	44.3	45.0	44.7	44.5	44.2	42.1	41.8	40.9	39.5	38.8	35.6	26.5	23.4	22.0	22.8	21.4
2018/01/12 15:10:25	55.6	28.6	28.6	48.0	48.0	57.0	57.0	55.2	55.2	52.2	49.4	49.2	45.6	52.5	47.0	48.6	45.9	45.8	46.9	46.7	45.5	45.7	42.7	40.6	40.0	38.4	37.1	33.8	26.0	22.0	21.5	22.6	21.6
2018/01/12 15:10:26	59.3	27.4	27.4	46.8	46.8	55.0	55.0	57.0	57.0	56.2	54.7	55.4	48.3	55.1	54.4	48.1	51.6	49.5	51.6	50.6	49.7	47.9	45.6	44.5	43.6	41.9	39.1	34.6	27.0	23.1	22.0	23.0	21.8
2018/01/12 15:10:27	66.4	27.1	27.1	43.8	43.8	54.3	54.3	61.0	61.0	60.3	55.9	57.2	53.1	60.1	59.2	51.5	54.0	54.5	56.9	58.8	57.0	56.9	55.2	54.4	51.9	50.8	48.3	43.0	36.6	31.2	28.6	27.8	26.1
2018/01/12 15:10:28	62.0	25.6	25.6	41.9	41.9	50.6	50.6	55.6	55.6	54.4	49.3	53.5	53.8	57.5	53.4	48.7	49.4	50.1	52.4	54.8	54.0	52.1	49.5	47.6	47.1	46.2	43.7	37.2	29.8	25.2	23.1	23.5	22.4
2018/01/12 15:10:29	54.1	23.8	23.8	39.1	39.1	50.3	50.3	55.0	55.0	52.1	47.8	49.3	45.6	48.9	45.5	42.7	43.9	44.8	45.5	46.3	45.0	43.8	41.4	39.0	39.1	38.5	35.1	29.1	22.8	21.0	21.2	22.1	20.9
2018/01/12 15:10:30	51.9	26.9	26.9	40.8	40.8	49.5	49.5	52.7	52.7	51.3	50.2	48.6	46.2	47.1	42.0	41.3	42.6	41.4	41.9	43.0	41.9	42.1	40.1	38.5	37.7	36.0	33.3	29.1	23.2	20.9	21.4	22.2	20.8
2018/01/12 15:10:31	54.6	25.5	25.5	41.3	41.3	51.0	51.0	52.4	52.4	49.6	48.4	48.4	47.0	46.5	46.7	47.9	49.0	43.0	42.7	43.1	42.1	45.5	41.5	41.5	41.0	43.8	36.9	33.6	25.9	22.7	21.8	23.0	22.0
2018/01/12 15:10:32	55.4	26.6	26.6	40.3	40.3	53.5	53.5	56.5	56.5	50.9	48.4	50.0	45.4	50.1	45.7	44.4	46.9	44.7	46.4	46.8	44.8	45.5	43.1	41.1	40.9	42.2	38.8	34.5	28.8	23.6	22.6	23.0	21.8
2018/01/12 15:10:33	58.0	25.8	25.8	40.6	40.6	52.3	52.3	58.2	58.2	57.0	50.0	49.6	46.5	51.9	48.2	48.6	49.7	48.9	49.6	50.4	48.7	47.1	44.0	43.1	42.9	42.5	40.4	35.0	29.1	24.0	22.7	23.1	21.4
2018/01/12 15:10:34	66.1	28.4	28.4	42.5	42.5	53.5	53.5	54.2	54.2	55.5	59.7	57.0	54.8	57.1	53.7	50.8	54.2	57.2	57.9	59.5	55.4	55.1	53.2	53.9	51.7	53.4	49.4	45.8	42.6	34.1	30.9	31.2	29.3
2018/01/12 15:10:35	65.4	28.1	28.1	43.5	43.5	56.5	56.5	59.1	59.1	57.6	60.1	59.1	54.7	56.6	52.3	53.4	53.4	55.8	56.9	58.5	56.4	54.4	52.5	51.8	50.9	52.5	48.8	42.9	38.0	32.1	28.9	28.4	26.7
2018/01/12 15:10:36	63.1	25.8	25.8	45.4	45.4	55.4	55.4	59.0	59.0	59.5	53.1	51.2	54.3	53.9	51.0	53.5	52.5	50.6	51.1	53.4	53.5	55.3	50.3	50.8	51.3	49.8	48.8	43.5	34.5	27.9	24.4	23.6	21.7
2018/01/12 15:10:37	62.8	27.6	27.6	52.1	52.1	57.8	57.8	61.3	61.3	64.1	57.5	55.9	57.3	53.4	55.2	58.0	52.0	52.0	51.8	51.7	53.2	53.9	50.1	48.8	49.3	48.4	46.7	40.4	34.3	27.9	24.4	23.3	21.7
2018/01/12 15:10:38	72.4	34.5	34.5	53.7	53.7	58.7	58.7	66.0	66.0	67.3	62.5	63.5	57.6	58.4	63.9	63.7	60.0	60.4	59.9	59.9	61.7	62.6	62.7	62.7	61.2	58.7	58.0	51.5	49.1	45.6	43.2	42.8	40.1
2018/01/12 15:10:39	68.5	29.5	29.5	46.6	46.6	51.9	51.9	54.3	54.3	55.3	58.1	63.9	54.8	56.2	58.9	64.0	56.1	55.9	54.9	55.8	58.2	58.0	55.3	56.8	57.8	57.8	55.9	48.9	43.2	40.3	37.6	36.3	34.2
2018/01/12 15:10:40	58.2	29.2	29.2	48.5	48.5	53.0	53.0	53.8	53.8	53.6	51.4	59.0	50.7	48.6	48.7	51.4	49.6	47.5	46.0	46.9	49.5	47.5	46.8	45.1	45.3	43.2	41.9	34.6	27.2	23.6	22.2	22.9	21.4
2018/01/12 15:10:41	56.0	28.5	28.5	52.2	52.2	57.8	57.8	55.7	55.7	55.4	50.0	53.7	48.9	47.4	45.3	48.2	47.2	45.0	45.3	45.7	46.6	46.2	44.6	43.3	42.5	40.8	39.6	32.2	25.1	22.4	22.6	22.6	21.3
2018/01/12 15:10:42	57.0	24.7	24.7	49.2	49.2	56.2	56.2	53.0	53.0	51.6	48.0	52.0	48.8	47.4	46.5	47.9	49.1	45.6	46.9	46.8	47.8	47.6	45.3	45.0	43.7	42.8	40.6	33.5	25.8	22.2	21.9	22.8	21.7
2018/01/12 15:10:43	56.5	27.9	27.9	49.1	49.1	55.9	55.9	54.7	54.7	53.4	49.1	52.1	49.1	48.2	46.7	44.4	48.3	44.1	44.8	47.3	47.4	47.0	44.7	45.2	43.5	42.7	39.4	32.7	25.0	21.8	21.5	22.3	21.3
2018/01/12 15:10:44	58.6	26.8	26.8	43.7	43.7	53.1	53.1	56.9	56.9	55.4	53.4	55.1	48.8	50.2	49.5	49.0	49.5	48.6	49.0	47.5	49.2	49.0	47.0	46.2	45.6	44.4	41.4	35.8	29.7	25.2	23.7	22.9	21.3
2018/01/12 15:10:45	64.9	29.1	29.1	42.8	42.8	55.5	55.5	60.0	60.0	56.0	52.1	55.1	51.3	54.1	53.4	50.6	52.8	51.1	53.9	56.3	55.8	54.2	53.3	53.5	52.4	54.0	52.1	43.1	38.9	34.8	35.3	37.0	36.0
2018/01/12 15:10:46	63.6	28.9	28.9	43.1	43.1	57.1	57.1	60.5	60.5	53.4	50.4	55.6	50.9	52.2	51.3	49.7	51.0	49.7	49.2	53.0	55.4	54.8	53.0	52.4	51.3	52.9	48.5	40.7	35.3	30.9	30.4	33.0	31.0
2018/01/12 15:10:47	55.3	26.9	26.9	41.5	41.5	53.9	53.9	56.3	56.3	51.3	46.2	53.9	45.0	46.6	45.1	43.9	44.9	43.2	42.9	44.7	46.2	46.9	44.2	42.3	42.6	43.0	37.8	30.7	25.3	22.3	22.1	23.5	22.0
2018/01/12 15:10:48	53.7	25.8	25.8	39.2	39.2	52.4	52.4	55.8	55.8	50.8	46.9	52.7	44.2	44.8	47.4	47.5	44.6	42.8	41.4	42.6	44.1	44.2	42.2	41.0	39.4	39.3	34.9	29.5	27.0	23.2	22.0	22.7	21.7
2018/01/12 15:10:49	52.1	24.9	24.9	39.5	39.5	50.9	50.9	52.5	52.5	49.2	47.4	49.8	43.8	44.7	45.3	44.0	43.1	41.1	39.2	41.0	42.4	43.3	41.4	38.9	37.2	37.4	34.4	28.7	24.0	22.0	22.0	22.7	21.5
2018/01/12 15:10:50	50.3	27.4	27.4	43.2	43.2	52.4	52.4	52.9	52.9	48.7	44.1	45.9	42.3	42.0	41.2	40.7	45.5	39.4	38.6	39.7	41.6	40.3	38.1	36.7	36.0	34.6	32.0	27.6	22.6	21.4	21.8	22.8	21.6
2018/01/12 15:10:51	49.0	27.3	27.3	44.2	44.2	52.4	52.4	53.9	53.9	52.8	46.8	47.6	45.4	42.5	40.6	39.0	39.4	39.8	37.9	38.7	39.3	39.0	35.8	35.7	34.3	34.7	29.8	25.5	24.0	22.0	21.5	22.5	21.6
2018/01/12 15:10:52	48.0	26.2	26.2	47.1	47.1	54.6	54.6	53.2	53.2	50.2	44.9	45.6	44.0	43.2	39.5	38.2	41.4	38.9	38.3	38.1	38.4	37.3	34.1	33.2	31.6	31.8	29.2	24.7	21.5	21.0	21.5	22.8	21.5
2018/01/12 15:10:53	46.7	25.4	25.4	44.7	44.7	52.0	52.0	49.9	49.9	46.2	41.9	45.7	44.2	43.2	39.1	38.7	39.3	37.0	37.1	37.3	37.8	35.0	32.3	30.5	28.6	28.4	26.9	23.2	20.8	20.9	21.3	22.4	21.4
2018/01/12 15:10:54	47.6	24.8	24.8	45.4	45.4	53.3	53.3	50.4	50.4	45.8	41.9	46.2	45.9	42.8	39.5	39.6	38.7	38.8	37.3	37.2	37.4	35.9	34.1	33.7	31.8	32.9	31.4	28.1	23.9	23.1	22.1	22.9	21.8
2018/01/12 15:10:55	47.1	24.8	24.8	43.1	43.1	51.0	51.0	49.9	49.9	44.5	42.9	45.9	42.9	43.4	40.6	37.1	40.5	38.1	36.3	36.8	36.4	35.7	33.3	32.8	31.3	32.6	30.5	27.5	26.0	21.9	21.8	22.8	21.3
2018/01/12 15:10:56	46.4	26.4	26.4	41.6	41.6	48.6	48.6	49.2	49.2	46.9	42.9	44.9	41.6	41.3	40.8	38.0	37.6	38.6	35.9	36.7	35.8	35.0	32.6	31.7	29.4	31.0	29.8	25.7	22.1	21.4	21.7	23.1	21.8
2018/01/12 15:10:57	49.4	24.7	24.7	39.4	39.4	47.3	47.3	48.0	48.0	46.7	42.5	44.2	42.2	43.5	39.1	39.5	39.1	40.2	37.3	35.7	36.3	37.7	42.8	35.6	35.2	35.4	32.3	31.9	31.6	30.2	23.3	23.5	22.1
2018/01/12 15:10:58	49.4	25.9	25.9	40.7	40.7	47.7	47.7	47.2	47.2	45.3	41.6	42.9	39.6	43.8	38.3	42.5	46.3	43.3	36.7	37.1	37.5	36.5	37.6	33.9	33.6	33.1	31.6	28.4	25.3	23.0	22.4	23.1	21.9
2018/01/12 15:10:59	65.1	26.1	26.1	41.3	41.3	49.2	49.2	49.9	49.9	47.3	43.4	44.5	42.1	46.3	61.3	65.0	62.1	59.8	52.8	51.4	49.8	44.0	40.6	41.6	40.5	39.1	39.8	34.6	29.9	25.8	24.3	24.4	23.1
2018/01/12 15:11:00	61.7	23.4	23.4	39.3	39.3	46.1	46.1	46.2	46.2	46.2	44.3	43.3	47.6	59.8	57.4	55.7	57.9	56.7	50.9	46.4	48.3	51.4	44.8	43.8	42.9	38.8	38.6	33.7	29.7	27.1	26.3	26.5	26.5
2018/01/12 15:11:01	59.5	22.5	22.5	38.2	38.2	45.9	45.9	47.1	47.1	48.3	45.5	44.9	42.4	56.6	58.2	42.3	48.0	54.6	49.5	45.4	42.2	44.3	45.3	41.8	45.5	50.1	44.0	42.3	35.3	30.0	26.8	26.7	24.8
2018/01/12 15:11:02	51.6	33.8	33.8	51.5	51.5	60.5	60.5	61.3	61.3	58.1	55.1	55.7	45.8	44.7	38.5	41.0	45.8	43.3	37.4	37.2	39.9	37.1	37.7	35.8	36.7	37.9	36.3	32.0	27.0	25.4	24.1	24.3	23.1
2018/01/12 15:11:03	48.5	28.4	28.4	42.8	42.8	50.6	50.6	49.4	49.4	47.8	44.4	44.5	39.4	41.3	38.3	43.3	46.9	39.6	35.9	36.8	36.0	34.5	33.6	30.9	31.2	34.7	33.4	29.5	26.6	24.6	23.0	23.3	22.2
2018/01/12 15:11:04	46.9	23.2	23.2	40.0	40.0	47.5	47.5	47.0	47.0	43.9	39.5	41.5	39.9	42.9	37.9	36.6	39.3	40.2	36.2	34.9	34.4	33.2	33.3	33.3	33.5	34.5	34.5	32.2	27.4	24.6	23.6	24.0	22.7
2018/01/12 15:11:05	46.4	24.0	24.0	37.2	37.2	45.3	45.3	47.0	47.0	45.8	41.3	43.1	39.3	41.7	39.9	37.2	38.7	38.3	36.2	35.8	33.9	33.9	32.6	32.6	32.1	33.9	33.1	30.4	25.5	24.0	23.5	23.6	22.7
2018/01/12 15:11:06	46.6	24.7	24.7	40.7	40.7	49.1	49.1	47.8	47.8	43.7	40.4	41.6	39.2	44.4	39.4	37.0	38.2	39.1	37.9	35.7	34.3	34.2	33.7	31.6	30.8	32.3	33.0	29.9	24.7	23.2	22.7	23.5	22.3
2018/01/12 15:11:07	48.0	24.5	24.5	37.5	37.5	46.1	46.1	46.6	46.6	44.4	43.3	42.8	39.6	43.6	38.7	40.2	41.0	37.9	37.3	36.4	34.4	33.1	41.0	32.4	32.2	32.0	33.6	32.2	23.7	22.0	22.2	23.1	21.8
2018/01/12 15:11:08	45.6	24.5	24.5	40.5	40.5	47.8	47.8	47.8	47.8	44.6	41.4	43.6	40.4	40.9	39.6	42.1	38.1	37.7	35.0	33.6	33.6	32.2	31.0	30.3	29.8	30.0	29.4	27.4	22.5	21.5	22.1	23.0	21.7
2018/01/12 15:11:09	47.0	25.4	25.4	38.0	38.0	46.7	46.7	48.3	48.3	43.6	40.5	43.7	40.3	41.4	38.6	42.0	42.2	39.4	36.3	35.2	35.7	34.9	32.0	33.6	31.8	31.1	30.5	25.1	22.1	21.8	21.8	22.8	21.7
2018/01/12 15:11:10	47.9	23.4	23.4	39.4	39.4	47.1	47.1	46.9	46.9	42.1	40.2	44.3	39.4	38.2	38.1	38.4	38.3	36.9	37.6	38.2	34.3	33.5	38.1	33.0	38.5	38.0	29.9	25.3	22.0	21.4	21.6	22.8	21.5
2018/01/12 15:11:11	48.7	23.8	23.8	39.7	39.7	47.4	47.4	46.2	46.2	44.5	41.7	43.3	38.5	37.9	37.0	38.6	40.5	41.3	37.1	38.0	35.2	32.5	41.3	35.6	35.5	37.8	28.1	24.2	21.8	21.3	21.6	22.4	21.6
2018/01/12 15:11:12	47.3	24.1	24.1	37.4	37.4	45.4	45.4	46.0	46.0	43.3	40.5	42.4	39.5	41.3	38.3	35.7	38.6	40.2	37.2	35.1	33.3	32.1	39.0	35.7	35.4	33.5	27.0	23.8	21.2	20.8	21.1	22.3	20.9
2018/01/12 15:11:13	48.2	23.9	23.9	38.4	38.4	45.1	45.1	44.2	44.2	40.7	39.6	40.5	37.4	39.2	39.4	41.1	41.3	40.1	37.4	36.2	33.4	32.2	39.7	38.9	34.9	33.8	29.1	25.4	23.0	21.7	21.8	22.6	21.2
2018/01/12 15:11:14	52.0	22.9	22.9	37.3	37.3	45.0	45.0	45.2	45.2	44.4	40.7	40.3	36.1	39.8	40.5	42.3	43.8	42.4	39.7	37.2	35.9	36.0	44.5	44.9	37.7	40.2	30.5	27.9	23.0	23.1	22.1	22.8	21.7
2018/01/12 15:11:15	61.8	24.7	24.7	37.7	37.7	45.7	45.7	45.1	45.1	41.6	42.0	43.5	38.9	41.2	39.3	41.1	44.2	42.8	37.3	36.5	36.1	38.2	56.4	50.8	52.0	55.6	42.3	44.4	36.3	29.2	25.2	25.7	23.9
2018/01/12 15:11:16	44.5	23.8	23.8	38.3	38.3	46.0	46.0	45.4	45.4	42.7	38.5	41.2	37.6	39.5	38.0	37.8	38.4	35.7	32.6	33.8	33.8	31.9	31.7	31.4	30.9	29.4	28.3	24.8	21.5	21.3	21.7	22.5	21.6
2018/01/12 15:11:17	46.7	23.4	23.4	44.9	44.9	50.6	50.6	47.2	47.2	44.0	40.3	42.2	38.5	40.0	40.7	40.8	41.8	37.4	34.3	34.4	33.0	32.5	35.8	33.0	36.2	31.3	27.6	27.4	21.9	21.6	21.6	22.8	21.9
2018/01/12 15:11:18	44.9	23.1	23.1	40.1	40.1	46.9	46.9	46.6	46.6	45.0	40.9	41.5	40.1	40.5	36.1	38.8	38.3	34.4	32.9	34.5	34.5	35.0	31.7	30.0	29.7	29.3	29.4	25.4	21.5	21.3	21.5	22.5	21.6
2018/01/12 15:11:19	51.7	24.4	24.4	40.8	40.8	48.5	48.5	50.8	50.8	48.3	48.4	51.3	49.0	48.2	43.1	42.3	43.1	43.2	40.0	40.4	40.5	40.7	39.9	38.0	37.9	37.4	36.6	31.4	27.3	22.4	21.6	23.0	21.6
2018/01/12 15:11:20	47.5	24.3	24.3	40.0	40.0	48.0	48.0	47.2	47.2	45.6	43.4	44.8	40.6	43.1	39.2	38.4	43.5	39.6	35.7	35.8	35.6	34.8	34.0	33.9	32.8	32.2	32.4	27.2	25.3	21.8	21.5	22.6	21.4
2018/01/12 15:11:21	57.2	29.2	29.2	47.7	47.7	54.9	54.9	56.3	56.3	51.4	49.4	54.0	48.8	50.1	49.4	48.8	49.2	49.5	45.4	48.6	46.2	46.2	45.6	43.5	43.7	42.1	39.6	33.3	25.3	22.0	21.7	22.9	21.8
2018/01/12 15:11:22	53.5	23.5	23.5	42.0	42.0	49.5	49.5	49.6	49.6	49.1	44.3	45.2	45.2	44.9	43.8	42.6	48.6	42.9	41.0	40.1	40.3	43.8	43.3	39.8	42.4	41.6	38.4	32.1	25.4	23.0	22.5	22.8	21.8
2018/01/12 15:11:23	53.7	24.8	24.8	40.3	40.3	46.5	46.5	48.5	48.5	49.0	43.3	44.6	40.4	44.7	41.4	42.5	45.1	45.0	42.6	39.6	39.0	41.1	46.1	43.5	42.6	41.2	38.2	32.8	24.2	23.2	22.3	24.1	21.7
2018/01/12 15:11:24	50.3	24.9	24.9	41.8	41.8	47.9	47.9	48.4	48.4	49.1	45.7	46.4	40.4	43.2	41.2	42.5	43.7	43.1	39.0	39.1	38.2	40.3	38.8	36.9	36.3	35.3	33.3	28.3	23.1	22.4	22.8	23.7	22.2
2018/01/12 15:11:25	57.5	28.7	28.7	44.1	44.1	51.1	51.1	52.0	52.0	51.4	48.9	49.0	40.7	44.9	41.0	40.7	43.1	40.8	40.0	41.4	41.9	41.1	51.3	48.1	49.3	47.5	40.5	39.1	28.1	23.5	22.3	23.0	21.6
2018/01/12 15:11:26	59.1	27.4	27.4	49.8	49.8	56.4	56.4	55.2	55.2	50.9	53.6	54.7	49.9	54.5	50.7	49.0	47.1	46.1	46.1	45.4	46.9	44.7	45.2	44.9	47.3	50.8	50.4	47.0	39.5	34.4	30.2	26.2	23.0
2018/01/12 15:11:27	56.5	28.3	28.3	44.6	44.6	53.1	53.1	55.4	55.4	54.4	49.2	48.9	44.4	47.3	45.4	43.7	43.9	41.8	40.8	41.6	42.1	41.3	51.6	43.1	46.3	42.8	43.7	35.5	27.0	22.2	21.5	22.5	21.3
2018/01/12 15:11:28	54.4	25.7	25.7	42.6	42.6	49.6	49.6	51.2	51.2	51.6	45.9	47.6	43.8	45.6	44.5	44.8	44.4	44.5	42.4	47.5	44.5	44.1	44.3	41.3	39.6	38.3	35.4	29.6	23.7	21.6	21.5	22.9	21.8
2018/01/12 15:11:29	52.6	23.7	23.7	39.8	39.8	48.2	48.2	52.5	52.5	51.0	43.5	46.3	41.7	46.4	44.0	44.0	42.1	42.7	41.0	44.3	43.7	42.2	42.5	39.6	36.9	37.6	33.4	28.3	27.1	24.7	23.1	23.2	21.7
2018/01/12 15:11:30	51.8	25.4	25.4	39.9	39.9	48.6	48.6	51.6	51.6	49.8	42.3	44.6	39.2	41.9	39.2	42.7	46.0	39.7	38.4	40.4	39.4	38.8	45.8	37.9	38.3	36.8	34.7	29.2	23.7	21.3	21.6	22.5	21.4
2018/01/12 15:11:31	48.1	24.8	24.8	40.8	40.8	49.2	49.2	51.6	51.6	49.6	43.7	45.8	40.0	42.9	39.8	38.1	40.3	38.2	36.3	39.0	38.9	37.1	36.9	34.9	32.1	30.3	31.1	25.8	20.8	20.5	21.4	22.4	20.9
2018/01/12 15:11:32	48.4	24.8	24.8	40.1	40.1	48.3	48.3	49.0	49.0	47.2	42.1	45.1	38.8	42.4	39.3	39.2	38.2	37.6	38.6	39.9	39.1	38.5	37.4	35.8	33.2	31.2	27.2	22.7	20.0	20.5	21.3	21.7	20.7
2018/01/12 15:11:33	45.8	23.5	23.5	36.8	36.8	44.5	44.5	48.9	48.9	47.9	42.0	42.6	38.9	41.5	37.0	36.4	38.0	35.7	35.8	37.1	35.9	34.9	34.0	32.3	29.9	28.7	27.1	24.7	21.2	21.0	21.7	22.3	20.6
2018/01/12 15:11:34	58.7	24.7	24.7	37.8	37.8	46.1	46.1	50.5	50.5	48.3	47.3	48.6	40.4	42.7	42.9	41.3	41.5	45.5	41.8	42.0	40.7	39.1	43.3	53.7	47.1	48.5	45.7	49.9	37.6	32.1	29.1	25.2	23.7
2018/01/12 15:11:35	57.8	25.1	25.1	40.0	40.0	47.2	47.2	48.5	48.5	47.4	49.6	50.6	43.5	47.3	46.9	47.1	45.3	44.1	45.4	45.3	43.8	42.0	42.5	42.6	49.2	51.0	45.5	46.8	40.1	35.8	29.3	26.6	23.8
2018/01/12 15:11:36	45.0	23.6	23.6	38.8	38.8	47.3	47.3	48.1	48.1	44.6	39.8	39.6	34.7	38.8	35.0	36.4	37.2	36.4	33.5	34.6	34.4	33.9	33.8	31.0	33.5	31.5	28.5	24.3	20.9	21.8	21.4	22.4	21.4
2018/01/12 15:11:37	42.3	23.3	23.3	35.3	35.3	43.8	43.8	45.7	45.7	43.0	39.0	40.5	35.2	35.9	33.0	34.1	35.7	33.7	32.6	31.7	32.1	30.8	30.0	27.1	25.8	26.6	25.4	22.2	21.0	21.2	21.5	22.8	21.7
2018/01/12 15:11:38	41.3	23.9	23.9	33.5	33.5	45.1	45.1	47.5	47.5	43.7	38.7	38.6	33.6	35.7	32.6	31.7	32.1	32.2	30.9	31.4	31.6	29.0	28.9	27.1	26.8	26.4	25.4	23.6	20.9	20.7	21.4	22.9	21.5
2018/01/12 15:11:39	56.5	24.3	24.3	37.9	37.9	46.9	46.9	47.3	47.3	44.2	42.9	41.5	35.0	40.1	39.3	39.4	42.0	38.9	37.4	38.1	39.6	39.0	39.7	43.7	45.8	51.4	48.6	46.3	40.0	34.6	31.0	28.9	25.0
2018/01/12 15:11:40	57.0	22.8	22.8	39.0	39.0	46.5	46.5	45.7	45.7	41.9	40.2	40.5	32.9	36.8	34.3	32.1	38.0	35.0	34.0	34.9	34.1	36.2	37.9	39.1	40.3	54.9	41.2	45.7	42.9	30.2	26.2	24.1	22.8
2018/01/12 15:11:41	42.3	22.7	22.7	34.7	34.7	43.0	43.0	43.9	43.9	42.2	38.5	39.3	36.3	38.6	33.5	36.5	35.4	32.5	31.6	31.9	31.4	30.4	28.7	27.8	26.8	28.2	28.2	24.8	21.7	21.0	21.5	22.7	21.3
2018/01/12 15:11:42	41.4	23.6	23.6	34.7	34.7	43.8	43.8	44.1	44.1	42.6	40.7	38.2	33.8	35.9	31.8	33.9	35.0	33.9	30.4	30.9	30.2	30.3	28.6	25.7	26.6	24.9	24.2	22.1	21.0	20.8	21.2	22.6	21.5
2018/01/12 15:11:43	41.9	24.9	24.9	35.6	35.6	44.8	44.8	46.0	46.0	43.4	39.8	40.1	33.7	34.6	32.8	34.0	35.8	32.5	30.4	30.7	30.5	30.3	28.7	27.8	26.5	29.3	28.3	25.7	22.4	21.3	21.8	22.3	21.5
2018/01/12 15:11:44	41.2	22.6	22.6	34.2	34.2	43.6	43.6	46.0	46.0	41.9	38.2	39.4	32.4	32.7	32.7	32.9	34.8	31.3	30.2	30.9	30.2	28.7	27.4	26.2	25.5	28.2	27.7	27.6	22.8	21.9	22.9	22.7	21.7
2018/01/12 15:11:45	43.8	24.0	24.0	34.9	34.9	43.9	43.9	45.3	45.3	41.2	38.7	41.1	35.4	36.9	37.5	37.8	39.3	36.9	33.6	31.4	31.0	30.8	29.2	28.4	27.3	28.9	28.4	26.2	22.2	21.7	22.3	22.9	21.8
2018/01/12 15:11:46	46.3	23.3	23.3	36.1	36.1	44.3	44.3	46.3	46.3	43.7	37.4	38.0	36.4	40.5	41.3	41.7	43.0	40.6	33.7	34.1	33.2	31.7	29.4	29.7	27.6	28.8	29.8	27.2	22.6	21.8	21.9	22.9	21.9
2018/01/12 15:11:47	45.4	23.5	23.5	32.9	32.9	41.8	41.8	43.6	43.6	40.0	38.4	40.6	37.5	40.8	38.1	39.4	42.2	36.7	31.9	32.8	33.8	31.5	32.3	30.6	29.5	33.0	28.2	25.1	21.9	21.3	21.8	22.6	21.5
2018/01/12 15:11:48	46.3	23.1	23.1	33.3	33.3	44.0	44.0	45.5	45.5	43.0	40.5	38.8	35.1	37.9	39.8	39.0	43.7	39.4	33.7	37.9	36.3	31.0	29.7	28.6	27.7	27.6	25.5	23.1	21.8	21.8	21.7	22.9	21.9
2018/01/12 15:11:49	41.8	23.1	23.1	35.6	35.6	45.2	45.2	45.5	45.5	42.0	39.1	39.6	33.1	37.2	36.0	35.4	34.8	32.4	30.3	31.1	30.4	28.9	28.6	28.6	27.8	27.0	25.1	23.1	21.2	21.2	21.6	22.5	21.2
2018/01/12 15:11:50	42.1	23.5	23.5	37.4	37.4	47.0	47.0	47.6	47.6	43.1	40.5	40.4	34.4	35.1	34.4	35.4	36.7	34.0	31.4	31.9	29.8	29.6	28.5	28.3	26.9	26.0	24.5	22.1	20.8	20.8	21.3	22.0	20.9
2018/01/12 15:11:51	44.3	23.5	23.5	33.9	33.9	42.1	42.1	43.4	43.4	40.1	36.5	39.1	33.5	37.9	39.2	38.0	40.3	36.7	32.3	34.5	31.3	29.3	29.6	27.3	27.0	28.2	33.1	26.3	22.6	21.9	22.5	22.4	21.0
2018/01/12 15:11:52	41.4	23.8	23.8	31.9	31.9	40.3	40.3	42.0	42.0	38.1	36.9	39.2	32.8	35.9	33.6	34.7	35.8	33.1	30.8	31.0	30.1	28.7	28.8	27.5	25.8	25.9	25.0	22.9	20.8	20.8	21.4	22.6	21.3
2018/01/12 15:11:53	42.7	24.1	24.1	34.8	34.8	40.6	40.6	41.8	41.8	40.8	37.2	38.4	32.4	37.1	35.5	35.4	38.8	34.4	30.9	33.5	31.3	28.8	28.7	28.5	27.4	27.6	26.0	22.8	20.2	20.4	21.2	22.0	20.5
2018/01/12 15:11:54	42.2	24.5	24.5	32.8	32.8	41.7	41.7	43.0	43.0	40.7	39.2	38.3	31.7	37.1	34.3	32.8	35.9	33.2	31.5	31.5	31.1	29.9	29.3	29.1	28.2	27.8	27.4	25.8	23.7	21.7	21.7	22.6	21.5
2018/01/12 15:11:55	42.5	24.6	24.6	34.4	34.4	41.1	41.1	42.4	42.4	40.0	37.9	39.1	32.0	35.4	35.1	35.0	36.9	33.8	31.8	31.5	31.4	30.1	29.4	28.7	28.5	28.2	28.3	25.4	21.3	20.8	21.8	22.6	21.5
2018/01/12 15:11:56	43.0	23.7	23.7	36.5	36.5	44.4	44.4	44.5	44.5	41.8	39.2	40.9	33.4	38.0	37.6	36.4	36.3	34.9	32.5	32.5	31.4	30.0	29.5	29.1	29.1	28.4	26.4	23.5	21.1	21.3	21.3	22.6	21.4
2018/01/12 15:11:57	43.2	23.2	23.2	34.9	34.9	43.7	43.7	44.2	44.2	41.2	39.9	38.6	34.3	36.3	35.1	33.3	35.5	34.4	32.9	31.8	33.7	30.8	30.3	29.8	30.3	30.3	29.1	26.2	22.7	22.0	22.5	23.1	22.0
2018/01/12 15:11:58	42.8	23.5	23.5	35.7	35.7	44.8	44.8	45.8	45.8	42.5	39.5	39.1	33.0	35.4	35.4	33.4	36.6	33.3	32.1	32.6	32.5	30.0	29.4	30.2	29.7	29.1	27.4	23.8	21.1	21.1	21.5	23.1	21.8
2018/01/12 15:11:59	42.5	26.3	26.3	37.5	37.5	44.6	44.6	46.6	46.6	43.7	39.4	38.4	33.6	36.0	33.4	32.7	35.1	33.2	32.2	32.3	32.2	31.2	29.8	29.0	28.8	29.1	26.6	23.6	20.8	20.5	21.1	22.5	21.3
2018/01/12 15:12:00	44.0	25.4	25.4	39.5	39.5	45.9	45.9	45.9	45.9	44.0	40.7	40.0	32.1	36.1	34.2	34.8	38.7	34.5	32.6	31.8	31.3	32.5	30.7	29.7	31.0	31.4	32.0	30.0	25.5	23.0	23.0	22.8	21.6
2018/01/12 15:12:01	43.6	23.4	23.4	38.9	38.9	46.0	46.0	44.5	44.5	43.9	42.3	41.7	35.3	37.9	34.5	34.7	38.3	34.1	31.7	31.9	32.3	31.0	30.9	30.8	30.5	31.0	27.9	24.7	21.2	21.2	21.8	22.8	21.9
2018/01/12 15:12:02	45.3	24.3	24.3	37.3	37.3	47.8	47.8	47.8	47.8	43.7	41.1	42.2	37.1	38.2	36.9	37.9	39.3	37.0	33.5	33.7	34.4	33.1	32.1	32.2	31.9	31.0	30.6	28.4	22.2	22.2	21.7	22.9	22.0
2018/01/12 15:12:03	46.6	23.0	23.0	31.7	31.7	42.7	42.7	46.2	46.2	43.8	43.5	42.7	38.7	40.5	38.4	38.5	39.1	38.5	35.4	37.0	36.3	34.9	34.7	33.7	33.0	31.8	28.2	23.9	21.0	21.0	21.7	22.8	21.7
2018/01/12 15:12:04	49.4	22.5	22.5	35.8	35.8	45.8	45.8	48.8	48.8	45.6	46.1	45.3	39.0	42.3	39.9	40.3	39.4	39.7	37.0	37.0	36.2	36.8	40.7	37.3	39.3	38.1	31.9	26.5	26.6	26.0	22.3	22.8	21.7
2018/01/12 15:12:05	48.9	23.5	23.5	35.4	35.4	44.9	44.9	46.9	46.9	44.6	41.5	43.3	39.0	43.1	38.8	45.1	44.2	37.1	37.6	37.3	38.1	36.4	34.9	37.1	35.3	34.8	31.5	29.5	26.7	22.1	21.8	22.5	21.5
2018/01/12 15:12:06	48.7	23.7	23.7	33.3	33.3	47.3	47.3	51.9	51.9	47.4	44.7	45.9	38.7	42.4	38.7	39.5	38.3	38.4	39.0	40.6	39.1	37.2	36.5	36.3	34.9	34.4	30.7	24.9	21.3	20.8	21.2	22.6	21.5
2018/01/12 15:12:07	49.9	24.8	24.8	39.8	39.8	48.6	48.6	49.4	49.4	48.6	45.3	43.9	37.8	43.0	40.8	39.0	40.0	40.0	40.1	40.5	40.8	39.5	38.6	37.6	35.8	35.9	32.3	29.3	22.1	20.7	21.4	22.2	20.9
2018/01/12 15:12:08	55.5	30.5	30.5	40.9	40.9	50.8	50.8	51.2	51.2	46.2	48.3	48.0	42.1	46.8	43.6	42.3	43.8	45.3	45.2	45.0	45.7	44.8	44.9	44.6	44.4	42.2	40.5	39.5	28.2	23.6	21.8	22.5	21.2
2018/01/12 15:12:09	59.0	27.1	27.1	45.0	45.0	53.3	53.3	56.9	56.9	51.7	49.2	52.6	47.7	53.2	46.7	47.7	50.9	50.6	49.0	49.4	49.5	48.7	46.5	46.9	45.7	43.9	42.3	39.4	30.2	24.6	22.2	23.0	22.2
2018/01/12 15:12:10	64.5	30.6	30.6	45.7	45.7	62.0	62.0	66.1	66.1	60.6	55.3	60.0	50.6	55.9	55.1	54.4	57.4	55.4	57.0	54.8	54.5	52.3	51.6	51.5	51.2	50.4	47.8	44.2	38.6	32.7	32.2	31.0	35.7
2018/01/12 15:12:11	71.3	38.3	38.3	52.5	52.5	66.3	66.3	67.1	67.1	58.0	58.3	58.8	57.6	61.0	58.3	57.0	60.0	60.4	60.5	64.7	60.6	59.9	59.4	60.7	59.4	57.5	56.1	51.7	46.7	42.1	39.9	41.9	44.3
2018/01/12 15:12:12	58.7	30.7	30.7	45.2	45.2	55.8	55.8	56.1	56.1	51.4	50.8	52.2	49.7	50.2	47.5	48.0	48.6	48.1	48.6	51.2	50.5	48.0	45.6	45.2	45.6	43.7	41.1	33.7	26.7	23.0	22.2	23.7	22.0
2018/01/12 15:12:13	53.7	27.0	27.0	43.4	43.4	53.0	53.0	54.3	54.3	51.5	46.2	45.8	44.1	44.9	42.5	41.3	43.7	43.3	45.2	46.6	45.8	43.9	40.7	38.8	37.6	36.0	33.2	28.0	22.3	21.4	21.6	22.9	21.7
2018/01/12 15:12:14	51.8	24.8	24.8	40.0	40.0	47.5	47.5	49.2	49.2	49.0	46.7	46.2	41.0	43.1	41.4	39.6	42.3	42.1	42.3	44.6	43.8	41.9	39.2	37.5	35.5	34.4	30.7	25.8	21.4	21.0	21.6	22.8	21.5
2018/01/12 15:12:15	51.8	25.6	25.6	41.3	41.3	49.4	49.4	51.2	51.2	49.5	46.5	45.7	38.1	43.3	41.5	39.3	42.0	40.5	42.1	43.5	43.7	43.1	39.7	37.7	37.6	34.9	31.2	25.8	21.7	21.1	21.5	22.9	21.7
2018/01/12 15:12:16	52.6	26.9	26.9	40.1	40.1	48.5	48.5	51.0	51.0	48.6	45.6	46.6	41.6	44.8	44.0	40.5	43.3	42.0	43.1	45.6	44.3	42.3	40.2	37.8	36.4	36.8	33.4	28.4	23.3	21.5	23.3	22.7	21.5
2018/01/12 15:12:17	52.8	27.4	27.4	41.0	41.0	50.6	50.6	52.5	52.5	49.2	45.3	45.4	41.6	45.9	43.6	39.5	42.3	41.8	42.8	46.9	45.1	42.7	40.2	37.0	34.4	33.0	30.1	25.8	21.9	21.2	22.8	23.0	22.1
2018/01/12 15:12:18	56.9	28.8	28.8	44.9	44.9	52.6	52.6	51.6	51.6	48.6	46.3	49.4	45.5	48.8	45.8	43.3	46.1	46.0	48.3	49.9	48.8	47.3	45.8	41.6	39.7	38.6	34.9	33.2	26.1	22.5	22.0	22.5	21.2
2018/01/12 15:12:19	54.5	27.7	27.7	44.9	44.9	52.3	52.3	51.8	51.8	50.2	47.7	45.6	43.2	47.9	46.6	40.9	44.5	43.9	44.6	45.9	46.2	45.6	42.9	40.5	40.4	38.8	35.1	30.8	25.1	22.1	22.0	23.2	21.8
2018/01/12 15:12:20	55.9	29.9	29.9	48.4	48.4	56.5	56.5	56.0	56.0	53.3	48.5	47.1	45.0	49.8	47.6	44.1	46.7	46.2	46.0	48.0	47.4	45.9	43.3	40.5	41.2	40.2	39.3	35.5	27.8	25.6	23.8	23.4	21.9
2018/01/12 15:12:21	61.4	34.3	34.3	51.4	51.4	62.3	62.3	62.1	62.1	56.4	57.6	56.7	53.4	56.6	55.5	48.8	51.8	51.7	50.8	53.6	52.3	50.6	48.6	47.6	47.7	45.5	42.9	38.5	32.0	31.2	27.7	25.7	22.7
2018/01/12 15:12:22	67.5	36.7	36.7	53.4	53.4	65.7	65.7	66.1	66.1	59.1	61.4	60.6	58.2	60.0	57.1	53.1	56.2	55.5	55.8	59.4	58.6	56.6	56.6	55.3	56.5	53.3	50.6	46.1	40.7	37.7	35.8	34.1	31.5
2018/01/12 15:12:23	63.8	43.5	43.5	57.0	57.0	69.9	69.9	69.9	69.9	61.3	60.9	61.2	56.9	57.9	54.6	50.8	54.2	54.0	53.7	55.7	55.1	54.1	51.7	49.0	48.0	46.9	44.9	37.8	32.2	29.8	26.4	26.1	26.4
2018/01/12 15:12:24	67.7	39.9	39.9	61.4	61.4	66.2	66.2	62.3	62.3	60.7	56.9	59.0	59.7	62.7	57.1	52.6	58.9	57.2	57.6	60.2	58.3	57.9	56.5	54.5	52.9	51.7	49.1	42.5	38.4	34.9	31.7	32.5	29.4
2018/01/12 15:12:25	61.2	34.8	34.8	48.5	48.5	53.9	53.9	54.0	54.0	53.7	57.9	55.2	55.6	55.8	52.8	49.0	50.8	51.3	50.2	52.4	52.6	51.7	49.9	48.3	46.6	45.8	42.9	36.3	29.3	25.3	23.7	24.3	22.1
2018/01/12 15:12:26	61.8	31.7	31.7	46.4	46.4	53.2	53.2	57.6	57.6	55.5	51.2	56.4	50.2	52.4	51.5	48.2	48.9	49.5	49.7	51.1	50.7	51.7	51.3	52.7	51.3	49.6	46.8	40.2	35.7	31.5	30.8	30.4	27.4
2018/01/12 15:12:27	61.9	31.0	31.0	49.7	49.7	57.5	57.5	58.3	58.3	57.8	57.3	54.5	51.5	54.0	51.3	50.0	49.6	50.6	48.8	52.4	52.7	51.2	50.0	51.5	50.8	49.9	47.0	40.6	36.3	32.4	30.9	30.5	28.4
2018/01/12 15:12:28	55.9	34.6	34.6	49.8	49.8	55.4	55.4	54.9	54.9	51.8	50.4	50.5	43.3	51.0	47.5	43.3	45.9	44.5	43.8	45.3	48.0	46.2	43.7	42.7	43.1	42.7	42.2	34.3	29.5	25.4	24.6	24.6	23.2
2018/01/12 15:12:29	50.9	29.7	29.7	49.2	49.2	54.1	54.1	51.6	51.6	49.6	47.1	45.8	40.6	44.5	43.4	39.8	42.1	39.8	40.7	42.9	41.5	41.1	39.1	37.1	36.4	35.1	32.2	26.3	21.9	21.3	21.6	22.9	21.8
2018/01/12 15:12:30	50.4	30.1	30.1	48.3	48.3	53.8	53.8	53.3	53.3	49.9	44.9	45.0	40.5	43.5	43.2	39.0	44.0	40.1	39.8	41.4	41.6	40.1	38.9	35.6	34.7	34.0	30.7	26.0	21.5	21.5	21.7	22.8	21.7
2018/01/12 15:12:31	50.3	26.7	26.7	44.1	44.1	50.9	50.9	52.9	52.9	51.7	45.3	44.7	40.1	42.9	42.8	40.9	41.5	41.9	39.5	41.4	41.1	39.8	39.5	35.1	34.6	33.5	31.9	30.7	22.9	21.8	21.7	22.7	21.5
2018/01/12 15:12:32	49.1	27.0	27.0	41.6	41.6	49.6	49.6	50.1	50.1	49.5	41.2	43.0	40.1	42.1	42.4	42.7	44.0	40.0	38.5	39.6	39.3	38.2	36.9	33.3	31.9	30.8	28.5	24.2	20.9	21.2	21.7	22.7	21.6
2018/01/12 15:12:33	47.0	26.6	26.6	42.8	42.8	51.0	51.0	53.2	53.2	50.9	42.7	41.8	36.7	39.0	39.9	36.3	37.7	36.2	37.0	37.8	38.3	36.5	37.5	31.4	29.7	29.1	25.9	22.5	20.8	21.1	21.6	22.9	21.8
2018/01/12 15:12:34	45.6	25.3	25.3	39.7	39.7	50.5	50.5	52.3	52.3	47.6	40.5	40.1	35.0	38.7	37.8	34.6	36.5	35.9	35.7	36.9	36.6	35.5	35.4	29.9	27.6	26.8	24.6	22.3	20.6	20.8	21.3	22.4	21.7
2018/01/12 15:12:35	44.9	24.1	24.1	35.4	35.4	45.0	45.0	50.0	50.0	46.6	41.0	40.2	35.2	39.1	38.7	35.1	37.8	35.5	35.0	36.1	35.7	34.4	32.6	29.9	27.2	26.0	24.0	22.3	20.1	20.9	21.5	22.7	21.4
2018/01/12 15:12:36	43.8	24.4	24.4	37.3	37.3	45.6	45.6	49.3	49.3	46.5	42.3	39.1	34.8	38.3	37.7	33.8	35.3	33.3	33.9	35.4	34.6	33.4	30.9	28.4	26.5	26.6	25.0	22.9	20.7	21.0	21.4	22.8	21.6
2018/01/12 15:12:37	44.4	25.8	25.8	34.2	34.2	44.3	44.3	47.8	47.8	44.9	42.8	40.3	34.4	38.8	34.5	35.6	35.4	34.6	35.8	35.9	34.6	34.4	31.7	30.3	28.4	28.6	25.6	22.6	20.4	20.8	21.2	22.5	21.5
2018/01/12 15:12:38	45.4	24.5	24.5	36.7	36.7	47.0	47.0	50.4	50.4	46.8	40.8	39.8	35.0	38.4	36.4	34.0	36.7	37.4	37.3	37.5	34.7	35.7	32.4	30.4	28.5	27.7	25.1	22.7	20.5	20.7	21.6	22.8	21.6
2018/01/12 15:12:39	47.8	25.4	25.4	37.7	37.7	45.9	45.9	49.7	49.7	46.9	43.2	43.2	35.2	42.1	39.4	36.4	37.2	38.6	40.5	39.5	36.4	37.2	34.6	33.9	33.9	32.0	30.4	28.0	23.5	23.1	22.9	23.0	21.9
2018/01/12 15:12:40	46.1	24.4	24.4	37.3	37.3	44.7	44.7	48.2	48.2	46.7	41.2	40.8	36.5	40.0	38.0	36.1	37.5	36.9	38.4	37.9	35.6	35.9	33.4	30.5	29.1	28.9	27.3	24.4	20.9	20.8	21.3	22.4	21.6
2018/01/12 15:12:41	45.2	24.2	24.2	40.1	40.1	47.8	47.8	50.6	50.6	48.2	42.5	41.3	36.0	38.2	38.1	35.9	36.0	37.4	36.7	35.1	34.8	34.8	33.1	30.9	29.1	28.0	26.8	24.5	22.1	21.0	21.7	22.7	21.2
2018/01/12 15:12:42	43.1	27.9	27.9	38.1	38.1	46.8	46.8	48.3	48.3	46.2	41.3	39.7	35.1	36.8	35.7	35.6	35.5	33.2	34.7	33.4	33.1	32.2	29.5	27.2	25.6	25.9	25.1	24.9	22.2	20.2	21.1	21.8	21.0
2018/01/12 15:12:43	42.8	24.7	24.7	36.0	36.0	45.7	45.7	50.8	50.8	49.3	41.4	41.0	34.8	36.9	35.2	32.7	33.2	33.4	33.3	32.1	33.3	31.6	29.2	27.8	26.2	27.1	26.4	22.9	20.7	21.1	21.5	22.5	21.4
2018/01/12 15:12:44	43.0	23.7	23.7	38.1	38.1	46.4	46.4	46.9	46.9	46.4	41.8	40.3	36.2	35.8	34.5	30.8	32.3	32.6	32.9	33.3	32.4	32.0	30.3	29.8	28.4	29.2	30.5	25.1	22.0	21.4	21.8	23.0	21.9
2018/01/12 15:12:45	44.2	24.8	24.8	37.0	37.0	47.5	47.5	49.9	49.9	45.4	41.0	41.8	36.0	39.3	37.7	32.5	33.4	33.9	34.7	34.9	33.9	32.5	30.8	30.8	30.2	29.9	30.1	25.4	22.5	21.9	21.8	22.7	21.9
2018/01/12 15:12:46	43.4	23.3	23.3	34.4	34.4	43.8	43.8	45.1	45.1	42.5	40.5	42.2	34.8	36.4	35.8	32.8	33.1	33.3	32.9	33.4	33.7	32.6	31.0	30.9	30.0	29.2	28.5	24.6	22.2	21.7	21.9	22.9	21.9
2018/01/12 15:12:47	47.1	23.8	23.8	34.7	34.7	42.4	42.4	46.8	46.8	45.4	40.8	40.8	36.8	36.7	34.1	33.8	33.8	33.7	34.8	35.4	35.1	37.4	38.2	35.9	36.3	34.8	35.0	28.5	26.0	24.0	23.8	24.5	22.9
2018/01/12 15:12:48	43.9	22.3	22.3	33.1	33.1	43.0	43.0	45.5	45.5	43.5	37.2	39.8	36.9	36.7	34.3	36.1	33.7	32.6	33.6	33.3	32.8	31.3	32.2	33.5	31.0	30.9	30.7	25.7	22.8	21.8	22.3	23.4	21.9
2018/01/12 15:12:49	44.5	22.8	22.8	37.3	37.3	44.4	44.4	44.4	44.4	43.9	40.5	40.3	37.4	42.4	36.9	38.3	34.0	38.5	33.2	36.0	32.8	32.4	30.8	29.2	27.8	28.2	26.6	23.4	21.0	20.9	21.5	23.0	21.6
2018/01/12 15:12:50	42.8	23.1	23.1	35.6	35.6	44.8	44.8	45.0	45.0	41.8	39.9	39.2	36.6	37.9	33.3	35.0	35.1	35.5	33.2	32.6	32.4	30.9	29.5	29.6	27.9	27.2	25.5	22.3	20.4	20.8	21.6	22.9	21.6
2018/01/12 15:12:51	44.1	25.1	25.1	37.6	37.6	48.2	48.2	50.1	50.1	46.4	41.8	42.5	38.8	40.8	37.8	37.8	35.2	34.6	35.2	34.4	33.2	31.6	29.8	30.1	27.6	26.8	24.8	22.4	20.4	20.8	21.6	22.4	21.4
2018/01/12 15:12:52	42.1	22.7	22.7	32.1	32.1	42.2	42.2	43.7	43.7	40.8	40.1	40.3	37.8	38.6	33.7	34.1	34.8	33.4	32.5	32.5	32.1	30.5	27.7	27.0	25.7	24.9	23.6	21.9	20.2	20.6	21.4	22.1	20.7
2018/01/12 15:12:53	42.5	24.2	24.2	37.3	37.3	44.7	44.7	46.2	46.2	43.1	39.2	42.1	36.0	37.8	34.0	34.0	34.6	32.7	32.5	33.3	33.7	31.4	28.7	27.3	25.9	25.3	23.4	21.9	20.2	20.6	21.3	22.8	21.4
2018/01/12 15:12:54	47.2	28.9	28.9	43.1	43.1	53.8	53.8	55.2	55.2	50.0	48.3	51.1	40.7	41.4	39.2	38.5	38.9	36.7	36.1	36.4	36.4	35.6	33.7	32.5	31.7	31.0	28.4	23.9	21.4	21.0	21.5	22.6	21.5
2018/01/12 15:12:55	42.8	23.8	23.8	38.7	38.7	48.0	48.0	48.0	48.0	44.2	41.5	39.6	34.8	36.5	34.6	35.5	36.0	33.0	33.3	33.8	32.7	31.5	28.9	28.2	27.3	25.9	24.7	22.1	20.9	20.7	21.7	22.7	21.8
2018/01/12 15:12:56	42.5	23.4	23.4	35.6	35.6	44.0	44.0	44.5	44.5	41.8	38.2	37.4	32.9	36.8	33.7	32.4	34.1	33.5	33.1	33.3	32.9	31.4	30.2	29.1	27.9	27.6	25.9	22.6	21.0	20.8	21.5	22.6	21.6
2018/01/12 15:12:57	43.7	24.4	24.4	37.5	37.5	45.0	45.0	46.4	46.4	43.7	37.6	39.1	35.1	37.1	33.7	33.5	36.8	34.7	32.5	34.1	34.0	33.4	31.7	29.8	29.5	27.9	27.0	23.1	21.1	21.1	21.6	23.0	21.6
2018/01/12 15:12:58	43.5	23.5	23.5	33.1	33.1	41.4	41.4	43.3	43.3	40.8	38.7	39.6	33.5	36.9	32.9	32.7	37.4	34.1	34.3	34.2	33.4	32.0	30.7	30.0	28.2	28.4	27.4	24.0	22.4	22.0	22.5	23.2	21.8
2018/01/12 15:12:59	44.1	23.5	23.5	37.5	37.5	44.6	44.6	45.3	45.3	42.7	40.2	40.8	37.0	37.9	36.2	36.9	35.3	35.9	33.4	36.1	33.4	32.7	31.5	29.0	28.6	29.0	27.1	23.7	21.5	21.4	21.7	22.9	21.7
2018/01/12 15:13:00	44.5	23.3	23.3	36.9	36.9	44.6	44.6	45.9	45.9	43.4	39.4	38.9	34.0	39.3	37.8	36.7	34.3	37.0	34.6	34.7	33.8	34.0	33.1	29.4	29.6	28.9	27.8	23.0	20.5	20.5	21.4	22.0	21.0
2018/01/12 15:13:01	45.3	24.2	24.2	35.4	35.4	44.3	44.3	48.7	48.7	47.8	43.8	43.7	35.7	37.7	37.1	36.7	35.0	35.9	36.0	36.2	36.5	34.1	32.1	30.7	30.2	29.5	27.7	24.9	21.3	20.9	21.4	22.6	21.5
2018/01/12 15:13:02	47.0	23.8	23.8	38.6	38.6	45.4	45.4	46.3	46.3	43.7	42.2	41.5	37.1	41.3	37.5	42.3	42.0	37.8	34.8	36.0	34.5	34.8	34.3	31.2	33.6	35.2	31.8	26.1	23.9	21.8	21.8	22.7	21.4
2018/01/12 15:13:03	51.8	28.7	28.7	45.3	45.3	55.8	55.8	58.2	58.2	57.3	53.0	49.9	49.0	54.1	44.9	45.8	42.7	41.9	40.5	41.0	39.1	37.9	35.5	35.2	32.1	32.3	32.5	28.4	23.0	21.0	21.3	22.2	20.8
2018/01/12 15:13:04	44.7	23.5	23.5	39.2	39.2	45.7	45.7	45.1	45.1	44.1	40.5	39.1	36.6	41.2	37.4	36.9	36.3	36.0	35.6	34.8	35.2	33.5	31.0	29.8	29.6	28.0	26.9	23.3	21.2	20.7	21.5	22.3	20.9
2018/01/12 15:13:05	45.0	22.9	22.9	40.2	40.2	46.4	46.4	45.4	45.4	43.3	39.7	39.0	38.3	42.2	34.9	38.2	37.4	37.7	35.3	35.3	34.6	33.8	31.8	30.3	28.9	27.7	25.7	22.8	21.2	21.1	21.8	22.9	21.6
2018/01/12 15:13:06	44.7	23.4	23.4	40.3	40.3	47.2	47.2	46.6	46.6	44.6	40.4	40.9	37.7	40.0	37.3	38.2	37.2	35.0	34.9	34.8	34.5	33.9	32.1	30.4	29.5	27.8	26.0	23.2	21.0	21.1	22.0	23.0	21.6
2018/01/12 15:13:07	45.1	24.0	24.0	39.9	39.9	47.0	47.0	45.0	45.0	42.7	40.1	41.7	39.5	41.8	37.2	38.2	37.8	36.2	34.3	35.4	34.7	33.9	31.4	30.3	29.1	28.1	30.4	26.1	21.7	21.4	21.7	22.7	21.5
2018/01/12 15:13:08	45.0	23.8	23.8	38.3	38.3	47.0	47.0	46.7	46.7	43.1	39.9	41.7	39.5	39.7	35.9	38.8	37.9	36.3	34.1	35.0	35.4	34.0	32.2	30.4	29.3	27.7	25.8	23.2	21.1	20.8	21.5	22.4	21.2
2018/01/12 15:13:09	56.4	23.9	23.9	39.7	39.7	48.0	48.0	47.2	47.2	43.7	40.5	42.9	43.7	44.4	38.8	40.8	44.5	43.9	46.6	50.1	44.6	42.5	41.0	42.1	42.5	44.1	48.2	43.5	36.3	33.1	26.6	26.1	23.1
2018/01/12 15:13:10	61.2	29.3	29.3	47.5	47.5	55.5	55.5	57.1	57.1	54.4	47.2	48.7	46.7	47.8	46.2	47.8	49.1	51.1	53.4	52.1	52.2	50.8	48.1	47.3	47.1	47.6	50.3	46.1	38.2	33.8	28.4	26.0	23.6
2018/01/12 15:13:11	60.7	29.4	29.4	51.0	51.0	58.7	58.7	57.9	57.9	54.5	49.7	51.7	46.8	48.3	47.3	46.0	50.7	49.7	50.6	52.1	53.4	51.4	49.7	45.9	46.1	45.4	44.8	39.6	33.3	28.3	25.7	25.0	22.6
2018/01/12 15:13:12	58.4	27.1	27.1	45.9	45.9	54.7	54.7	53.1	53.1	48.3	45.3	51.8	45.2	46.4	47.3	45.6	49.4	50.6	50.2	48.4	49.8	47.7	46.1	44.2	44.9	43.0	43.0	38.2	31.0	25.2	23.5	23.3	21.8
2018/01/12 15:13:13	58.4	26.7	26.7	42.1	42.1	50.8	50.8	50.0	50.0	48.6	45.0	50.7	44.3	46.2	48.0	45.1	50.8	50.2	49.7	47.9	50.6	47.6	45.4	44.1	44.4	43.7	43.6	39.5	31.2	25.4	23.1	23.2	21.2
2018/01/12 15:13:14	57.8	25.6	25.6	45.4	45.4	52.8	52.8	52.4	52.4	51.3	46.2	51.1	43.4	47.3	47.5	44.8	50.0	48.5	48.8	47.4	50.0	47.3	46.1	43.8	43.7	43.2	42.3	36.5	29.4	24.5	22.7	22.9	21.0
2018/01/12 15:13:15	58.4	29.6	29.6	47.2	47.2	54.5	54.5	54.1	54.1	50.7	45.6	52.5	44.6	47.7	47.5	45.8	51.1	49.4	48.9	47.8	50.4	48.4	46.2	42.9	43.6	43.7	44.5	39.9	31.8	27.9	24.0	23.3	21.7
2018/01/12 15:13:16	58.4	29.4	29.4	44.0	44.0	50.3	50.3	50.0	50.0	48.0	45.8	54.2	45.8	49.7	47.9	46.7	51.6	48.7	48.3	48.1	50.6	48.5	45.1	43.8	44.0	43.6	44.3	38.8	32.3	26.3	24.1	23.6	22.4
2018/01/12 15:13:17	58.5	28.8	28.8	42.7	42.7	49.6	49.6	51.6	51.6	51.0	48.1	54.4	49.6	50.2	47.6	47.8	53.1	48.9	48.2	48.1	48.2	48.3	47.5	44.1	43.9	44.1	43.5	38.2	32.2	26.9	24.2	23.8	22.1
2018/01/12 15:13:18	58.1	30.8	30.8	42.2	42.2	50.5	50.5	51.6	51.6	51.2	49.7	54.7	48.0	50.6	47.9	46.9	52.8	49.5	48.2	47.4	47.6	47.5	46.7	43.4	43.5	43.4	43.2	38.6	31.9	26.7	24.3	23.9	22.1
2018/01/12 15:13:19	58.3	27.5	27.5	40.5	40.5	49.5	49.5	50.3	50.3	49.1	46.5	53.0	48.0	51.5	47.3	46.0	53.0	49.4	48.2	47.3	47.2	47.7	47.4	44.3	44.2	43.7	43.9	39.3	35.0	29.4	26.3	24.7	23.0
2018/01/12 15:13:20	59.3	29.1	29.1	41.2	41.2	54.5	54.5	56.8	56.8	53.7	48.9	55.1	50.6	50.8	48.3	46.8	51.6	49.1	48.9	49.3	48.9	48.8	49.0	45.9	45.6	45.7	45.4	41.4	36.0	31.0	27.6	25.9	23.8
2018/01/12 15:13:21	58.3	28.4	28.4	46.3	46.3	53.9	53.9	53.8	53.8	51.4	47.1	52.9	47.3	50.5	49.3	47.5	51.9	49.4	48.2	48.9	47.7	47.9	46.6	44.4	43.5	43.7	43.3	38.7	33.2	28.1	25.3	24.3	23.3
2018/01/12 15:13:22	58.4	27.5	27.5	42.7	42.7	52.7	52.7	54.1	54.1	51.3	49.0	54.3	47.6	51.6	49.8	48.0	50.9	49.2	48.8	47.9	47.1	49.0	47.7	44.9	44.5	43.4	43.5	38.1	32.7	27.9	25.4	24.5	22.7
2018/01/12 15:13:23	57.7	28.0	28.0	43.8	43.8	52.3	52.3	53.1	53.1	50.5	45.4	53.8	46.8	49.9	46.3	47.2	51.6	48.0	47.4	48.6	46.5	48.2	46.6	44.0	43.6	42.4	42.7	37.3	31.4	26.9	24.2	23.7	21.8
2018/01/12 15:13:24	58.4	25.9	25.9	42.1	42.1	50.6	50.6	51.7	51.7	50.0	48.8	54.4	46.9	49.1	48.7	48.5	50.9	48.5	48.0	48.5	48.9	48.3	46.5	44.0	45.2	44.4	44.5	41.6	35.4	32.5	32.4	30.4	28.7
2018/01/12 15:13:25	57.8	25.2	25.2	41.0	41.0	49.9	49.9	52.7	52.7	51.4	45.9	53.7	44.6	51.4	47.3	46.8	51.7	46.8	47.8	46.8	47.2	47.7	45.9	43.5	43.8	44.9	45.2	41.4	33.7	28.6	25.2	23.9	22.6
2018/01/12 15:13:26	57.6	24.4	24.4	41.2	41.2	50.4	50.4	50.8	50.8	47.7	48.3	54.6	46.5	51.7	47.7	46.5	50.5	47.3	47.0	47.8	47.8	47.6	45.5	43.7	43.8	43.5	43.5	39.4	33.0	28.1	25.7	24.4	23.8
2018/01/12 15:13:27	57.7	26.1	26.1	39.9	39.9	48.8	48.8	50.6	50.6	48.7	45.8	53.4	47.4	51.6	50.0	46.4	50.5	48.8	46.5	47.6	47.9	47.7	45.4	44.4	43.4	42.9	44.2	40.0	34.3	30.1	27.2	25.6	23.7
2018/01/12 15:13:28	59.2	25.7	25.7	43.5	43.5	51.4	51.4	53.9	53.9	52.0	46.6	53.7	48.7	52.1	52.1	51.8	52.1	49.9	48.8	48.5	50.4	48.6	47.2	45.0	45.2	43.4	44.0	40.4	33.4	28.0	25.1	24.1	22.3
2018/01/12 15:13:29	62.3	33.8	33.8	50.4	50.4	63.9	63.9	64.5	64.5	55.0	49.9	55.9	52.0	55.2	51.8	53.8	54.5	52.6	51.2	51.2	54.3	51.4	50.4	49.5	48.8	47.2	47.2	43.0	36.4	31.3	28.0	26.1	23.7
2018/01/12 15:13:30	60.9	33.2	33.2	49.9	49.9	56.2	56.2	55.8	55.8	56.0	51.8	53.5	49.4	56.4	53.5	51.2	51.7	51.2	50.4	51.0	50.9	50.8	50.8	48.3	46.1	45.9	45.3	40.1	35.1	29.6	27.7	26.8	24.1
2018/01/12 15:13:31	60.3	32.8	32.8	43.6	43.6	50.5	50.5	54.9	54.9	54.9	51.0	52.4	48.6	52.8	53.6	51.4	49.8	48.0	51.4	51.3	51.4	49.1	49.2	47.6	46.8	45.2	44.1	37.9	34.4	29.0	28.7	27.9	25.6
2018/01/12 15:13:32	58.6	28.8	28.8	39.7	39.7	47.6	47.6	53.2	53.2	53.7	50.0	48.9	47.6	51.1	51.8	49.6	49.1	48.4	50.1	49.7	50.0	47.0	46.2	45.9	43.6	43.0	42.4	36.5	30.7	26.1	25.6	25.1	23.5
2018/01/12 15:13:33	55.7	26.4	26.4	38.5	38.5	47.4	47.4	53.3	53.3	51.7	48.4	46.7	43.8	50.3	46.9	45.2	46.2	44.9	48.2	47.5	46.4	43.9	42.3	42.0	40.2	41.9	41.3	35.7	28.1	23.8	22.5	23.2	21.7
2018/01/12 15:13:34	56.5	31.0	31.0	43.2	43.2	57.8	57.8	59.1	59.1	51.8	46.5	49.4	46.0	48.3	46.6	45.1	46.3	47.4	49.6	47.6	46.9	45.0	44.3	41.6	40.7	42.7	42.4	36.6	29.7	25.7	22.8	23.2	21.7
2018/01/12 15:13:35	56.8	35.3	35.3	47.8	47.8	62.2	62.2	63.0	63.0	54.2	47.2	49.4	46.7	49.2	47.1	46.8	46.9	48.0	49.2	48.7	47.3	45.3	43.5	42.6	40.6	40.8	41.0	35.4	28.8	24.2	22.6	22.6	21.6
2018/01/12 15:13:36	54.5	30.6	30.6	43.9	43.9	55.0	55.0	56.9	56.9	51.9	47.2	48.7	43.2	47.8	45.9	44.6	46.5	45.1	46.2	45.4	44.4	44.0	41.4	40.4	40.5	39.6	38.3	34.1	26.9	23.0	22.0	22.3	20.8
2018/01/12 15:13:37	54.2	25.9	25.9	45.9	45.9	52.3	52.3	52.1	52.1	49.5	43.9	47.4	43.4	48.7	46.0	42.7	47.3	43.9	45.8	45.2	45.1	43.3	41.5	40.2	38.4	39.1	38.7	33.3	26.8	22.9	22.1	23.0	21.2
2018/01/12 15:13:38	53.8	25.2	25.2	39.8	39.8	48.9	48.9	53.2	53.2	51.1	44.7	48.0	42.9	49.0	44.7	41.8	45.8	43.1	45.4	44.6	43.9	43.4	41.4	39.4	39.4	39.2	38.6	34.0	26.9	23.3	22.2	23.1	21.8
2018/01/12 15:13:39	55.3	27.7	27.7	41.8	41.8	57.6	57.6	60.4	60.4	53.3	47.3	48.9	41.5	49.6	48.0	43.5	45.7	44.4	45.7	46.9	45.3	44.4	44.5	40.6	41.3	40.7	41.0	35.9	28.6	24.6	22.7	22.8	21.5
2018/01/12 15:13:40	55.0	29.3	29.3	41.6	41.6	57.9	57.9	60.5	60.5	53.2	46.7	47.2	41.7	48.8	46.4	44.8	47.9	44.2	45.5	45.2	45.4	43.9	44.0	40.6	40.6	40.9	39.7	34.3	29.1	26.2	24.5	24.5	22.0
2018/01/12 15:13:41	57.5	27.7	27.7	51.1	51.1	58.5	58.5	60.9	60.9	63.9	57.2	53.8	48.3	49.1	48.7	47.2	49.2	45.7	45.3	48.5	45.7	45.7	47.8	43.6	44.7	43.6	41.0	35.3	27.7	24.5	23.2	23.2	22.0
2018/01/12 15:13:42	61.6	29.4	29.4	52.2	52.2	58.0	58.0	64.0	64.0	65.7	57.8	55.9	51.0	50.5	47.6	48.2	48.7	48.4	47.4	49.5	49.8	51.1	54.2	51.0	50.4	48.7	46.6	41.2	33.7	29.7	27.3	25.7	23.1
2018/01/12 15:13:43	63.0	24.6	24.6	58.8	58.8	65.0	65.0	60.0	60.0	58.0	50.2	57.6	53.0	52.5	47.8	45.5	49.2	49.0	51.0	53.0	50.3	53.7	56.2	51.8	50.1	49.3	46.3	41.4	34.6	30.7	28.1	26.1	23.3
2018/01/12 15:13:44	61.8	27.1	27.1	56.7	56.7	63.6	63.6	59.4	59.4	55.3	52.0	52.6	52.6	52.3	47.5	43.4	50.3	51.8	48.1	51.5	49.4	52.3	55.9	49.0	47.0	45.9	42.0	37.7	31.6	27.9	25.5	25.0	22.4
2018/01/12 15:13:45	57.4	27.8	27.8	56.7	56.7	63.5	63.5	59.3	59.3	54.0	50.4	56.0	47.7	48.4	41.3	42.0	48.2	43.4	45.4	48.0	45.8	48.4	50.0	44.9	42.8	41.4	39.7	35.2	28.8	25.0	22.8	23.4	22.4
2018/01/12 15:13:46	57.2	30.9	30.9	54.5	54.5	62.1	62.1	58.3	58.3	52.3	50.4	51.4	44.7	47.4	41.8	44.2	47.1	46.3	45.1	47.7	45.7	47.1	50.5	44.6	42.8	41.5	37.7	34.0	27.6	23.7	22.7	23.0	22.0
2018/01/12 15:13:47	58.5	30.5	30.5	45.8	45.8	57.7	57.7	57.9	57.9	49.5	48.6	49.1	47.0	47.5	45.1	47.1	49.4	45.3	44.1	46.9	46.2	47.7	53.1	46.5	44.6	44.2	39.2	35.4	29.0	25.7	23.5	23.4	21.7
2018/01/12 15:13:48	57.9	29.7	29.7	41.3	41.3	59.2	59.2	62.5	62.5	55.4	48.9	51.8	46.8	49.1	44.3	44.4	47.4	47.4	44.7	45.9	46.7	46.6	51.4	47.1	43.7	44.6	39.4	33.2	26.2	22.5	21.9	22.9	21.3
2018/01/12 15:13:49	54.3	32.1	32.1	45.8	45.8	59.1	59.1	64.3	64.3	60.8	48.8	49.2	43.7	43.3	42.5	42.7	42.5	44.2	41.9	43.7	43.6	43.6	46.3	42.4	38.4	39.6	36.2	29.8	23.3	21.9	21.6	22.9	21.6
2018/01/12 15:13:50	50.9	24.9	24.9	38.1	38.1	47.9	47.9	51.2	51.2	49.8	43.2	46.0	43.8	48.5	44.2	39.9	44.9	41.7	39.0	40.6	40.8	39.8	39.2	37.2	33.5	35.8	33.5	26.7	22.7	21.4	21.3	22.4	21.4
2018/01/12 15:13:51	50.2	26.0	26.0	40.2	40.2	49.0	49.0	52.0	52.0	50.6	43.9	45.5	39.5	46.2	41.6	39.4	42.0	40.0	39.0	39.1	39.4	40.0	41.0	37.2	36.9	35.6	33.2	26.2	21.5	20.8	21.0	22.3	21.1
2018/01/12 15:13:52	51.4	26.7	26.7	43.4	43.4	51.2	51.2	52.1	52.1	51.3	45.9	44.1	40.9	46.4	40.6	41.3	44.2	37.6	36.6	38.2	39.1	39.3	45.6	38.5	38.5	35.1	31.2	25.3	21.4	21.1	21.5	22.8	21.8
2018/01/12 15:13:53	47.8	25.2	25.2	46.8	46.8	53.2	53.2	52.6	52.6	52.3	44.4	42.1	40.2	41.3	36.4	35.4	38.9	35.1	36.5	38.2	38.2	37.7	38.1	34.7	33.1	32.3	31.2	26.7	22.5	21.2	21.3	22.6	21.4
2018/01/12 15:13:54	55.6	28.9	28.9	46.7	46.7	51.2	51.2	50.6	50.6	49.3	42.9	41.9	44.9	50.1	40.0	40.0	45.4	44.6	39.7	39.9	41.1	43.5	42.4	41.3	45.2	45.4	48.5	45.0	40.5	33.3	26.9	24.8	22.4
2018/01/12 15:13:55	48.5	27.8	27.8	40.2	40.2	46.7	46.7	50.8	50.8	49.5	43.3	43.4	38.6	42.3	36.7	40.3	41.1	36.1	36.0	36.8	36.6	36.2	39.1	40.5	33.4	30.9	31.6	25.4	21.4	21.2	21.5	22.7	21.3
2018/01/12 15:13:56	52.9	29.2	29.2	41.1	41.1	48.3	48.3	49.5	49.5	47.9	44.0	43.6	41.8	49.0	39.2	40.3	44.7	46.2	41.3	39.5	44.6	41.9	42.6	41.4	35.9	37.7	36.0	31.0	25.6	22.1	21.6	22.6	21.7
2018/01/12 15:13:57	54.0	27.1	27.1	37.5	37.5	46.0	46.0	47.7	47.7	49.6	45.3	43.9	41.8	49.5	48.8	40.4	45.9	47.5	42.8	41.9	44.3	44.8	41.6	42.0	37.4	38.1	34.2	28.0	23.1	21.8	21.8	22.8	21.7
2018/01/12 15:13:58	53.9	27.3	27.3	38.5	38.5	47.7	47.7	48.8	48.8	45.9	41.4	43.2	42.7	48.6	38.0	39.7	43.5	44.7	43.7	41.3	43.4	44.7	42.3	45.9	38.3	38.3	37.5	32.7	27.6	24.1	23.5	23.1	21.5
2018/01/12 15:13:59	50.3	26.2	26.2	37.2	37.2	47.9	47.9	49.9	49.9	46.9	43.9	43.3	41.3	41.9	38.8	39.7	42.3	44.1	41.5	40.1	39.7	38.9	37.9	39.3	33.0	34.6	32.0	25.6	22.3	21.5	21.7	22.9	21.5
2018/01/12 15:14:00	49.6	24.8	24.8	35.4	35.4	45.0	45.0	47.4	47.4	48.2	44.4	43.6	44.0	45.1	37.0	39.6	42.5	42.3	37.7	38.8	39.8	38.6	38.3	36.9	35.1	34.1	33.3	28.3	24.0	22.3	21.8	22.9	21.7
2018/01/12 15:14:01	51.1	24.7	24.7	36.5	36.5	47.3	47.3	48.6	48.6	47.1	43.6	43.7	44.5	46.5	36.5	40.9	44.9	42.5	39.4	39.6	44.3	40.5	38.7	38.1	34.8	34.2	32.0	28.6	24.3	22.5	21.9	22.9	21.5
2018/01/12 15:14:02	51.8	27.6	27.6	36.3	36.3	47.1	47.1	49.1	49.1	48.2	47.7	46.1	40.4	46.1	44.3	42.9	44.8	44.8	42.6	39.2	41.0	42.5	39.3	38.5	35.8	36.2	33.3	27.8	21.7	20.8	21.4	22.3	21.3
2018/01/12 15:14:03	53.5	24.6	24.6	37.3	37.3	48.4	48.4	50.6	50.6	46.9	47.2	44.8	39.6	44.7	43.9	43.1	44.2	47.6	44.1	42.6	42.5	43.1	41.2	41.4	39.7	40.0	39.0	32.8	24.2	21.6	21.6	22.7	21.4
2018/01/12 15:14:04	53.8	25.5	25.5	37.5	37.5	46.4	46.4	49.5	49.5	50.3	50.1	45.1	40.6	44.9	47.4	42.2	44.4	48.0	44.8	40.7	40.4	44.2	42.6	41.5	39.9	39.4	38.8	33.0	23.8	21.7	21.6	22.7	21.6
2018/01/12 15:14:05	49.8	24.5	24.5	42.4	42.4	49.0	49.0	49.3	49.3	47.9	45.4	44.2	39.3	42.7	42.5	39.1	40.7	40.9	40.0	39.8	38.5	39.9	38.7	38.0	35.5	34.5	33.0	26.9	22.1	21.1	21.5	22.5	21.6
2018/01/12 15:14:06	50.5	25.2	25.2	44.3	44.3	52.4	52.4	54.0	54.0	50.8	49.7	49.0	40.3	43.9	42.6	38.6	41.4	41.4	38.8	41.2	40.4	40.0	39.5	37.7	36.5	35.6	33.3	27.8	22.3	21.3	21.5	22.6	21.5
2018/01/12 15:14:07	52.6	30.0	30.0	45.4	45.4	52.0	52.0	53.0	53.0	49.9	44.9	47.5	43.1	45.9	45.3	41.8	42.9	42.2	43.4	42.8	42.3	42.7	41.2	40.4	38.5	37.9	36.2	31.1	24.9	22.5	22.0	22.9	21.6
2018/01/12 15:14:08	51.7	32.4	32.4	51.8	51.8	56.0	56.0	51.7	51.7	49.7	46.9	44.6	40.1	44.0	44.2	42.8	41.8	41.6	42.6	43.1	41.6	41.9	39.6	38.2	36.7	36.7	36.1	31.9	25.7	22.9	22.1	23.0	21.7
2018/01/12 15:14:09	51.2	33.7	33.7	46.0	46.0	51.4	51.4	52.3	52.3	49.2	45.4	44.9	38.5	43.3	41.6	40.9	41.8	40.9	41.3	41.9	40.7	41.2	39.8	38.7	37.2	37.8	37.1	33.0	27.5	25.2	23.6	23.8	22.3
2018/01/12 15:14:10	58.1	29.7	29.7	46.5	46.5	53.1	53.1	51.8	51.8	48.7	44.0	47.5	43.9	46.8	41.7	43.4	50.2	43.1	40.7	42.7	42.4	51.5	52.8	44.6	38.1	40.7	40.1	35.8	30.0	26.4	25.4	25.6	23.7
2018/01/12 15:14:11	57.2	29.0	29.0	43.7	43.7	52.0	52.0	52.9	52.9	50.3	47.0	50.5	46.6	48.6	47.4	50.3	50.6	47.7	46.8	44.3	45.9	45.7	46.7	44.9	43.8	43.1	44.3	40.2	31.6	28.2	27.9	30.7	26.0
2018/01/12 15:14:12	56.0	30.0	30.0	46.0	46.0	53.8	53.8	53.5	53.5	48.2	46.1	48.0	44.6	45.6	44.0	45.8	44.8	44.4	43.0	45.0	45.7	47.8	43.8	41.1	44.2	45.8	44.6	37.7	31.8	29.6	28.2	33.1	28.2
2018/01/12 15:14:13	56.1	26.3	26.3	47.3	47.3	55.4	55.4	54.7	54.7	49.4	46.8	47.3	44.4	47.4	45.6	45.6	47.7	43.8	42.3	44.6	44.0	42.6	44.9	47.9	43.7	44.0	45.4	37.5	34.0	32.2	29.1	32.5	30.0
2018/01/12 15:14:14	80.1	32.2	32.2	56.7	56.7	63.3	63.3	59.4	59.4	53.3	55.5	61.3	53.9	53.3	61.0	61.3	61.5	65.1	59.8	65.0	66.5	67.1	71.0	71.6	69.3	70.7	72.4	63.3	57.9	53.1	48.6	47.4	45.8
2018/01/12 15:14:15	61.5	39.9	39.9	59.8	59.8	64.8	64.8	60.1	60.1	56.9	53.9	52.2	50.4	48.8	48.2	50.2	49.8	51.5	49.7	48.4	48.4	48.6	49.2	50.4	50.7	52.0	52.2	48.1	39.7	36.4	33.5	31.9	30.7
2018/01/12 15:14:16	58.9	40.0	40.0	55.0	55.0	58.9	58.9	56.7	56.7	54.6	51.4	48.8	47.6	48.3	45.8	49.7	46.2	47.7	48.1	44.1	44.8	45.0	46.0	46.0	47.9	50.1	50.7	46.8	38.5	35.5	31.7	29.4	28.1
2018/01/12 15:14:17	59.1	37.7	37.7	52.1	52.1	58.8	58.8	59.5	59.5	57.2	52.4	49.9	45.5	47.3	46.6	47.8	44.8	46.6	50.7	43.8	45.1	46.0	45.8	45.8	47.6	49.4	50.9	47.7	40.6	37.0	33.5	30.5	28.5
2018/01/12 15:14:18	59.9	38.3	38.3	54.5	54.5	59.2	59.2	58.4	58.4	57.9	53.2	53.9	52.0	55.0	53.6	50.3	47.7	48.4	48.2	44.4	45.1	45.9	46.5	46.3	49.2	49.5	51.3	48.0	41.5	39.1	36.5	35.2	34.0
2018/01/12 15:14:19	61.7	36.9	36.9	61.1	61.1	66.5	66.5	61.3	61.3	56.0	56.0	54.4	50.2	52.5	51.8	51.1	45.7	48.5	51.4	46.8	47.6	48.3	47.4	49.3	51.3	52.6	53.2	49.7	43.0	39.7	35.9	33.0	31.8
2018/01/12 15:14:20	61.4	39.9	39.9	53.8	53.8	56.5	56.5	54.2	54.2	54.3	54.9	54.9	49.6	51.8	49.3	50.8	46.7	49.0	52.6	46.8	47.7	51.0	49.5	49.8	51.2	51.4	50.4	46.4	39.7	36.5	33.1	30.1	29.1
2018/01/12 15:14:21	57.0	41.8	41.8	52.5	52.5	59.8	59.8	63.5	63.5	62.3	59.6	55.7	50.1	51.0	46.9	46.5	46.8	46.8	46.2	43.4	44.0	44.7	44.3	44.3	45.4	45.1	44.6	41.1	34.2	29.3	26.8	25.2	26.7
2018/01/12 15:14:22	55.5	32.2	32.2	56.3	56.3	65.3	65.3	64.9	64.9	59.4	58.1	55.8	45.1	46.2	44.0	42.1	45.0	41.6	43.0	42.2	42.4	44.2	42.4	42.3	45.2	45.3	43.6	38.6	30.0	23.9	24.0	22.9	21.9
2018/01/12 15:14:23	56.3	34.9	34.9	55.8	55.8	64.3	64.3	63.8	63.8	60.1	58.3	55.5	49.1	51.9	49.7	49.8	48.7	47.4	46.3	44.7	44.3	46.0	40.7	39.9	40.1	41.2	40.1	37.0	30.7	26.9	24.8	24.9	23.4
2018/01/12 15:14:24	55.9	47.3	47.3	57.8	57.8	60.0	60.0	59.2	59.2	54.6	50.0	50.4	47.9	50.4	47.3	45.8	45.0	46.7	47.3	48.1	46.8	43.9	42.6	41.9	40.9	41.9	40.3	34.7	28.1	24.3	23.0	23.0	21.9
2018/01/12 15:14:25	56.8	42.1	42.1	52.2	52.2	60.7	60.7	59.8	59.8	53.4	52.4	51.4	51.6	51.9	50.2	45.7	46.6	46.1	46.3	49.4	47.7	45.1	43.4	43.4	41.4	42.2	40.8	37.6	29.1	24.6	22.6	22.6	21.4
2018/01/12 15:14:26	68.5	29.9	29.9	57.7	57.7	65.3	65.3	64.6	64.6	59.1	55.7	62.9	54.7	60.9	59.7	59.2	56.8	57.2	56.5	59.4	56.5	57.9	58.4	56.8	56.7	55.7	53.3	52.7	48.2	44.0	39.1	38.0	35.7
2018/01/12 15:14:27	72.2	33.5	33.5	57.8	57.8	63.1	63.1	67.3	67.3	67.0	57.0	62.3	58.3	63.5	62.5	62.5	63.4	65.1	60.7	63.3	62.2	61.1	60.9	59.7	58.5	57.4	56.3	53.9	49.3	44.8	40.2	40.8	39.4
2018/01/12 15:14:28	60.9	35.4	35.4	54.9	54.9	58.7	58.7	55.7	55.7	55.7	51.1	52.6	48.1	54.2	51.2	48.2	49.5	51.3	52.0	53.2	52.6	51.5	48.1	45.9	45.0	44.2	43.2	40.6	34.4	27.8	25.4	25.4	24.8
2018/01/12 15:14:29	54.9	35.2	35.2	51.2	51.2	57.6	57.6	55.6	55.6	50.3	48.2	50.4	46.9	50.2	47.1	42.7	45.2	44.6	44.7	46.4	46.9	45.9	42.0	38.9	38.4	36.8	35.8	31.5	23.7	21.8	21.7	22.6	21.6
2018/01/12 15:14:30	53.8	27.7	27.7	39.7	39.7	50.0	50.0	51.1	51.1	48.0	48.6	53.1	50.1	53.1	45.8	45.2	45.0	41.8	41.6	45.1	44.4	43.5	40.9	38.2	37.9	36.5	35.1	31.5	25.4	23.6	22.7	23.3	21.6
2018/01/12 15:14:31	58.9	32.4	32.4	46.2	46.2	55.0	55.0	56.6	56.6	56.1	54.4	58.1	53.6	56.6	53.9	52.0	51.3	49.5	47.8	47.8	47.1	46.3	45.4	44.2	43.5	46.6	44.1	36.8	27.2	23.7	23.5	23.7	22.8
2018/01/12 15:14:32	57.1	28.0	28.0	44.9	44.9	51.8	51.8	52.9	52.9	52.8	51.3	55.3	52.6	52.2	47.9	44.9	48.8	45.8	45.1	45.6	46.9	48.7	44.8	44.4	44.8	42.2	41.3	36.8	28.9	24.4	22.9	23.3	22.0
2018/01/12 15:14:33	63.1	30.5	30.5	48.2	48.2	56.9	56.9	59.7	59.7	58.8	53.7	63.5	62.9	57.9	59.0	55.2	56.3	52.7	51.4	51.2	51.0	50.5	48.5	46.7	49.2	51.0	48.9	42.2	33.8	28.6	26.9	27.3	25.3
2018/01/12 15:14:34	60.6	27.5	27.5	53.2	53.2	58.7	58.7	56.9	56.9	59.2	54.5	59.4	61.1	56.9	57.3	52.3	52.3	48.1	45.8	46.9	49.9	49.2	47.1	46.7	47.7	46.7	46.9	40.0	33.2	28.1	25.4	25.0	23.1
2018/01/12 15:14:35	69.9	25.7	25.7	53.7	53.7	59.7	59.7	60.4	60.4	63.8	60.0	60.3	60.5	64.3	63.0	55.8	58.3	57.7	55.1	56.4	59.9	58.4	58.6	59.7	59.5	59.4	57.1	50.4	45.9	41.5	39.9	39.9	36.4
2018/01/12 15:14:36	73.0	27.5	27.5	55.4	55.4	61.0	61.0	61.2	61.2	64.3	60.4	66.8	66.9	66.0	65.6	58.2	63.8	58.7	57.6	58.6	64.2	60.1	60.8	62.0	62.7	63.1	61.5	53.4	48.3	44.1	42.8	42.2	39.4
2018/01/12 15:14:37	62.0	25.1	25.1	48.7	48.7	54.6	54.6	55.3	55.3	58.3	55.0	60.4	60.7	55.9	54.3	53.6	54.6	48.6	48.9	48.8	52.0	49.9	48.9	50.2	50.6	49.9	48.4	41.4	34.6	31.2	28.2	28.6	26.6
2018/01/12 15:14:38	58.5	26.6	26.6	49.5	49.5	56.4	56.4	54.4	54.4	54.1	50.6	54.9	56.2	52.3	49.6	46.0	47.4	46.9	46.4	45.8	48.6	47.0	47.2	47.6	47.9	46.6	44.6	39.0	29.8	24.8	23.5	23.5	22.0
2018/01/12 15:14:39	59.6	26.4	26.4	46.2	46.2	55.1	55.1	56.6	56.6	54.3	51.2	53.8	54.6	53.8	52.4	48.4	48.0	48.5	48.3	49.2	49.2	48.4	48.5	48.0	47.6	47.6	45.2	40.5	32.5	27.7	26.1	26.7	24.7
2018/01/12 15:14:40	62.0	34.7	34.7	49.8	49.8	61.9	61.9	62.2	62.2	56.1	54.4	55.1	52.5	54.3	54.9	51.8	50.5	50.7	51.5	54.9	53.2	51.3	50.3	47.9	47.4	46.9	45.7	39.6	33.4	29.6	28.1	28.0	25.6
2018/01/12 15:14:41	70.3	33.2	33.2	61.0	61.0	67.2	67.2	62.7	62.7	57.2	54.9	59.2	53.7	58.6	59.0	56.4	55.8	57.6	57.7	62.5	61.7	60.8	59.9	59.0	57.2	56.6	56.6	48.7	42.1	37.2	35.1	34.5	30.7
2018/01/12 15:14:42	65.1	26.3	26.3	48.9	48.9	56.6	56.6	54.4	54.4	52.6	48.8	52.9	45.8	51.7	55.7	52.8	50.9	51.5	52.0	56.4	57.0	55.5	54.3	53.6	53.2	51.8	52.3	42.3	33.0	29.4	26.4	25.4	23.3
2018/01/12 15:14:43	58.0	26.5	26.5	43.5	43.5	53.3	53.3	52.0	52.0	47.5	44.5	46.5	46.2	46.8	48.9	47.7	47.6	46.2	48.0	50.2	50.3	48.0	46.6	45.1	43.4	41.7	40.0	33.0	24.8	23.1	23.0	23.4	21.9
2018/01/12 15:14:44	53.8	26.5	26.5	42.6	42.6	52.5	52.5	51.4	51.4	45.3	43.4	45.9	44.1	45.1	46.2	44.5	42.6	41.6	42.7	45.5	46.4	43.8	43.1	40.4	38.5	36.3	33.9	28.0	22.0	21.3	21.7	22.7	21.7
2018/01/12 15:14:45	59.9	30.6	30.6	52.3	52.3	59.0	59.0	58.1	58.1	60.6	59.2	58.3	53.6	51.6	56.3	53.8	50.4	47.5	45.8	46.0	48.9	51.3	47.8	46.5	45.5	46.0	44.2	40.0	34.3	31.4	28.5	25.6	23.8
2018/01/12 15:14:46	50.9	24.2	24.2	39.9	39.9	48.6	48.6	49.1	49.1	44.9	46.3	46.6	38.8	41.5	42.4	39.2	38.9	39.2	39.6	42.5	42.8	42.0	39.8	38.3	36.7	34.0	31.9	28.2	26.9	21.6	22.0	23.0	21.6
2018/01/12 15:14:47	50.6	26.3	26.3	39.8	39.8	48.5	48.5	51.6	51.6	47.5	41.2	43.3	39.5	42.1	41.9	37.8	38.3	39.1	39.0	43.2	42.9	41.8	39.2	36.4	34.9	33.2	32.7	29.9	23.8	22.0	21.6	22.9	21.8
2018/01/12 15:14:48	50.0	25.4	25.4	43.8	43.8	55.1	55.1	57.9	57.9	55.8	48.8	48.5	41.2	42.7	41.0	38.4	37.8	37.1	38.2	41.5	41.4	40.2	38.3	35.5	33.4	34.1	32.1	29.0	24.4	22.4	21.6	22.7	21.7
2018/01/12 15:14:49	49.6	24.7	24.7	38.7	38.7	46.6	46.6	46.8	46.8	44.0	41.2	43.2	37.2	39.9	39.7	36.7	37.7	36.7	37.4	40.7	40.5	39.3	39.2	38.9	33.7	37.0	35.4	33.0	28.2	26.3	23.2	24.0	21.8
2018/01/12 15:14:50	50.1	23.3	23.3	38.1	38.1	45.5	45.5	44.2	44.2	43.3	42.8	43.4	36.2	39.6	40.2	38.5	37.3	36.8	39.4	39.4	39.3	38.8	38.2	38.2	35.9	39.7	38.4	38.7	36.5	31.7	25.2	24.5	22.5
2018/01/12 15:14:51	52.2	24.8	24.8	39.5	39.5	46.3	46.3	46.2	46.2	45.6	44.1	46.5	40.0	41.1	43.0	37.8	39.9	39.1	39.7	40.9	39.9	40.2	42.4	41.3	40.5	40.6	41.0	39.3	36.3	33.1	26.5	27.0	24.4
2018/01/12 15:14:52	48.2	23.4	23.4	35.1	35.1	44.6	44.6	46.2	46.2	44.6	40.7	43.2	36.7	39.2	39.9	36.2	36.1	36.7	37.3	39.3	38.9	37.1	36.5	35.0	34.3	37.1	34.7	32.5	26.6	25.0	22.8	23.6	22.0
2018/01/12 15:14:53	51.5	31.9	31.9	48.1	48.1	58.7	58.7	60.5	60.5	56.4	53.2	54.9	45.4	46.6	46.9	42.5	42.8	39.1	38.8	41.6	40.8	38.7	37.5	35.6	34.9	35.2	34.3	30.8	26.2	23.5	23.5	23.4	22.0
2018/01/12 15:14:54	50.4	24.9	24.9	41.3	41.3	46.6	46.6	47.3	47.3	46.7	43.7	45.6	41.7	45.8	43.3	41.9	43.1	40.4	40.4	40.6	39.2	37.7	37.4	37.8	37.9	35.9	36.0	31.8	28.4	27.6	24.9	25.3	24.5
2018/01/12 15:14:55	46.7	23.9	23.9	36.6	36.6	46.4	46.4	48.1	48.1	45.6	43.8	43.7	38.8	39.9	38.2	34.4	38.6	37.9	36.6	37.0	36.3	36.2	34.0	33.9	32.6	32.6	32.3	27.2	22.3	21.8	22.1	22.6	21.6
2018/01/12 15:14:56	52.6	24.2	24.2	36.8	36.8	47.1	47.1	48.0	48.0	44.6	41.9	44.0	38.7	38.9	37.1	35.7	39.4	38.1	38.1	38.5	37.0	38.7	38.1	39.5	45.0	44.3	43.8	40.5	35.4	31.3	30.8	31.3	29.0
2018/01/12 15:14:57	50.9	24.2	24.2	38.8	38.8	49.3	49.3	50.3	50.3	46.0	41.7	43.6	38.9	41.4	39.5	37.5	40.8	40.3	40.2	40.3	40.6	37.7	37.3	37.4	38.5	40.7	41.0	37.6	33.5	30.7	29.3	27.6	26.0
