DataTime                     	dB(A)	16	20	25	31.5	40	50	63	80	100	125	160	200	250	315	400	500	630	800	1000	1250	1600	2000	2500	3150	4000	5000	6300	8000	10000	12500	16000	20000
2018/01/12 13:58:30	57.1	27.0	27.0	42.6	42.6	51.9	51.9	51.5	51.5	48.0	48.1	47.4	44.0	46.8	48.6	40.8	43.0	50.7	43.4	44.8	47.4	47.6	47.2	44.4	42.9	45.6	43.7	34.9	29.9	24.3	23.1	23.2	21.7
2018/01/12 13:58:31	56.5	27.6	27.6	43.4	43.4	51.7	51.7	51.4	51.4	46.7	45.3	45.8	41.5	44.3	52.4	45.6	47.0	47.9	43.0	47.1	45.0	48.6	46.5	42.2	41.8	41.7	38.1	31.2	26.2	23.5	22.7	23.2	21.7
2018/01/12 13:58:32	58.3	26.8	26.8	45.1	45.1	52.6	52.6	51.1	51.1	47.2	45.6	44.3	41.2	46.7	45.0	42.4	47.2	47.3	50.2	51.5	52.2	45.9	43.3	42.6	41.5	45.8	39.7	33.9	29.0	25.9	24.2	24.2	22.8
2018/01/12 13:58:33	55.2	29.5	29.5	45.1	45.1	55.7	55.7	54.9	54.9	47.3	47.8	47.9	43.1	44.5	46.7	46.7	44.7	45.4	44.9	44.8	43.4	44.0	43.9	42.3	43.7	45.0	39.9	36.7	33.1	28.7	27.0	26.9	24.9
2018/01/12 13:58:34	55.3	29.9	29.9	43.7	43.7	52.2	52.2	52.4	52.4	50.0	50.8	48.1	43.5	47.4	45.9	42.8	44.1	46.7	43.9	42.9	44.0	46.2	43.7	43.3	43.1	43.0	42.4	37.5	31.0	27.2	25.4	26.1	24.1
2018/01/12 13:58:35	52.4	29.2	29.2	44.9	44.9	53.8	53.8	52.9	52.9	49.5	50.3	48.6	44.5	46.7	44.0	41.8	45.6	43.7	40.5	40.5	41.6	41.4	41.1	39.0	37.9	40.6	37.8	33.1	28.9	25.5	24.2	24.2	22.4
2018/01/12 13:58:36	53.8	27.0	27.0	43.4	43.4	52.7	52.7	51.9	51.9	53.3	55.8	52.8	42.9	46.5	44.6	43.2	46.2	45.9	43.0	41.6	44.1	42.0	41.2	40.0	40.5	40.2	39.1	38.0	28.3	23.8	22.8	22.9	21.5
2018/01/12 13:58:37	54.6	27.5	27.5	41.4	41.4	52.6	52.6	53.6	53.6	53.0	56.0	51.5	43.7	46.2	45.4	43.4	44.8	45.0	43.1	45.6	46.6	42.9	41.4	39.2	41.4	41.7	40.3	34.3	29.7	25.4	23.9	24.3	23.1
2018/01/12 13:58:38	56.7	26.9	26.9	45.6	45.6	53.1	53.1	52.2	52.2	48.4	51.8	55.7	45.7	49.2	45.6	44.4	48.3	49.4	47.6	44.5	46.5	46.4	44.5	42.2	43.8	42.1	43.3	32.8	28.7	23.6	22.7	23.2	21.9
2018/01/12 13:58:39	55.9	26.1	26.1	46.9	46.9	53.7	53.7	51.3	51.3	48.5	47.4	47.9	42.3	47.1	44.1	43.6	46.7	49.9	47.0	42.4	44.6	45.9	44.5	43.2	43.2	43.8	39.6	35.6	29.9	26.2	24.5	24.7	22.9
2018/01/12 13:58:40	53.8	27.2	27.2	44.6	44.6	53.5	53.5	51.9	51.9	48.8	46.7	47.2	41.8	46.2	43.4	41.0	45.4	50.0	42.3	41.4	44.0	42.9	39.9	38.5	39.7	39.7	37.2	32.3	28.1	25.1	24.1	24.2	23.3
2018/01/12 13:58:41	56.2	24.8	24.8	42.6	42.6	50.1	50.1	50.1	50.1	47.6	43.8	46.4	42.0	45.5	45.8	41.9	46.9	50.8	49.5	46.5	46.9	45.8	41.9	39.1	39.0	41.2	37.7	33.2	28.5	24.1	23.7	24.3	22.0
2018/01/12 13:58:42	58.0	26.7	26.7	44.7	44.7	53.0	53.0	52.0	52.0	47.7	47.0	45.6	42.4	49.2	49.0	42.7	47.7	53.3	44.6	45.1	53.0	45.2	43.5	42.0	41.1	42.7	39.6	35.8	33.8	29.2	26.2	24.4	23.1
2018/01/12 13:58:43	55.6	27.8	27.8	45.4	45.4	57.7	57.7	57.4	57.4	48.4	46.4	48.3	45.9	46.5	46.0	43.1	52.6	48.3	43.6	44.6	46.5	42.9	40.8	40.6	41.3	41.6	35.2	31.2	25.6	23.2	22.4	23.0	21.4
2018/01/12 13:58:44	55.0	27.9	27.9	42.0	42.0	53.7	53.7	55.9	55.9	48.5	47.7	50.0	43.9	46.3	45.6	43.8	47.0	45.8	42.1	41.7	42.2	44.8	43.4	40.6	42.4	43.3	45.1	40.5	36.0	32.4	27.8	27.7	26.6
2018/01/12 13:58:45	55.4	25.8	25.8	44.3	44.3	52.1	52.1	56.0	56.0	53.0	43.5	45.2	42.6	47.5	44.0	41.3	47.3	51.6	48.1	44.0	41.8	42.1	41.2	42.3	39.4	41.8	38.3	33.2	29.2	25.8	24.7	23.8	21.9
2018/01/12 13:58:46	53.7	28.4	28.4	45.6	45.6	52.7	52.7	54.6	54.6	53.3	46.2	45.8	43.8	49.2	44.4	41.4	45.9	49.0	43.6	43.8	43.0	41.4	39.4	39.7	38.5	39.0	38.3	33.9	29.0	27.0	25.1	24.8	23.4
2018/01/12 13:58:47	56.6	29.2	29.2	46.1	46.1	55.2	55.2	55.4	55.4	50.8	46.3	46.2	43.5	48.3	43.4	43.1	48.0	47.1	52.7	43.4	44.6	46.8	39.1	39.0	39.2	42.9	44.7	39.3	35.6	31.5	28.5	27.5	26.5
2018/01/12 13:58:48	59.3	30.1	30.1	49.9	49.9	58.1	58.1	56.3	56.3	48.5	46.0	45.6	43.1	48.6	49.6	46.9	49.1	55.8	49.3	46.4	44.5	50.5	48.3	46.0	40.7	44.5	39.7	36.0	30.0	25.4	23.5	23.8	22.1
2018/01/12 13:58:49	57.2	25.2	25.2	43.7	43.7	52.8	52.8	52.2	52.2	46.1	45.4	48.2	44.5	49.4	46.1	43.9	48.4	53.6	50.2	46.3	44.2	47.2	41.0	41.6	40.2	41.4	38.1	32.8	28.1	24.2	23.1	23.6	22.2
2018/01/12 13:58:50	57.0	25.4	25.4	41.9	41.9	49.9	49.9	49.5	49.5	45.7	46.7	47.7	44.8	51.5	48.5	41.9	48.1	52.0	46.9	45.7	43.9	44.3	44.1	44.0	44.1	44.3	45.3	37.8	31.3	26.1	23.8	23.7	22.2
2018/01/12 13:58:51	60.1	25.1	25.1	41.6	41.6	50.1	50.1	49.5	49.5	44.3	46.0	49.8	44.2	49.5	50.1	47.7	52.0	53.5	52.0	50.8	48.8	51.6	47.1	44.9	44.7	44.2	44.0	37.0	30.0	25.0	23.4	23.6	22.4
2018/01/12 13:58:52	62.0	25.1	25.1	44.1	44.1	51.7	51.7	51.9	51.9	47.4	47.1	48.3	48.6	52.2	51.1	48.1	51.5	57.7	50.2	50.2	58.3	46.1	42.4	41.6	39.5	41.2	38.9	35.4	30.9	25.3	24.2	24.1	22.4
2018/01/12 13:58:53	63.3	28.0	28.0	42.3	42.3	49.8	49.8	50.8	50.8	44.4	44.3	50.3	49.2	53.9	50.3	50.4	53.1	56.2	57.3	55.8	56.5	51.2	45.3	45.3	43.8	43.6	39.6	34.2	28.1	24.4	23.4	23.6	22.2
2018/01/12 13:58:54	57.3	28.5	28.5	42.0	42.0	49.4	49.4	48.9	48.9	46.3	45.4	47.9	47.7	50.4	50.1	48.3	51.9	49.6	49.5	47.0	44.5	48.9	42.9	39.5	41.2	40.5	34.8	31.2	26.6	24.2	23.5	23.7	22.2
2018/01/12 13:58:55	56.2	31.4	31.4	48.8	48.8	54.3	54.3	51.6	51.6	47.8	50.1	50.2	48.9	54.1	47.9	47.5	49.6	49.6	47.3	45.9	45.9	45.0	42.5	40.8	39.1	39.2	37.0	32.4	27.7	24.5	22.8	23.1	21.7
2018/01/12 13:58:56	56.7	27.7	27.7	48.1	48.1	54.0	54.0	51.1	51.1	49.2	51.7	52.7	46.6	51.7	50.8	46.7	50.0	51.0	45.4	45.6	46.5	45.7	43.3	41.9	40.8	40.0	40.0	33.6	29.0	25.7	23.8	23.7	22.5
2018/01/12 13:58:57	57.0	27.4	27.4	46.4	46.4	52.8	52.8	50.8	50.8	47.3	46.7	47.8	43.5	48.7	47.8	46.7	49.1	47.5	51.4	46.8	45.7	48.2	43.3	42.0	39.9	42.7	38.6	32.4	27.3	23.0	22.5	23.2	21.9
2018/01/12 13:58:58	60.5	29.2	29.2	46.8	46.8	52.9	52.9	51.5	51.5	48.2	48.5	46.6	39.8	47.7	45.8	43.1	53.8	50.8	49.0	47.6	48.4	50.4	49.7	46.8	49.4	48.4	50.0	45.3	39.2	32.1	27.0	23.7	21.5
2018/01/12 13:58:59	63.8	27.4	27.4	45.9	45.9	53.2	53.2	50.9	50.9	46.2	48.4	49.4	43.5	50.0	47.0	50.5	51.0	50.6	51.9	51.7	52.9	53.1	54.6	51.5	51.8	54.0	53.7	48.7	41.3	34.5	27.6	24.0	22.0
2018/01/12 13:59:00	59.7	26.8	26.8	43.0	43.0	52.7	52.7	52.1	52.1	46.6	47.5	49.2	45.0	50.7	47.9	47.5	53.5	48.4	47.7	48.3	49.7	49.7	49.1	47.0	47.8	47.3	45.9	39.1	32.6	26.7	23.0	22.4	20.9
2018/01/12 13:59:01	56.5	27.4	27.4	45.6	45.6	54.2	54.2	52.7	52.7	47.7	47.2	49.5	42.8	47.5	46.9	42.7	47.2	46.3	43.9	45.1	46.2	47.0	45.4	44.6	45.6	45.0	43.0	38.3	31.2	26.9	27.5	29.5	22.2
2018/01/12 13:59:02	54.5	24.9	24.9	40.7	40.7	49.9	49.9	50.6	50.6	45.5	44.2	45.4	41.7	45.8	44.6	42.2	45.3	45.1	44.7	43.8	44.0	44.4	43.5	41.4	42.5	42.6	40.2	34.9	28.1	23.8	22.1	22.8	21.3
2018/01/12 13:59:03	51.5	27.7	27.7	43.8	43.8	51.8	51.8	49.8	49.8	42.7	40.6	44.3	41.0	45.6	42.9	43.7	46.2	43.3	40.7	42.6	41.5	38.9	37.8	37.0	36.9	36.0	37.2	31.3	24.8	21.8	21.4	22.1	20.8
2018/01/12 13:59:04	50.2	29.6	29.6	43.4	43.4	52.7	52.7	51.7	51.7	45.0	42.7	44.0	41.1	46.7	42.7	40.0	44.6	42.4	40.7	41.6	41.0	38.0	36.6	34.3	33.2	32.8	30.3	27.6	23.4	21.5	21.3	22.3	21.0
2018/01/12 13:59:05	50.0	26.4	26.4	42.2	42.2	51.1	51.1	50.2	50.2	44.6	43.6	44.7	40.6	43.5	42.5	39.5	42.7	45.4	39.4	40.6	39.3	37.7	34.9	35.0	34.1	33.9	32.3	28.4	26.1	22.7	22.2	22.6	21.4
2018/01/12 13:59:06	51.6	26.8	26.8	42.9	42.9	53.4	53.4	52.8	52.8	45.8	44.1	44.5	41.2	44.6	41.8	39.8	44.7	48.9	40.1	40.9	40.0	39.5	35.8	36.4	33.1	32.5	31.5	24.8	22.2	21.0	21.3	22.2	20.7
2018/01/12 13:59:07	51.4	26.3	26.3	43.0	43.0	54.1	54.1	54.4	54.4	47.8	44.3	45.8	40.9	45.6	43.7	42.1	44.6	44.3	43.6	39.5	40.6	40.1	36.7	38.9	37.0	33.9	34.5	29.2	25.0	21.3	21.2	22.1	20.6
2018/01/12 13:59:08	52.5	27.2	27.2	43.3	43.3	51.3	51.3	50.5	50.5	45.1	44.3	44.2	41.1	45.4	42.1	43.6	46.7	48.1	45.0	43.3	41.1	39.6	36.9	35.1	35.5	34.7	32.5	29.3	24.8	21.7	21.6	22.2	20.8
2018/01/12 13:59:09	51.6	27.7	27.7	45.9	45.9	51.9	51.9	50.0	50.0	45.3	44.3	45.9	43.0	46.7	41.6	41.5	47.2	43.5	42.7	40.7	41.8	40.4	37.7	37.9	36.9	35.0	34.1	28.1	22.0	20.8	21.0	21.8	20.7
2018/01/12 13:59:10	51.8	29.4	29.4	46.3	46.3	53.8	53.8	52.2	52.2	45.1	44.2	43.7	41.7	46.2	41.9	39.7	50.1	43.6	41.2	41.3	40.2	40.9	37.1	36.8	35.0	34.0	31.2	26.4	21.9	21.0	21.2	22.2	21.1
2018/01/12 13:59:11	50.5	26.3	26.3	45.4	45.4	54.4	54.4	54.1	54.1	47.5	42.9	42.3	40.2	46.9	42.9	39.7	44.6	41.4	39.8	41.3	40.0	40.3	37.3	35.7	35.2	35.3	33.9	30.8	26.8	25.8	25.2	23.9	21.8
2018/01/12 13:59:12	51.0	29.2	29.2	46.1	46.1	53.0	53.0	52.0	52.0	47.4	45.3	45.8	42.9	47.9	43.2	41.9	44.1	41.9	40.6	41.8	41.2	39.7	38.6	36.5	35.9	35.7	32.8	27.7	22.5	21.0	21.0	22.2	20.7
2018/01/12 13:59:13	51.8	27.2	27.2	43.7	43.7	53.5	53.5	53.3	53.3	47.2	44.3	45.6	41.4	45.3	43.3	41.1	45.0	43.9	43.3	43.5	42.1	41.4	38.5	37.0	35.3	34.7	32.8	27.8	22.6	21.1	21.4	23.0	21.1
2018/01/12 13:59:14	53.8	27.9	27.9	43.1	43.1	53.4	53.4	53.8	53.8	46.5	45.0	45.0	41.7	46.2	42.3	41.6	45.5	46.4	45.2	47.1	45.2	41.9	39.7	37.1	37.3	39.1	36.4	28.3	22.6	21.1	21.2	23.4	21.2
2018/01/12 13:59:15	58.9	25.9	25.9	42.8	42.8	51.7	51.7	50.9	50.9	45.3	42.9	46.1	41.3	47.2	61.1	44.8	50.6	52.1	48.3	44.6	44.9	46.6	41.8	43.4	42.8	41.0	41.0	33.2	26.3	23.2	21.9	22.8	21.1
2018/01/12 13:59:16	53.5	25.9	25.9	41.5	41.5	50.2	50.2	51.0	51.0	46.8	43.0	44.2	41.2	45.6	49.3	41.7	46.2	47.2	46.2	43.3	43.3	42.1	38.6	38.5	37.5	36.0	34.8	30.7	25.1	23.9	21.9	22.9	20.9
2018/01/12 13:59:17	51.2	28.2	28.2	46.9	46.9	53.9	53.9	52.2	52.2	45.9	42.3	43.6	42.4	46.1	42.5	42.4	44.8	44.2	39.3	40.6	40.5	40.8	39.0	38.4	36.4	34.4	33.8	28.7	25.1	22.7	21.6	22.3	20.9
2018/01/12 13:59:18	51.6	26.6	26.6	43.3	43.3	53.2	53.2	55.0	55.0	48.3	44.1	45.7	42.4	46.4	44.9	39.8	44.0	43.2	41.5	41.5	42.2	39.3	38.0	41.5	37.0	34.8	31.8	27.4	22.5	21.5	20.9	22.0	20.9
2018/01/12 13:59:19	53.3	28.6	28.6	41.5	41.5	54.1	54.1	60.4	60.4	57.0	46.7	46.2	43.4	48.6	44.6	42.3	46.0	47.6	45.1	41.3	43.3	42.3	39.0	38.0	37.5	35.5	33.6	29.4	24.0	22.1	21.4	22.2	20.9
2018/01/12 13:59:20	53.3	30.1	30.1	42.8	42.8	56.4	56.4	59.7	59.7	52.4	46.0	46.8	43.9	46.4	44.3	43.1	45.9	47.9	45.1	41.5	42.6	41.3	40.2	37.9	37.6	38.8	37.5	28.7	23.1	21.8	21.4	22.2	21.0
2018/01/12 13:59:21	55.0	28.2	28.2	43.6	43.6	53.4	53.4	53.1	53.1	48.5	50.4	49.9	46.5	47.4	43.4	41.9	46.3	50.6	50.5	42.4	41.5	41.1	41.2	39.3	37.9	37.0	35.5	28.5	24.6	22.6	21.7	22.3	21.1
2018/01/12 13:59:22	52.1	28.7	28.7	51.5	51.5	58.8	58.8	54.9	54.9	48.0	47.4	47.0	46.4	47.8	44.3	42.6	45.5	45.4	43.1	41.3	40.9	40.4	39.3	38.1	36.4	36.1	35.2	30.9	26.6	23.2	22.5	22.5	21.1
2018/01/12 13:59:23	51.3	26.8	26.8	46.8	46.8	54.8	54.8	52.3	52.3	44.5	42.3	43.1	43.8	45.9	42.1	41.5	44.0	44.5	41.8	40.9	40.2	40.6	37.4	37.5	36.6	37.4	36.1	32.8	28.1	24.9	23.5	23.9	22.0
2018/01/12 13:59:24	49.6	27.3	27.3	41.5	41.5	50.2	50.2	49.2	49.2	45.4	43.8	44.1	42.0	44.8	41.8	39.5	40.9	41.8	40.1	40.2	39.1	39.3	36.3	34.9	34.4	34.8	34.2	32.0	27.1	25.0	24.8	24.4	23.4
2018/01/12 13:59:25	51.1	26.9	26.9	40.7	40.7	49.8	49.8	49.3	49.3	43.7	41.3	42.4	40.2	43.1	42.8	41.5	42.0	43.9	44.9	39.4	39.0	38.5	37.2	36.7	36.6	39.3	38.2	33.2	29.0	26.4	25.8	25.2	23.5
2018/01/12 13:59:26	53.2	27.6	27.6	41.8	41.8	49.3	49.3	47.7	47.7	44.5	42.3	44.3	42.6	45.9	41.8	40.8	45.4	43.5	43.3	43.4	42.0	40.1	38.5	39.3	40.7	41.3	43.0	39.3	34.5	30.5	35.1	30.3	27.8
2018/01/12 13:59:27	51.4	27.3	27.3	40.2	40.2	48.3	48.3	48.4	48.4	46.0	41.6	43.1	42.4	45.5	40.9	41.0	45.2	41.9	42.1	40.5	39.4	40.5	39.3	38.0	38.8	38.7	38.1	34.0	29.4	27.1	25.3	25.4	24.3
2018/01/12 13:59:28	52.4	26.4	26.4	39.3	39.3	48.6	48.6	47.8	47.8	44.0	43.7	45.1	42.5	46.3	43.8	42.3	44.7	45.2	45.8	41.8	41.8	40.8	40.1	37.7	36.9	36.5	35.4	33.3	28.3	26.3	24.4	24.8	25.2
2018/01/12 13:59:29	54.3	27.2	27.2	43.9	43.9	51.3	51.3	48.8	48.8	43.6	42.5	43.7	40.3	45.3	45.3	42.0	46.2	49.1	48.4	44.9	41.8	42.1	41.7	39.1	37.3	37.5	36.5	32.7	28.2	25.1	23.5	24.0	22.5
2018/01/12 13:59:30	53.2	26.7	26.7	42.2	42.2	49.7	49.7	47.9	47.9	43.8	43.3	44.0	43.2	46.6	43.3	41.6	44.6	45.4	44.0	42.8	43.0	45.2	40.5	39.8	38.5	37.3	34.9	30.8	26.7	25.0	23.4	23.8	22.3
2018/01/12 13:59:31	50.8	34.8	34.8	45.2	45.2	51.2	51.2	49.4	49.4	45.7	44.3	45.1	42.0	43.6	43.2	41.0	42.6	43.6	41.7	40.9	40.5	41.1	37.7	35.9	34.9	35.9	34.2	30.2	26.4	24.1	23.0	23.6	22.2
2018/01/12 13:59:32	50.4	27.8	27.8	44.7	44.7	53.8	53.8	53.0	53.0	47.4	44.9	47.1	42.7	45.6	43.6	41.5	43.5	43.6	39.6	40.8	39.2	38.7	37.5	35.9	34.7	34.4	34.8	31.3	27.5	24.6	25.0	25.2	22.3
2018/01/12 13:59:33	51.7	26.1	26.1	41.2	41.2	52.1	52.1	54.2	54.2	48.9	45.3	48.4	46.6	47.1	44.0	40.9	43.4	44.8	43.8	42.7	41.0	39.6	38.1	36.6	35.2	34.7	34.4	30.9	27.6	25.1	23.6	23.7	22.1
2018/01/12 13:59:34	52.6	26.0	26.0	46.0	46.0	54.1	54.1	58.7	58.7	55.5	45.4	47.9	43.3	47.3	45.3	42.7	44.2	45.5	46.3	42.3	40.4	39.8	38.7	36.9	36.4	37.0	36.7	34.0	29.5	26.3	24.5	24.0	22.6
2018/01/12 13:59:35	54.9	27.7	27.7	43.3	43.3	53.4	53.4	54.6	54.6	48.7	45.6	46.8	42.9	46.9	45.6	41.5	45.7	44.3	43.6	41.3	40.7	41.2	43.8	47.8	43.0	43.8	39.0	34.8	29.8	26.1	25.1	24.7	23.2
2018/01/12 13:59:36	58.6	30.5	30.5	44.4	44.4	57.7	57.7	58.8	58.8	52.3	50.9	49.2	43.4	48.1	47.6	49.4	51.3	49.8	52.3	48.1	47.5	48.2	47.2	45.1	43.8	42.7	41.0	34.8	30.0	27.0	24.8	24.7	22.9
2018/01/12 13:59:37	56.5	28.2	28.2	43.9	43.9	58.3	58.3	61.5	61.5	55.4	52.2	50.7	44.2	48.2	47.2	43.8	50.1	50.0	45.7	45.5	45.9	46.8	45.5	42.5	40.4	40.1	39.5	32.9	27.7	24.5	23.7	23.8	22.1
2018/01/12 13:59:38	59.8	26.2	26.2	43.9	43.9	53.6	53.6	53.6	53.6	48.5	53.3	55.0	46.4	48.4	49.4	44.3	52.2	53.1	52.3	49.6	48.7	49.0	49.8	45.8	43.0	44.3	42.8	37.0	30.9	28.1	24.8	24.8	23.2
2018/01/12 13:59:39	59.7	27.1	27.1	42.5	42.5	50.1	50.1	52.2	52.2	50.4	52.5	53.9	47.0	47.8	46.3	45.8	52.2	52.0	51.2	47.4	49.9	49.3	49.8	46.9	44.7	45.0	45.2	36.3	29.7	27.7	24.8	25.4	24.1
2018/01/12 13:59:40	55.8	26.8	26.8	41.7	41.7	50.8	50.8	55.6	55.6	53.0	47.9	48.8	44.0	50.0	47.7	45.2	48.6	48.8	44.7	43.9	47.5	44.2	43.9	41.9	41.4	40.7	39.3	35.3	30.4	27.4	26.0	25.9	23.9
2018/01/12 13:59:41	53.5	29.2	29.2	45.5	45.5	56.1	56.1	58.1	58.1	52.7	47.5	47.7	44.5	48.4	46.3	43.4	45.4	45.8	45.0	43.9	42.7	43.1	40.3	38.8	37.4	37.8	35.1	32.8	30.1	26.7	22.9	22.9	21.5
2018/01/12 13:59:42	52.2	26.3	26.3	44.1	44.1	53.5	53.5	53.9	53.9	48.0	45.3	48.4	47.2	46.8	44.8	42.8	44.6	45.3	41.7	41.4	41.6	41.6	39.1	37.2	36.7	37.9	38.1	31.3	29.2	25.9	23.5	24.0	22.1
2018/01/12 13:59:43	51.7	27.0	27.0	42.2	42.2	52.4	52.4	52.7	52.7	48.0	45.2	47.3	45.3	46.1	44.8	41.4	45.0	45.5	41.2	41.1	40.2	40.8	38.7	37.1	36.1	36.1	35.7	31.4	28.9	25.9	24.1	24.1	23.0
2018/01/12 13:59:44	54.1	29.1	29.1	41.6	41.6	49.4	49.4	50.0	50.0	45.6	42.3	45.6	41.7	43.6	45.0	43.7	47.1	51.0	43.2	41.7	44.4	41.6	40.3	41.8	36.0	37.3	35.6	29.2	25.4	23.8	22.6	22.8	21.3
2018/01/12 13:59:45	53.7	25.1	25.1	47.0	47.0	53.9	53.9	51.2	51.2	46.0	43.8	45.3	41.2	45.0	44.3	43.0	44.5	46.4	43.6	44.1	41.5	42.3	41.8	44.1	39.1	40.4	37.2	33.2	28.1	24.9	23.8	23.7	22.3
2018/01/12 13:59:46	55.6	29.6	29.6	45.4	45.4	54.7	54.7	54.2	54.2	46.7	43.4	45.1	39.0	45.2	46.2	42.6	45.6	45.7	44.1	45.2	46.4	44.7	45.6	45.3	42.5	42.3	40.4	35.6	29.4	26.4	23.9	24.3	22.1
2018/01/12 13:59:47	55.7	28.9	28.9	43.1	43.1	53.9	53.9	55.2	55.2	49.6	46.3	46.6	40.6	47.5	48.4	45.4	46.4	45.6	45.2	45.5	44.1	45.0	45.0	42.8	41.9	43.3	44.3	39.6	32.3	31.4	26.2	26.8	23.3
2018/01/12 13:59:48	56.4	27.1	27.1	42.2	42.2	51.6	51.6	50.8	50.8	46.3	45.5	47.0	39.6	45.3	48.4	43.8	46.9	47.5	47.1	47.4	45.4	44.9	47.7	43.3	41.1	42.9	39.5	36.5	27.6	23.8	22.2	22.6	21.3
2018/01/12 13:59:49	55.2	27.5	27.5	40.2	40.2	50.8	50.8	52.2	52.2	46.5	46.9	49.6	42.1	47.6	48.0	42.1	48.0	46.1	44.6	44.1	43.1	45.3	45.9	41.8	41.7	42.5	40.3	33.2	26.9	23.6	23.4	23.1	20.9
2018/01/12 13:59:50	54.3	24.9	24.9	41.8	41.8	51.1	51.1	52.4	52.4	47.6	44.8	45.5	41.9	47.2	44.2	43.6	48.4	47.2	46.3	42.7	42.5	42.8	42.0	40.7	41.4	39.1	40.1	33.5	27.1	24.8	24.3	23.4	21.6
2018/01/12 13:59:51	56.4	29.4	29.4	44.2	44.2	54.4	54.4	56.8	56.8	55.5	50.5	47.5	45.3	51.7	49.2	44.6	49.3	47.1	45.9	43.5	45.4	41.2	42.2	44.2	42.9	45.0	46.2	42.4	38.8	36.8	27.5	30.6	26.9
2018/01/12 13:59:52	53.2	25.8	25.8	41.1	41.1	49.4	49.4	49.0	49.0	45.0	42.9	46.3	43.3	49.7	45.5	42.4	44.7	43.5	42.0	42.0	41.2	41.0	39.0	41.7	42.0	39.6	39.1	40.2	40.5	27.2	24.4	24.1	22.1
2018/01/12 13:59:53	61.8	26.2	26.2	40.4	40.4	50.3	50.3	49.9	49.9	46.2	45.4	48.4	48.4	52.3	46.1	45.1	48.6	51.7	48.0	49.3	47.4	50.3	51.4	50.8	53.0	53.1	50.0	42.8	33.0	26.8	23.8	24.5	22.6
2018/01/12 13:59:54	53.8	25.5	25.5	40.3	40.3	51.1	51.1	51.4	51.4	44.2	43.5	44.0	43.5	52.6	43.3	43.5	46.4	47.2	43.8	43.0	41.6	42.5	39.3	39.4	40.3	40.0	39.9	38.2	30.7	29.5	25.9	25.0	23.0
2018/01/12 13:59:55	53.8	26.5	26.5	42.6	42.6	50.3	50.3	49.7	49.7	45.7	42.8	43.4	42.5	48.1	44.1	43.7	45.2	48.7	44.1	40.7	44.0	41.6	41.3	39.5	39.2	39.8	40.9	38.3	27.4	24.6	23.2	23.7	22.1
2018/01/12 13:59:56	51.3	25.2	25.2	41.7	41.7	49.2	49.2	47.2	47.2	44.1	42.6	44.7	40.4	48.0	45.5	41.6	44.8	44.5	44.6	39.8	40.8	38.7	36.5	35.2	34.1	36.3	34.6	29.0	26.2	22.6	22.0	22.5	21.4
2018/01/12 13:59:57	51.9	26.1	26.1	39.8	39.8	48.6	48.6	48.7	48.7	45.8	43.8	44.7	42.6	48.3	44.2	41.8	41.7	44.4	41.1	40.6	45.0	39.3	38.6	39.6	34.1	34.8	35.6	31.1	29.8	23.3	22.6	22.8	21.4
2018/01/12 13:59:58	56.4	24.9	24.9	39.0	39.0	48.3	48.3	48.1	48.1	43.5	41.1	42.8	40.5	49.0	46.0	46.2	48.5	51.8	46.6	45.8	43.5	47.1	44.1	43.2	41.4	41.8	35.4	31.5	27.1	22.1	22.0	22.4	21.1
2018/01/12 13:59:59	58.6	23.8	23.8	41.5	41.5	48.0	48.0	45.8	45.8	43.4	43.2	45.7	45.4	50.0	46.2	49.2	47.5	48.6	53.2	48.4	48.2	50.1	45.0	45.8	42.1	43.1	38.5	35.6	28.3	24.1	22.1	22.5	20.8
2018/01/12 14:00:00	58.8	26.2	26.2	40.2	40.2	48.6	48.6	49.1	49.1	45.2	44.3	47.7	45.7	50.1	45.9	48.2	50.3	51.6	53.1	49.7	48.9	49.9	42.2	41.9	39.7	44.0	35.5	29.9	26.5	22.5	21.5	22.5	21.1
2018/01/12 14:00:01	54.3	25.3	25.3	41.1	41.1	50.2	50.2	49.9	49.9	45.1	43.8	46.3	45.8	49.9	43.7	43.3	45.6	47.5	43.8	45.3	46.6	45.4	40.2	36.9	35.8	37.7	33.4	28.2	22.9	21.5	21.6	22.5	21.2
2018/01/12 14:00:02	55.7	25.4	25.4	41.7	41.7	50.1	50.1	48.8	48.8	45.3	44.0	45.6	40.9	48.1	46.6	46.3	50.9	49.6	48.8	44.5	46.2	43.2	38.2	39.8	39.7	41.2	34.0	29.0	23.3	21.5	21.8	22.3	21.3
2018/01/12 14:00:03	58.0	24.6	24.6	38.4	38.4	48.1	48.1	49.7	49.7	45.2	45.1	44.9	41.1	50.3	48.0	42.0	47.0	47.1	54.2	43.7	44.7	51.9	40.9	42.1	40.8	38.6	34.2	29.2	24.7	22.0	21.7	22.3	20.8
2018/01/12 14:00:04	54.3	24.2	24.2	40.3	40.3	49.4	49.4	50.9	50.9	45.4	42.9	44.8	43.2	50.4	41.9	44.1	46.8	46.1	45.1	47.5	43.0	45.1	39.0	41.5	37.6	36.9	32.3	29.2	23.2	21.8	21.3	22.4	20.9
2018/01/12 14:00:05	57.9	28.6	28.6	42.4	42.4	50.1	50.1	49.5	49.5	44.9	44.7	44.7	42.7	50.6	45.8	43.5	46.6	51.1	52.1	49.4	48.0	47.1	47.2	44.6	38.1	38.3	32.4	29.8	24.6	21.7	21.4	22.1	21.0
2018/01/12 14:00:06	58.8	27.8	27.8	41.8	41.8	51.1	51.1	52.5	52.5	48.7	43.6	45.9	41.9	49.3	47.8	44.4	46.5	58.4	42.7	42.7	51.0	41.3	39.1	39.3	38.3	38.6	34.7	31.4	25.0	22.4	21.6	22.4	21.1
2018/01/12 14:00:07	52.0	25.8	25.8	39.2	39.2	50.3	50.3	51.8	51.8	46.9	43.7	45.3	40.6	49.5	46.5	41.7	44.4	46.1	42.1	41.1	42.4	42.6	38.0	35.4	34.3	34.1	30.5	26.5	22.2	21.2	21.3	21.9	24.5
2018/01/12 14:00:08	51.4	25.4	25.4	40.1	40.1	49.6	49.6	50.1	50.1	45.7	43.4	45.1	41.2	49.5	44.2	41.6	45.1	44.0	39.4	40.1	38.7	39.3	38.6	37.0	37.5	38.8	37.3	35.0	29.7	25.3	22.9	23.0	21.9
2018/01/12 14:00:09	52.0	27.8	27.8	39.6	39.6	49.5	49.5	49.4	49.4	44.3	43.5	42.6	41.8	49.5	43.5	43.4	48.9	46.6	42.8	38.9	38.9	39.2	37.4	35.9	34.3	35.0	30.8	26.9	22.6	21.1	21.3	22.1	21.0
2018/01/12 14:00:10	54.7	31.4	31.4	45.5	45.5	52.4	52.4	51.2	51.2	46.5	44.3	44.7	43.6	52.5	42.5	40.8	42.2	43.9	41.8	42.1	44.4	44.0	44.6	42.6	44.0	43.9	40.1	34.6	28.5	22.6	21.6	22.3	20.9
2018/01/12 14:00:11	61.7	28.1	28.1	43.0	43.0	52.6	52.6	52.7	52.7	46.5	45.3	48.2	45.5	56.3	46.7	43.9	47.1	48.6	47.9	48.0	53.1	54.2	51.8	49.6	50.0	49.8	46.4	39.6	33.6	25.3	22.6	22.5	21.0
2018/01/12 14:00:12	60.1	29.0	29.0	41.9	41.9	50.1	50.1	52.8	52.8	49.5	45.0	45.7	42.2	52.1	45.6	42.8	47.0	48.0	49.5	46.6	50.1	51.5	50.1	48.4	48.3	49.8	46.8	38.6	31.8	24.6	22.9	22.6	20.8
2018/01/12 14:00:13	51.9	27.3	27.3	43.9	43.9	51.7	51.7	52.6	52.6	48.7	46.7	48.6	43.3	47.3	45.7	41.0	43.7	45.0	41.9	41.6	40.4	39.8	39.0	37.3	35.6	36.6	37.7	39.2	31.1	22.6	22.3	22.7	21.0
2018/01/12 14:00:14	54.2	30.5	30.5	44.2	44.2	52.6	52.6	52.0	52.0	46.8	46.7	48.6	42.5	46.4	43.0	43.1	47.4	45.3	47.6	45.2	45.3	41.9	41.8	38.0	38.3	37.9	37.0	29.5	24.8	22.2	21.6	22.4	21.1
2018/01/12 14:00:15	54.8	26.7	26.7	45.0	45.0	53.2	53.2	52.9	52.9	49.5	46.5	48.5	42.6	49.5	41.0	41.4	48.1	47.3	46.7	44.1	46.7	42.2	41.2	41.1	40.8	38.8	39.7	32.1	27.1	23.7	22.7	23.1	21.3
2018/01/12 14:00:16	56.1	30.5	30.5	45.5	45.5	55.8	55.8	57.5	57.5	50.6	45.9	46.4	44.2	49.9	43.0	44.6	46.3	51.1	50.0	47.2	44.9	42.4	41.8	40.9	39.4	40.3	39.9	32.1	28.1	24.9	22.9	22.9	21.4
2018/01/12 14:00:17	53.3	27.2	27.2	41.4	41.4	52.9	52.9	54.7	54.7	48.2	44.0	46.3	45.2	48.5	43.5	45.8	46.4	45.8	44.7	41.8	40.8	41.0	39.5	41.4	38.9	40.6	38.8	32.0	27.9	23.9	22.5	22.9	21.3
2018/01/12 14:00:18	54.4	27.7	27.7	43.5	43.5	52.2	52.2	52.2	52.2	46.1	45.8	47.6	45.6	49.5	44.5	46.5	50.5	49.4	41.5	41.7	44.4	40.6	39.1	39.9	37.4	40.9	37.8	30.1	25.9	23.6	22.3	22.8	21.3
2018/01/12 14:00:19	52.7	27.4	27.4	45.3	45.3	54.9	54.9	55.6	55.6	49.6	47.1	49.8	45.5	48.7	44.8	46.0	45.4	47.1	40.6	40.5	39.8	37.8	36.2	39.7	39.6	40.2	39.4	33.4	29.3	23.5	22.3	22.7	21.1
2018/01/12 14:00:20	54.8	29.7	29.7	46.1	46.1	54.4	54.4	55.3	55.3	48.4	45.9	48.6	44.6	44.7	42.6	40.4	45.9	50.3	48.8	44.9	43.6	41.4	41.2	41.3	38.6	38.2	35.3	31.0	25.2	22.4	23.0	22.7	21.7
2018/01/12 14:00:21	52.3	28.8	28.8	43.8	43.8	52.4	52.4	53.8	53.8	49.9	46.9	48.9	42.2	46.0	43.1	39.4	45.8	46.1	46.0	42.5	40.9	38.5	38.6	37.4	35.0	35.9	31.4	27.9	24.0	21.5	21.6	22.5	21.2
2018/01/12 14:00:22	53.0	30.0	30.0	45.0	45.0	54.5	54.5	54.8	54.8	50.0	46.9	50.8	43.9	44.0	43.4	38.6	45.2	47.5	42.9	42.8	41.1	40.3	39.1	41.6	36.9	39.6	40.3	34.1	26.6	24.3	22.4	22.6	21.5
2018/01/12 14:00:23	52.0	25.6	25.6	43.1	43.1	51.4	51.4	51.4	51.4	47.3	45.3	48.4	41.9	44.6	43.7	43.0	43.4	45.6	43.9	41.2	41.5	40.0	37.8	37.0	37.5	37.5	38.1	32.1	26.0	22.9	22.5	22.7	21.8
2018/01/12 14:00:24	51.9	26.9	26.9	42.9	42.9	51.0	51.0	51.6	51.6	47.6	46.8	48.3	41.8	46.0	44.3	41.1	44.5	47.1	39.6	40.9	40.3	40.9	39.3	38.5	36.7	36.8	34.8	30.7	27.3	25.6	24.9	23.1	21.3
2018/01/12 14:00:25	50.8	30.1	30.1	44.8	44.8	55.8	55.8	56.1	56.1	48.8	46.4	45.9	39.6	44.2	45.5	40.7	42.2	44.0	40.1	41.2	40.2	39.2	37.9	37.1	36.4	35.6	33.4	29.9	25.0	22.3	22.2	22.9	21.4
2018/01/12 14:00:26	52.9	27.4	27.4	42.4	42.4	54.1	54.1	56.3	56.3	49.6	44.4	46.5	41.2	46.4	46.3	43.6	45.2	47.0	43.6	42.2	42.2	41.3	39.6	40.7	37.1	37.4	34.0	31.2	25.3	23.0	23.5	23.0	21.4
2018/01/12 14:00:27	51.8	27.1	27.1	43.4	43.4	52.9	52.9	54.7	54.7	50.1	47.3	47.6	41.1	45.9	44.8	42.3	44.0	45.3	42.1	43.4	41.3	40.5	37.5	36.8	37.6	35.4	33.3	30.3	25.0	22.8	22.1	22.8	21.2
2018/01/12 14:00:28	50.5	27.6	27.6	45.0	45.0	54.2	54.2	53.3	53.3	46.7	44.4	46.1	41.9	44.9	43.7	41.2	44.6	43.3	40.9	41.4	39.2	38.1	37.4	35.5	35.6	34.7	32.2	28.0	23.8	22.2	22.3	23.1	21.7
2018/01/12 14:00:29	50.8	27.5	27.5	46.3	46.3	53.7	53.7	53.3	53.3	50.0	47.8	49.9	42.3	43.9	41.8	39.8	43.8	42.4	40.9	39.5	41.1	38.9	37.6	36.7	35.1	36.9	36.5	35.9	29.7	25.4	23.3	23.7	21.9
2018/01/12 14:00:30	53.1	28.1	28.1	41.5	41.5	51.9	51.9	53.4	53.4	48.6	49.0	51.0	43.6	45.2	42.3	41.1	45.1	48.3	42.8	44.3	42.2	41.3	39.1	37.6	37.7	37.2	36.2	36.6	29.6	25.9	22.7	23.4	22.2
2018/01/12 14:00:31	55.7	28.3	28.3	44.2	44.2	53.0	53.0	54.0	54.0	50.4	49.1	53.1	43.4	48.7	44.2	43.4	51.2	51.5	45.8	46.3	43.0	41.3	39.6	38.6	38.6	39.1	42.4	33.5	27.7	24.1	22.7	23.3	21.7
2018/01/12 14:00:32	54.9	26.8	26.8	44.4	44.4	53.2	53.2	56.4	56.4	53.3	51.3	54.2	43.6	49.8	46.1	43.6	46.7	49.4	47.9	42.0	44.0	42.0	41.3	40.8	39.3	39.1	37.3	31.4	26.3	24.1	22.2	23.0	21.6
2018/01/12 14:00:33	55.7	25.7	25.7	42.8	42.8	53.3	53.3	56.0	56.0	53.0	52.2	54.2	46.7	49.7	47.6	46.1	49.7	47.6	46.9	44.1	44.5	44.7	42.6	42.4	41.2	40.8	39.5	32.6	26.2	22.5	22.0	22.3	21.2
2018/01/12 14:00:34	53.9	27.0	27.0	43.8	43.8	53.0	53.0	53.8	53.8	51.9	51.2	51.0	44.0	48.0	47.8	44.7	47.4	46.4	43.0	43.7	43.8	42.5	40.7	40.2	39.4	39.0	37.0	30.6	24.0	21.7	21.7	22.4	21.1
2018/01/12 14:00:35	56.6	27.9	27.9	42.7	42.7	55.1	55.1	58.4	58.4	52.7	49.7	52.8	43.3	49.8	47.5	44.3	49.8	49.0	51.0	45.2	45.5	44.3	43.4	41.1	41.0	41.2	38.9	34.1	27.8	24.4	23.0	22.9	21.4
2018/01/12 14:00:36	55.8	26.8	26.8	43.1	43.1	53.7	53.7	55.8	55.8	49.1	51.4	52.4	42.4	50.5	46.5	44.7	49.8	49.4	50.3	43.9	44.5	42.9	40.8	41.0	39.4	38.3	35.6	30.2	24.9	22.0	21.8	22.4	21.3
2018/01/12 14:00:37	54.4	28.8	28.8	43.5	43.5	54.5	54.5	55.3	55.3	50.7	52.8	52.6	45.0	49.8	48.1	48.3	47.1	45.2	44.7	45.4	44.3	41.6	38.5	39.1	39.1	39.2	38.3	33.9	26.6	22.3	21.7	22.5	20.9
2018/01/12 14:00:38	61.0	29.3	29.3	43.4	43.4	54.9	54.9	56.2	56.2	52.9	56.3	55.9	46.6	52.1	55.0	48.9	52.4	50.2	49.7	52.2	51.6	49.4	45.9	44.8	48.7	49.3	50.2	43.1	40.8	37.2	30.1	25.7	21.8
2018/01/12 14:00:39	55.9	29.4	29.4	41.1	41.1	54.0	54.0	56.3	56.3	53.8	56.6	53.0	45.5	53.2	48.8	48.7	48.0	48.8	43.5	46.5	41.8	42.4	40.0	38.5	40.3	43.1	45.8	33.6	30.4	24.9	23.4	22.8	21.0
2018/01/12 14:00:40	52.2	25.6	25.6	42.2	42.2	51.4	51.4	51.3	51.3	52.0	51.7	50.3	45.2	48.4	44.6	43.3	47.8	44.3	42.0	40.0	39.7	39.1	36.0	35.1	33.8	39.0	40.7	30.5	25.8	22.0	21.6	22.1	21.0
2018/01/12 14:00:41	55.3	25.5	25.5	42.2	42.2	49.9	49.9	50.8	50.8	48.5	47.1	48.4	43.1	46.7	44.8	41.1	50.4	45.2	51.7	42.7	44.4	41.1	39.7	37.1	37.5	38.2	41.4	29.0	24.2	22.2	21.8	22.6	21.2
2018/01/12 14:00:42	54.0	27.4	27.4	42.5	42.5	50.4	50.4	50.8	50.8	48.4	47.0	45.5	40.5	45.5	45.4	40.1	48.2	45.9	49.4	41.3	41.7	41.6	40.5	38.1	38.4	38.8	39.0	33.3	30.1	26.9	24.1	22.8	21.3
2018/01/12 14:00:43	51.9	27.3	27.3	42.3	42.3	50.1	50.1	48.8	48.8	44.6	43.1	46.0	40.9	44.5	45.7	43.0	47.6	43.2	47.4	40.7	39.3	37.4	35.0	32.8	34.5	33.5	30.5	26.3	22.0	20.7	21.2	22.0	20.8
2018/01/12 14:00:44	52.7	24.8	24.8	40.7	40.7	49.0	49.0	48.2	48.2	48.0	46.5	44.1	39.3	44.5	47.8	45.7	49.4	41.1	41.2	43.7	40.5	41.2	35.7	37.5	41.9	36.4	31.3	27.3	22.5	21.4	21.5	22.2	20.9
2018/01/12 14:00:45	56.5	26.7	26.7	41.6	41.6	49.8	49.8	50.1	50.1	46.1	44.9	45.3	39.1	45.0	47.8	46.1	48.5	52.0	49.1	43.1	43.9	47.2	41.3	40.8	39.3	45.3	35.3	27.2	23.6	20.6	21.1	22.2	20.7
2018/01/12 14:00:46	51.0	27.6	27.6	41.9	41.9	50.1	50.1	49.8	49.8	46.6	45.2	45.4	38.3	45.9	43.3	39.9	43.5	43.8	40.6	41.9	41.4	42.1	35.3	34.4	35.3	37.7	30.2	27.9	26.1	22.9	21.5	22.6	21.0
2018/01/12 14:00:47	50.6	25.6	25.6	40.1	40.1	50.6	50.6	51.8	51.8	46.9	43.8	44.2	39.8	43.8	42.3	39.6	45.4	44.2	39.0	40.2	38.3	41.8	36.1	35.6	33.5	38.1	33.3	25.5	23.0	21.8	21.6	22.3	21.0
2018/01/12 14:00:48	51.0	26.4	26.4	39.1	39.1	49.4	49.4	50.3	50.3	47.4	46.2	44.2	40.0	44.8	41.2	38.2	42.8	40.5	37.5	39.0	37.2	41.8	38.4	36.2	35.5	37.1	44.4	29.4	24.2	22.0	21.5	22.2	20.7
2018/01/12 14:00:49	51.4	26.8	26.8	41.0	41.0	51.4	51.4	52.9	52.9	48.4	45.7	45.3	40.6	44.6	44.3	42.3	41.9	40.3	42.9	43.7	44.0	40.8	38.4	34.0	34.7	31.8	30.0	25.2	21.8	20.9	21.0	22.1	21.0
2018/01/12 14:00:50	56.3	26.9	26.9	41.2	41.2	50.7	50.7	51.6	51.6	50.8	47.7	44.8	39.3	42.1	43.4	40.8	43.0	49.1	47.1	44.9	50.1	48.0	44.0	43.8	38.1	35.7	32.5	26.7	22.3	21.1	21.5	22.2	20.9
2018/01/12 14:00:51	53.0	27.2	27.2	43.1	43.1	52.3	52.3	52.3	52.3	48.8	46.6	44.3	40.6	44.3	42.4	41.1	43.0	46.3	41.7	44.9	42.9	44.1	36.5	38.9	41.9	36.4	33.9	29.4	24.9	22.2	21.9	22.7	21.4
2018/01/12 14:00:52	51.8	27.7	27.7	42.2	42.2	52.8	52.8	52.8	52.8	47.4	43.7	44.2	41.0	42.6	43.1	42.7	44.8	44.4	45.6	42.6	41.5	41.5	36.6	35.7	33.2	34.7	32.4	26.2	22.2	21.3	21.5	22.3	20.8
2018/01/12 14:00:53	50.6	27.9	27.9	40.8	40.8	51.0	51.0	52.5	52.5	48.6	45.0	46.3	40.9	42.1	43.3	42.6	44.4	43.4	42.2	39.8	39.0	40.1	36.6	36.5	34.6	35.9	33.9	31.0	23.2	21.0	21.0	22.1	20.8
2018/01/12 14:00:54	49.5	25.2	25.2	41.4	41.4	49.6	49.6	49.6	49.6	47.1	43.1	43.7	38.1	41.6	40.6	39.2	40.1	41.2	40.9	40.2	40.8	39.1	36.9	34.9	35.7	32.8	30.2	28.0	21.3	20.8	21.0	22.0	20.7
2018/01/12 14:00:55	54.1	26.5	26.5	39.5	39.5	48.8	48.8	47.9	47.9	44.1	42.9	44.7	38.4	40.8	43.2	39.3	43.9	40.8	49.0	41.4	41.1	49.5	38.1	35.5	36.7	32.9	30.6	25.9	20.8	20.8	20.8	22.0	20.8
2018/01/12 14:00:56	54.3	24.6	24.6	41.3	41.3	49.8	49.8	49.1	49.1	45.3	43.9	44.7	41.1	44.7	49.5	47.2	45.0	44.1	46.6	47.2	44.6	40.4	39.7	40.1	40.4	38.1	37.0	31.9	29.8	24.6	22.8	24.1	22.5
2018/01/12 14:00:57	50.6	27.8	27.8	41.1	41.1	48.1	48.1	48.3	48.3	45.9	44.9	45.6	39.7	42.6	41.0	40.0	45.1	42.8	42.3	40.6	40.5	39.4	38.8	35.4	36.2	32.0	32.7	28.4	25.2	21.7	21.3	21.8	20.6
2018/01/12 14:00:58	51.6	26.3	26.3	41.4	41.4	50.6	50.6	50.6	50.6	47.8	46.9	45.0	39.8	44.3	43.1	40.8	43.3	44.5	41.4	41.5	41.1	40.7	39.3	38.5	37.2	37.5	35.5	35.5	24.7	25.1	22.1	22.5	21.2
2018/01/12 14:00:59	51.9	29.4	29.4	43.9	43.9	53.6	53.6	53.6	53.6	47.4	47.2	45.6	41.8	45.0	43.2	41.8	48.1	43.5	41.6	42.7	39.9	40.2	39.2	37.9	35.4	36.1	33.5	28.2	22.5	21.4	21.2	22.2	20.9
2018/01/12 14:01:00	56.2	26.5	26.5	41.5	41.5	51.1	51.1	52.1	52.1	48.9	46.1	44.0	41.7	48.0	45.0	43.8	49.9	47.3	51.0	45.1	46.7	42.1	42.1	43.1	40.9	41.4	40.5	32.4	27.5	24.0	22.3	22.8	21.3
2018/01/12 14:01:01	51.8	26.9	26.9	41.8	41.8	49.6	49.6	51.4	51.4	50.1	45.2	43.9	39.7	43.0	44.5	41.4	44.4	44.4	43.9	40.9	39.5	37.5	39.1	38.5	39.5	39.8	37.2	32.3	26.1	22.7	21.3	22.3	20.7
2018/01/12 14:01:02	53.4	27.4	27.4	41.3	41.3	52.0	52.0	52.6	52.6	47.8	45.2	44.4	40.7	43.8	41.7	40.1	46.6	49.0	47.5	42.9	43.7	40.0	36.4	34.9	35.4	36.3	34.7	29.8	26.0	22.7	22.0	22.6	21.3
2018/01/12 14:01:03	51.6	30.2	30.2	42.6	42.6	51.9	51.9	52.1	52.1	47.3	44.1	44.0	41.4	43.2	41.7	44.6	43.4	47.1	44.0	40.3	42.1	37.9	36.1	33.9	34.0	36.4	34.9	24.9	22.0	21.3	21.3	22.4	21.0
2018/01/12 14:01:04	52.4	27.6	27.6	45.2	45.2	54.4	54.4	54.9	54.9	49.7	46.8	45.6	40.1	43.1	41.0	40.6	48.4	43.3	46.0	39.9	42.8	40.9	38.6	38.3	33.3	37.0	34.3	28.1	24.6	22.4	21.8	22.2	21.0
2018/01/12 14:01:05	51.6	25.8	25.8	41.2	41.2	49.7	49.7	49.3	49.3	46.7	44.7	47.4	42.9	45.7	42.0	41.6	47.2	46.1	43.0	41.1	39.4	38.3	37.7	36.8	34.1	34.8	34.1	29.1	25.7	24.5	22.9	22.5	21.3
2018/01/12 14:01:06	50.2	28.6	28.6	44.2	44.2	51.3	51.3	51.9	51.9	49.3	45.0	50.8	44.6	44.3	40.4	40.3	43.9	42.5	40.0	38.2	38.0	36.9	37.1	36.0	36.5	37.9	36.4	34.6	27.3	24.2	23.9	24.3	24.6
2018/01/12 14:01:07	53.6	30.8	30.8	47.9	47.9	57.0	57.0	59.4	59.4	57.8	56.2	56.4	51.5	51.6	46.2	44.1	44.2	43.0	42.0	40.8	40.8	39.8	40.3	38.4	40.5	41.6	34.4	32.6	26.2	23.1	22.9	22.9	21.8
2018/01/12 14:01:08	52.0	29.1	29.1	47.4	47.4	58.4	58.4	62.0	62.0	58.3	51.9	50.8	41.3	44.8	42.0	43.0	46.8	46.8	42.9	40.1	40.4	36.4	35.5	33.7	33.4	35.8	33.6	29.2	25.6	24.1	22.6	22.9	21.4
2018/01/12 14:01:09	53.3	32.1	32.1	51.7	51.7	60.9	60.9	62.2	62.2	60.5	57.0	57.0	52.8	55.6	46.0	43.4	44.2	43.8	40.1	39.3	37.8	35.6	34.4	33.0	35.9	36.1	36.0	31.1	24.6	22.9	22.2	23.2	21.8
2018/01/12 14:01:10	52.8	33.7	33.7	49.2	49.2	57.8	57.8	59.8	59.8	59.7	58.4	57.6	51.1	50.1	44.3	38.3	41.2	44.6	45.2	41.5	39.5	37.6	35.8	32.1	33.1	33.3	31.0	28.6	24.0	22.8	21.5	23.1	21.2
2018/01/12 14:01:11	55.3	34.3	34.3	51.6	51.6	60.0	60.0	65.0	65.0	63.7	60.3	62.1	54.1	54.7	51.2	44.4	43.4	45.7	40.1	39.4	41.5	39.6	36.2	33.8	33.7	33.6	32.4	27.7	22.3	21.7	21.4	22.8	21.2
2018/01/12 14:01:12	54.7	34.2	34.2	50.1	50.1	60.2	60.2	63.8	63.8	63.1	62.5	61.7	54.2	54.0	50.1	47.7	43.3	41.2	38.9	38.5	38.3	36.3	33.7	33.5	31.9	31.8	30.5	26.6	22.6	21.9	21.8	22.7	21.4
2018/01/12 14:01:13	56.5	39.8	39.8	55.1	55.1	64.5	64.5	66.6	66.6	65.6	62.6	62.2	56.7	58.8	53.9	42.9	43.8	43.2	40.8	38.0	38.1	36.2	34.5	33.0	32.1	31.7	30.6	26.8	22.5	22.0	22.3	23.2	23.2
2018/01/12 14:01:14	50.4	32.7	32.7	48.9	48.9	57.6	57.6	60.4	60.4	58.6	56.1	53.9	47.2	46.6	41.7	41.9	41.8	40.8	39.1	37.5	38.1	36.6	34.7	34.0	33.3	32.4	32.2	30.3	23.7	23.4	22.0	23.2	21.5
2018/01/12 14:01:15	55.8	33.5	33.5	48.1	48.1	57.3	57.3	59.1	59.1	59.8	57.6	55.3	47.0	47.7	42.5	41.9	52.4	48.7	42.0	43.7	40.8	48.5	36.5	38.9	36.3	40.0	35.8	32.2	25.8	24.5	21.7	23.0	21.4
2018/01/12 14:01:16	57.2	33.7	33.7	50.2	50.2	58.5	58.5	60.4	60.4	58.7	56.4	58.6	53.9	51.3	47.2	47.4	49.5	47.9	48.7	44.8	43.3	49.9	39.3	40.9	39.6	44.4	38.4	32.6	26.3	24.9	21.9	23.3	21.6
2018/01/12 14:01:17	56.9	34.6	34.6	53.5	53.5	62.7	62.7	63.5	63.5	62.2	60.9	60.0	55.7	57.2	52.3	47.5	48.5	48.7	44.4	42.0	41.9	45.0	41.1	39.9	36.1	39.3	32.7	27.5	23.0	21.6	21.6	22.3	21.1
2018/01/12 14:01:18	55.4	32.2	32.2	55.2	55.2	64.2	64.2	66.4	66.4	63.4	63.0	61.2	52.3	53.4	48.0	43.7	46.2	44.7	44.7	41.8	39.8	39.1	37.3	35.6	37.8	36.2	33.2	29.4	24.4	22.7	23.2	23.6	21.7
2018/01/12 14:01:19	54.5	34.2	34.2	55.3	55.3	64.3	64.3	66.0	66.0	63.3	59.7	59.8	49.8	52.0	45.7	40.0	44.7	47.5	45.0	41.4	39.1	38.5	37.1	34.3	33.3	34.5	29.9	24.5	21.0	20.8	21.4	22.2	21.5
2018/01/12 14:01:20	50.2	32.1	32.1	50.7	50.7	59.4	59.4	59.4	59.4	56.0	51.2	52.2	45.5	47.9	43.6	40.8	42.8	42.3	40.2	39.6	38.5	36.9	34.7	32.4	31.7	32.1	32.7	26.9	23.0	21.4	21.4	22.3	21.0
2018/01/12 14:01:21	54.2	30.5	30.5	52.3	52.3	62.3	62.3	63.1	63.1	57.8	58.4	60.1	56.9	55.4	45.9	42.9	42.6	43.3	43.4	39.8	38.7	37.2	34.9	33.6	33.0	32.7	30.0	27.7	24.1	22.0	21.4	22.2	21.0
2018/01/12 14:01:22	60.2	39.9	39.9	58.4	58.4	66.6	66.6	66.4	66.4	62.5	61.3	65.9	61.1	63.2	59.2	54.2	49.9	45.7	41.1	38.1	38.3	37.6	34.9	34.6	33.8	32.0	29.3	25.6	21.9	21.4	21.4	22.3	21.1
2018/01/12 14:01:23	60.5	31.4	31.4	48.5	48.5	58.2	58.2	59.4	59.4	57.6	55.4	54.1	52.1	52.3	44.9	49.9	51.1	50.7	48.8	47.2	46.3	51.5	51.1	49.1	47.7	48.2	48.6	43.6	38.2	36.0	29.7	29.4	25.7
2018/01/12 14:01:24	55.5	35.9	35.9	52.1	52.1	60.7	60.7	61.3	61.3	58.4	54.6	54.8	52.2	50.1	45.4	49.0	46.9	49.9	48.1	45.8	43.5	41.7	38.5	38.7	36.9	37.7	34.4	30.1	25.8	23.4	22.6	22.8	21.9
2018/01/12 14:01:25	53.2	36.4	36.4	52.4	52.4	61.7	61.7	62.8	62.8	60.7	59.5	57.0	50.3	49.7	44.7	45.8	44.5	46.9	38.9	38.9	38.8	38.3	38.1	34.2	32.9	34.4	34.1	31.0	23.8	22.2	22.4	24.2	23.1
2018/01/12 14:01:26	54.1	30.9	30.9	50.3	50.3	59.0	59.0	58.9	58.9	53.0	50.2	49.6	43.9	47.1	45.1	44.6	46.1	46.4	42.6	42.1	40.8	42.8	40.2	40.7	40.7	44.0	40.4	38.7	33.1	29.8	26.0	26.2	23.9
2018/01/12 14:01:27	56.3	35.2	35.2	52.0	52.0	63.0	63.0	66.1	66.1	63.3	61.6	59.0	52.4	52.4	47.5	46.4	47.9	45.5	46.2	42.8	44.2	43.4	39.8	41.1	41.3	38.6	39.7	38.0	37.3	31.6	31.9	29.5	26.9
2018/01/12 14:01:28	56.3	35.8	35.8	52.8	52.8	63.1	63.1	64.2	64.2	61.8	59.5	59.0	53.1	53.1	48.2	47.2	51.0	48.0	46.4	44.4	42.2	40.1	39.2	39.0	39.9	42.4	36.9	31.5	28.4	24.4	23.7	23.9	22.0
2018/01/12 14:01:29	54.6	33.3	33.3	50.1	50.1	59.3	59.3	60.1	60.1	57.2	54.4	55.9	51.8	51.2	46.7	48.6	46.6	46.8	45.8	43.5	43.2	42.2	38.2	36.8	35.4	37.4	35.5	36.8	32.6	24.9	22.5	22.6	21.8
2018/01/12 14:01:30	52.4	30.3	30.3	43.0	43.0	52.9	52.9	54.4	54.4	52.2	48.4	47.8	41.4	44.9	42.8	43.8	45.9	45.1	46.1	41.2	41.3	41.1	38.8	37.7	34.9	36.4	34.6	29.8	26.8	24.1	24.7	25.6	22.9
2018/01/12 14:01:31	51.9	32.3	32.3	44.6	44.6	54.9	54.9	56.6	56.6	52.7	51.0	53.3	46.0	46.1	43.8	40.5	44.8	44.8	42.2	41.6	40.8	40.3	37.9	36.9	36.2	36.2	35.8	30.6	26.0	23.8	22.2	22.9	21.2
2018/01/12 14:01:32	51.2	31.6	31.6	45.1	45.1	53.5	53.5	54.7	54.7	52.6	48.1	47.2	42.2	45.5	43.2	43.0	43.8	41.1	41.9	40.7	41.0	38.7	37.3	37.8	40.2	36.8	31.3	26.8	23.5	22.0	21.8	22.5	21.2
2018/01/12 14:01:33	52.2	33.1	33.1	49.7	49.7	58.0	58.0	58.4	58.4	56.6	54.0	52.8	42.9	47.3	46.1	41.5	45.1	44.3	44.3	40.6	40.2	37.3	38.4	36.8	39.3	34.5	34.9	30.8	25.4	23.6	22.3	22.7	21.1
2018/01/12 14:01:34	51.6	27.6	27.6	45.5	45.5	52.7	52.7	52.7	52.7	49.4	46.0	43.8	40.7	47.5	41.5	39.1	46.5	43.8	42.5	40.8	40.4	38.9	36.8	36.1	34.4	36.8	39.8	37.4	26.8	28.7	28.2	27.1	25.7
2018/01/12 14:01:35	54.1	32.5	32.5	46.7	46.7	54.8	54.8	54.1	54.1	49.3	46.1	45.8	39.4	46.2	44.7	42.4	43.1	46.0	42.9	46.4	45.7	44.2	45.0	35.7	36.7	34.1	35.7	30.4	25.9	22.7	22.8	22.9	21.9
2018/01/12 14:01:36	49.8	28.6	28.6	44.4	44.4	54.1	54.1	55.5	55.5	52.8	49.4	45.7	40.5	43.7	40.6	37.8	43.0	40.5	42.3	39.8	40.4	39.4	36.6	33.4	31.9	30.5	29.7	26.1	23.1	22.1	21.7	22.7	21.3
2018/01/12 14:01:37	53.4	27.7	27.7	45.8	45.8	54.8	54.8	56.0	56.0	54.8	52.0	48.9	42.0	47.5	41.5	38.5	45.7	44.7	44.6	42.3	41.9	43.4	39.8	40.7	37.2	37.1	42.7	38.9	28.5	30.8	26.1	23.0	21.9
2018/01/12 14:01:38	52.3	28.4	28.4	45.1	45.1	55.2	55.2	56.1	56.1	53.0	50.3	48.1	42.8	47.8	45.0	38.3	46.1	46.1	42.4	43.3	41.7	41.9	40.3	35.0	33.8	32.5	30.3	26.5	21.8	21.0	21.2	22.0	20.8
2018/01/12 14:01:39	51.5	32.6	32.6	47.7	47.7	60.2	60.2	61.5	61.5	56.5	50.6	52.9	44.0	47.7	43.0	42.1	46.3	42.3	40.3	40.7	41.2	40.0	35.1	34.7	34.8	32.0	31.5	32.5	22.0	21.2	21.1	22.0	20.7
2018/01/12 14:01:40	52.1	30.1	30.1	43.3	43.3	53.1	53.1	55.9	55.9	52.0	46.0	45.3	42.0	45.5	40.2	40.7	44.7	46.6	45.8	44.4	40.8	39.7	36.7	34.6	31.7	32.4	28.3	24.5	21.6	21.1	21.0	21.9	21.0
2018/01/12 14:01:41	52.3	28.3	28.3	42.6	42.6	53.1	53.1	57.6	57.6	55.1	46.6	46.5	43.0	45.7	42.0	43.7	44.7	46.7	44.2	40.0	43.1	42.2	38.8	34.4	33.9	34.6	30.8	25.7	21.7	20.9	21.2	22.3	20.9
2018/01/12 14:01:42	49.6	28.0	28.0	46.6	46.6	55.9	55.9	58.1	58.1	54.2	50.2	47.5	40.0	45.4	40.7	40.9	44.1	42.0	38.4	38.9	40.1	38.8	33.7	32.9	31.7	31.1	29.4	25.9	22.2	21.6	21.4	22.4	20.9
2018/01/12 14:01:43	53.1	27.0	27.0	44.3	44.3	51.5	51.5	52.4	52.4	49.6	43.8	44.4	40.8	47.3	41.0	40.4	46.8	46.5	49.3	40.6	41.4	39.6	37.7	36.6	36.0	35.4	34.8	29.6	24.6	22.6	23.6	24.7	25.2
2018/01/12 14:01:44	53.9	28.0	28.0	46.8	46.8	57.0	57.0	58.1	58.1	52.4	47.3	46.7	42.2	46.2	43.5	40.6	45.1	48.9	48.9	42.2	42.3	39.2	39.4	37.7	38.6	38.4	36.7	31.1	24.4	21.5	21.4	22.1	20.8
2018/01/12 14:01:45	52.8	29.9	29.9	46.2	46.2	57.9	57.9	58.8	58.8	53.2	48.1	45.9	42.7	46.9	41.5	41.2	43.8	47.4	44.3	42.3	45.3	39.9	38.3	35.4	35.6	37.5	35.1	29.9	24.3	22.6	21.3	22.1	20.9
2018/01/12 14:01:46	51.4	26.9	26.9	44.6	44.6	54.5	54.5	53.8	53.8	48.2	44.6	49.5	43.5	46.7	42.1	42.0	43.6	43.0	42.0	41.4	43.4	40.0	37.9	37.4	34.4	34.4	33.0	29.3	24.0	21.5	21.5	22.2	20.8
2018/01/12 14:01:47	52.1	27.3	27.3	43.2	43.2	51.5	51.5	52.6	52.6	51.8	45.4	48.2	44.6	46.2	44.6	46.9	44.6	45.3	43.2	42.0	41.7	40.2	39.3	36.2	35.9	35.8	31.0	29.2	23.3	21.7	21.7	22.3	20.8
2018/01/12 14:01:48	49.4	28.9	28.9	43.3	43.3	51.0	51.0	52.3	52.3	49.2	46.5	47.1	41.5	46.7	43.3	42.3	41.3	41.2	39.4	39.9	39.6	38.1	34.9	34.2	31.9	32.3	31.8	27.0	23.3	22.1	21.4	22.1	20.9
2018/01/12 14:01:49	50.1	26.5	26.5	41.4	41.4	49.5	49.5	49.8	49.8	47.1	44.4	44.4	43.3	46.4	39.7	40.5	45.3	43.2	41.0	39.8	40.6	38.7	34.4	34.1	33.7	32.3	29.5	25.6	21.5	20.5	21.1	21.9	20.8
2018/01/12 14:01:50	49.0	26.2	26.2	43.3	43.3	52.6	52.6	52.8	52.8	50.4	45.2	46.7	41.8	47.2	42.3	40.0	42.1	40.3	39.1	40.3	38.7	36.9	34.5	33.6	32.6	32.7	30.1	26.4	23.0	20.8	21.0	22.0	20.9
2018/01/12 14:01:51	50.3	26.9	26.9	44.1	44.1	52.4	52.4	52.8	52.8	49.7	45.0	45.9	41.0	46.4	40.1	40.1	44.7	41.6	42.3	40.8	40.8	37.4	35.2	34.5	36.4	34.6	33.5	26.3	21.9	20.5	20.9	21.8	20.5
2018/01/12 14:01:52	53.7	25.4	25.4	40.2	40.2	48.7	48.7	48.2	48.2	47.2	43.6	46.2	41.1	47.2	41.4	41.7	48.6	46.9	46.8	42.5	41.4	41.4	41.4	39.6	37.8	39.9	35.7	31.9	27.2	22.3	21.5	22.4	20.6
2018/01/12 14:01:53	51.9	27.3	27.3	40.1	40.1	48.9	48.9	48.1	48.1	44.2	42.2	44.6	41.0	46.5	39.8	41.1	44.1	46.7	43.3	42.9	40.8	40.9	38.4	36.1	36.0	36.9	35.2	32.1	24.7	21.9	21.4	22.1	20.8
2018/01/12 14:01:54	50.7	28.7	28.7	43.4	43.4	52.4	52.4	50.3	50.3	45.1	44.0	46.3	40.4	44.5	42.2	39.2	45.0	43.2	42.4	40.0	39.7	37.9	38.1	37.8	37.0	36.4	31.3	27.5	22.3	21.3	20.9	22.1	21.1
2018/01/12 14:01:55	57.2	26.5	26.5	40.5	40.5	49.8	49.8	49.6	49.6	45.3	44.5	45.3	42.4	47.5	43.5	44.3	52.1	52.1	51.9	46.8	46.0	44.1	39.7	42.3	40.6	38.6	35.8	28.7	23.2	21.7	21.6	22.1	20.8
2018/01/12 14:01:56	54.2	26.2	26.2	41.5	41.5	50.8	50.8	50.8	50.8	45.6	44.1	45.1	43.3	49.6	45.7	48.3	47.5	45.8	43.4	43.5	46.6	43.3	38.0	39.0	38.0	39.4	35.3	28.9	24.5	20.9	21.0	21.9	20.8
2018/01/12 14:01:57	54.6	29.4	29.4	46.3	46.3	53.2	53.2	53.0	53.0	47.1	44.4	45.0	44.4	50.5	45.9	47.8	47.5	50.0	44.5	43.7	41.7	40.0	39.2	37.3	37.1	36.7	40.6	42.5	38.1	28.4	25.1	24.7	25.8
2018/01/12 14:01:58	55.0	29.1	29.1	49.3	49.3	57.1	57.1	56.5	56.5	51.0	48.2	50.6	46.0	54.2	50.4	48.6	48.0	46.0	46.6	44.7	44.7	42.8	39.9	39.4	36.9	37.5	34.4	28.5	24.7	21.8	21.1	21.8	20.9
2018/01/12 14:01:59	55.1	32.1	32.1	47.8	47.8	59.1	59.1	58.6	58.6	48.8	48.7	52.4	49.1	47.7	46.8	47.9	46.2	48.7	48.7	44.5	42.9	44.2	39.8	40.6	38.0	38.1	33.3	29.8	24.4	22.2	21.3	22.1	20.8
2018/01/12 14:02:00	55.1	30.7	30.7	44.3	44.3	57.1	57.1	60.2	60.2	53.7	50.5	52.8	51.3	51.6	46.9	47.0	46.9	48.9	48.1	44.8	43.8	41.3	40.3	39.1	37.0	37.7	34.7	28.1	22.4	21.0	21.1	22.0	20.9
2018/01/12 14:02:01	54.4	31.3	31.3	44.9	44.9	56.1	56.1	60.7	60.7	56.5	47.7	50.1	50.2	55.7	45.3	44.4	45.0	46.5	46.8	45.0	43.2	40.3	39.3	38.5	37.1	35.9	34.7	29.2	22.9	21.6	21.1	22.3	21.0
2018/01/12 14:02:02	54.8	26.6	26.6	40.4	40.4	51.7	51.7	56.2	56.2	52.5	46.0	51.0	46.4	50.7	47.9	45.8	45.1	47.2	45.8	45.9	46.7	42.9	40.9	39.7	36.9	36.5	34.6	28.4	23.9	20.9	21.1	22.0	20.8
2018/01/12 14:02:03	56.0	27.8	27.8	42.2	42.2	53.6	53.6	60.1	60.1	57.7	47.8	49.2	44.4	50.7	48.0	47.2	47.7	48.2	47.6	47.0	46.8	45.8	42.2	39.1	38.4	39.2	34.5	27.5	23.6	22.8	23.5	22.3	20.8
2018/01/12 14:02:04	54.8	29.3	29.3	43.2	43.2	53.9	53.9	61.1	61.1	60.1	49.9	49.4	47.3	49.5	47.8	45.3	46.0	46.1	46.7	46.3	45.4	43.4	41.4	38.6	36.2	37.0	33.9	28.6	23.0	21.3	21.3	22.3	21.2
2018/01/12 14:02:05	55.7	28.5	28.5	43.8	43.8	51.4	51.4	57.5	57.5	58.9	50.8	53.2	52.3	49.4	46.2	45.9	47.3	47.9	46.1	47.3	45.9	43.6	43.4	41.5	39.3	39.0	35.6	28.5	22.3	20.6	20.7	21.9	20.8
2018/01/12 14:02:06	57.1	29.9	29.9	44.3	44.3	54.2	54.2	58.6	58.6	56.5	49.3	53.6	50.6	50.8	47.0	44.5	46.9	49.0	48.0	49.4	47.6	46.2	44.7	42.9	41.3	42.0	38.9	31.3	24.3	21.0	21.8	22.5	21.3
2018/01/12 14:02:07	56.0	29.4	29.4	42.4	42.4	55.8	55.8	58.6	58.6	52.3	49.0	49.8	47.6	52.7	46.8	44.5	48.1	49.2	47.6	46.8	47.2	44.6	43.0	40.7	39.5	38.6	35.9	28.2	22.2	20.6	21.2	22.2	20.9
2018/01/12 14:02:08	55.4	28.7	28.7	42.1	42.1	55.0	55.0	57.5	57.5	50.9	46.4	51.0	44.3	48.7	46.0	44.0	46.4	46.7	45.0	47.6	46.6	44.8	44.0	41.8	38.6	38.2	36.1	29.2	23.2	21.0	20.9	21.7	20.8
2018/01/12 14:02:09	55.5	30.1	30.1	42.9	42.9	56.0	56.0	58.6	58.6	52.2	48.0	49.3	44.2	48.7	46.3	44.2	48.2	46.6	45.7	48.0	46.0	44.4	44.5	40.7	39.3	38.9	35.8	29.0	22.8	20.8	20.9	22.0	20.8
2018/01/12 14:02:10	53.8	28.1	28.1	44.3	44.3	55.8	55.8	57.4	57.4	50.4	48.4	48.9	44.6	49.1	47.6	43.5	45.2	46.1	45.5	44.6	44.7	42.5	41.1	38.7	36.7	36.5	33.6	27.4	22.4	21.1	21.2	21.9	20.7
2018/01/12 14:02:11	53.3	28.1	28.1	43.6	43.6	54.2	54.2	56.2	56.2	50.6	47.0	46.1	40.9	46.3	43.5	44.1	44.2	44.5	45.3	47.4	44.5	41.0	38.6	36.5	34.6	34.6	32.4	27.1	22.2	21.2	21.1	22.1	20.9
2018/01/12 14:02:12	51.1	27.2	27.2	42.8	42.8	53.9	53.9	56.0	56.0	50.5	45.2	47.9	42.4	45.1	41.6	42.0	47.4	42.9	41.8	42.1	41.5	38.4	36.5	34.3	33.1	32.9	31.5	26.2	22.2	21.2	21.2	21.8	20.6
2018/01/12 14:02:13	52.5	27.2	27.2	41.4	41.4	52.6	52.6	55.0	55.0	50.6	44.9	47.6	43.1	45.2	42.7	43.7	47.1	44.7	42.7	41.2	41.5	40.0	40.0	39.1	38.3	40.0	36.8	30.7	24.0	21.7	21.4	22.1	21.0
2018/01/12 14:02:14	51.4	28.3	28.3	39.8	39.8	50.6	50.6	53.5	53.5	49.6	45.1	47.4	40.6	43.5	41.0	41.7	43.4	43.7	43.3	43.4	43.4	38.8	36.8	35.3	34.6	33.6	32.8	27.2	23.0	21.6	21.6	22.5	21.2
2018/01/12 14:02:15	52.0	27.3	27.3	43.3	43.3	52.3	52.3	53.3	53.3	49.9	44.8	45.7	40.6	44.0	41.4	39.1	45.5	43.7	47.4	42.2	41.4	38.1	35.7	36.3	34.6	37.0	35.4	29.9	26.5	23.3	21.9	22.4	21.0
2018/01/12 14:02:16	51.5	28.0	28.0	44.7	44.7	52.5	52.5	51.9	51.9	47.8	43.3	45.4	41.9	45.8	43.6	42.2	43.9	45.1	44.2	42.0	41.9	39.2	37.6	35.5	34.3	34.6	31.7	24.8	22.0	20.8	21.0	22.0	20.9
2018/01/12 14:02:17	51.7	28.2	28.2	45.9	45.9	54.3	54.3	52.3	52.3	46.0	43.6	45.4	42.0	46.8	42.8	41.9	45.1	45.3	45.1	41.6	42.0	38.8	37.9	35.4	34.9	32.9	30.5	25.5	21.8	20.8	21.0	22.1	20.8
2018/01/12 14:02:18	58.7	27.0	27.0	39.7	39.7	49.0	49.0	50.2	50.2	48.8	45.2	45.9	42.9	47.9	44.6	44.8	47.2	52.5	55.1	46.3	43.9	41.0	47.1	40.9	46.5	45.5	42.7	29.7	27.5	22.9	21.5	22.3	21.1
2018/01/12 14:02:19	55.6	27.2	27.2	41.4	41.4	52.7	52.7	57.1	57.1	55.2	46.8	46.5	43.8	49.9	46.0	43.3	46.6	46.0	47.7	46.6	47.9	46.4	42.8	40.5	38.5	37.6	34.7	28.2	22.6	20.9	20.8	22.1	20.6
2018/01/12 14:02:20	54.8	26.4	26.4	41.9	41.9	50.0	50.0	52.8	52.8	51.5	48.8	50.0	50.7	53.2	45.4	45.7	47.1	44.7	45.2	45.8	45.2	43.2	41.0	41.8	38.9	39.5	36.8	29.3	23.1	20.6	21.0	21.9	20.7
2018/01/12 14:02:21	53.3	25.5	25.5	41.8	41.8	50.9	50.9	53.3	53.3	53.6	51.5	47.5	45.6	49.1	45.6	45.9	44.5	45.1	44.4	44.1	42.8	42.9	40.4	39.6	37.2	36.2	33.8	26.8	21.6	20.5	20.8	21.9	20.7
2018/01/12 14:02:22	52.6	30.9	30.9	44.6	44.6	56.1	56.1	56.4	56.4	51.5	49.9	48.8	43.8	47.8	44.0	44.1	46.0	43.8	43.5	42.8	43.4	42.2	39.2	38.9	35.6	34.2	32.5	25.9	20.7	20.4	20.9	22.0	20.7
2018/01/12 14:02:23	53.9	28.6	28.6	44.4	44.4	55.0	55.0	57.0	57.0	52.7	48.3	53.9	46.3	49.0	44.4	44.3	45.5	44.9	42.7	43.7	44.6	44.2	42.3	40.9	38.4	38.2	35.0	27.8	21.7	20.5	20.8	21.8	20.6
2018/01/12 14:02:24	52.0	29.9	29.9	47.0	47.0	56.0	56.0	56.3	56.3	50.2	48.1	50.2	45.5	48.7	42.9	42.4	46.4	43.5	42.6	42.3	42.1	39.9	38.3	37.3	34.9	34.6	33.5	28.4	23.1	22.1	21.2	22.3	20.8
2018/01/12 14:02:25	52.3	28.2	28.2	46.0	46.0	55.7	55.7	54.6	54.6	48.8	46.2	46.0	42.4	46.9	41.4	42.8	47.3	46.1	44.4	41.8	41.9	40.0	38.0	36.6	36.2	34.8	33.0	24.1	21.4	20.8	20.7	22.0	20.8
2018/01/12 14:02:26	52.6	28.9	28.9	46.4	46.4	54.5	54.5	53.0	53.0	49.9	46.1	45.5	44.0	48.2	43.7	44.1	46.3	46.2	43.8	42.6	43.5	40.6	37.7	37.0	34.2	36.2	34.7	30.6	26.0	22.9	21.7	22.4	20.8
2018/01/12 14:02:27	53.1	32.7	32.7	48.9	48.9	57.5	57.5	54.3	54.3	48.4	46.6	47.6	45.4	49.8	46.1	44.8	46.4	47.2	41.5	42.6	44.2	41.1	38.8	38.0	35.6	36.7	33.2	25.1	21.0	20.3	20.9	21.8	20.9
2018/01/12 14:02:28	52.8	33.2	33.2	49.8	49.8	59.5	59.5	59.7	59.7	55.6	51.1	50.0	42.6	49.0	43.9	45.0	45.7	44.9	43.3	43.1	43.3	42.0	37.4	35.8	35.1	37.1	32.5	25.6	21.3	20.5	21.1	21.9	20.7
2018/01/12 14:02:29	53.5	28.5	28.5	47.6	47.6	56.7	56.7	54.7	54.7	46.4	44.3	46.1	42.3	47.6	42.3	42.9	47.8	45.1	44.1	44.8	44.5	42.5	40.2	37.7	38.7	38.2	37.3	27.4	22.5	20.9	20.9	21.8	20.5
2018/01/12 14:02:30	53.2	28.4	28.4	46.1	46.1	55.3	55.3	54.5	54.5	47.9	45.5	47.7	43.5	47.4	42.1	44.2	46.4	47.5	43.7	43.7	43.1	42.0	39.2	38.7	37.0	37.3	35.2	27.6	22.6	20.6	20.9	22.0	20.8
2018/01/12 14:02:31	50.9	26.3	26.3	46.5	46.5	55.0	55.0	54.0	54.0	47.3	42.9	43.8	42.1	47.0	41.9	43.0	44.6	41.9	40.9	41.1	41.3	40.2	37.4	36.4	36.1	36.3	33.9	26.0	21.2	20.3	20.8	22.0	20.8
2018/01/12 14:02:32	51.0	27.2	27.2	47.1	47.1	54.6	54.6	53.0	53.0	48.1	42.6	43.8	41.2	45.7	42.0	40.9	42.3	42.1	41.8	42.3	40.9	40.5	38.9	37.8	37.0	36.1	32.5	23.9	20.9	20.2	20.9	21.9	20.6
2018/01/12 14:02:33	52.2	29.4	29.4	49.0	49.0	58.5	58.5	57.5	57.5	49.6	43.7	43.0	42.9	47.4	42.1	42.3	46.5	44.2	42.3	42.8	43.0	40.3	38.8	37.2	35.8	39.0	30.8	23.7	21.0	20.4	20.8	21.8	20.9
2018/01/12 14:02:34	50.8	28.4	28.4	46.7	46.7	54.8	54.8	51.4	51.4	46.5	46.0	43.4	40.9	45.4	43.2	41.3	43.3	43.1	41.0	42.3	41.4	39.6	38.3	36.0	35.1	34.7	30.5	24.8	21.1	20.7	20.8	22.1	20.8
2018/01/12 14:02:35	51.8	24.3	24.3	39.4	39.4	49.2	49.2	50.3	50.3	47.9	43.5	44.0	42.1	46.3	43.2	44.8	43.5	42.7	43.6	41.7	43.9	40.6	37.7	37.3	36.4	36.9	33.5	25.7	21.6	20.4	20.6	21.9	20.8
2018/01/12 14:02:36	51.2	26.4	26.4	42.7	42.7	50.7	50.7	49.8	49.8	47.1	45.0	44.7	42.2	45.5	42.3	41.4	42.9	42.3	42.5	44.7	41.9	40.1	35.8	34.9	34.7	35.5	31.5	26.1	21.9	21.2	21.2	21.9	20.6
2018/01/12 14:02:37	51.3	25.6	25.6	42.1	42.1	49.7	49.7	49.2	49.2	45.5	41.5	43.6	41.4	48.0	41.7	43.1	45.9	42.7	41.7	41.3	42.4	40.1	35.3	38.3	35.1	37.4	30.4	25.6	21.7	20.5	20.8	21.8	20.9
2018/01/12 14:02:38	50.0	26.7	26.7	42.3	42.3	51.1	51.1	50.1	50.1	44.5	42.5	43.9	41.9	46.0	40.4	41.4	43.9	41.0	39.5	40.5	41.3	39.7	34.8	35.9	34.1	35.0	31.9	25.0	21.5	20.7	20.9	22.0	20.7
2018/01/12 14:02:39	51.4	27.2	27.2	44.4	44.4	53.4	53.4	53.5	53.5	48.7	44.9	44.9	41.6	47.1	40.3	43.6	45.3	47.3	39.9	41.9	41.2	38.0	34.2	36.3	35.1	33.7	30.9	26.5	22.7	21.2	21.2	22.0	20.8
2018/01/12 14:02:40	52.8	28.5	28.5	44.0	44.0	53.3	53.3	52.4	52.4	47.0	44.4	44.7	40.6	47.1	42.9	44.3	44.1	47.1	47.9	40.8	41.1	39.5	37.5	38.9	38.1	36.0	31.9	26.2	23.4	23.9	21.7	22.1	21.0
2018/01/12 14:02:41	54.0	26.3	26.3	42.2	42.2	50.7	50.7	50.3	50.3	46.5	42.6	43.4	41.3	47.1	43.6	42.8	46.0	45.0	50.4	45.5	43.8	38.5	35.8	36.6	35.9	36.4	32.7	26.8	23.2	21.6	21.1	22.2	21.0
2018/01/12 14:02:42	50.8	27.9	27.9	43.7	43.7	52.6	52.6	52.4	52.4	46.7	42.7	47.5	41.3	44.3	44.3	41.4	44.4	43.2	43.2	41.5	40.8	39.0	35.0	35.5	35.0	33.3	30.9	26.3	22.6	21.3	20.9	22.2	20.8
2018/01/12 14:02:43	49.9	29.2	29.2	46.2	46.2	55.0	55.0	53.8	53.8	47.9	44.9	45.2	41.4	47.3	41.1	40.5	44.2	42.7	40.4	40.2	40.3	37.8	34.0	33.9	33.1	33.0	31.7	28.8	22.6	21.1	21.1	22.2	20.8
2018/01/12 14:02:44	52.3	27.1	27.1	45.1	45.1	53.4	53.4	51.2	51.2	48.3	46.4	44.2	41.7	45.9	40.1	40.7	42.6	41.0	45.6	44.8	40.1	41.9	38.1	35.4	39.1	39.9	37.9	31.9	27.3	23.0	21.7	22.8	21.3
2018/01/12 14:02:45	66.6	23.7	23.7	42.4	42.4	49.8	49.8	49.5	49.5	46.2	42.4	44.2	42.2	44.2	46.1	47.9	46.7	52.3	64.2	60.3	49.5	58.6	47.3	43.0	45.8	46.2	43.9	38.1	32.5	24.7	22.6	22.9	21.7
2018/01/12 14:02:46	68.5	26.7	26.7	43.0	43.0	50.2	50.2	49.9	49.9	47.1	45.0	46.9	43.6	50.5	50.8	46.2	49.1	55.5	56.5	63.3	58.1	60.3	54.0	53.1	58.1	56.1	49.0	44.9	37.5	28.3	26.3	24.4	22.5
2018/01/12 14:02:47	65.4	26.6	26.6	41.8	41.8	50.0	50.0	49.5	49.5	46.5	43.6	47.3	50.0	55.1	51.4	48.8	54.3	58.7	58.8	50.8	55.5	53.4	51.3	53.9	56.1	52.6	47.2	41.3	38.5	30.3	27.0	25.7	23.2
2018/01/12 14:02:48	60.5	26.5	26.5	42.3	42.3	51.2	51.2	51.5	51.5	47.8	47.5	57.2	55.1	51.9	57.2	53.0	57.0	53.6	47.1	46.6	50.8	46.5	44.8	43.8	45.3	44.6	43.1	42.1	36.4	31.1	28.6	29.7	25.4
2018/01/12 14:02:49	58.9	26.7	26.7	42.2	42.2	50.0	50.0	48.4	48.4	43.9	42.0	43.0	41.4	47.6	51.1	46.0	46.1	50.5	48.6	48.5	44.3	47.2	44.1	44.6	48.7	50.8	47.8	40.4	36.2	32.3	28.1	28.2	25.6
2018/01/12 14:02:50	56.0	26.9	26.9	41.3	41.3	50.0	50.0	49.8	49.8	44.0	43.5	44.6	43.3	48.8	49.4	49.3	43.4	44.9	44.8	40.9	41.3	39.6	46.8	43.0	45.9	47.7	40.6	38.0	36.3	29.4	27.5	27.2	24.8
2018/01/12 14:02:51	51.9	26.6	26.6	40.0	40.0	47.5	47.5	47.6	47.6	44.7	42.6	45.7	43.5	50.0	41.3	43.9	42.2	42.5	42.7	40.3	40.3	39.4	37.8	38.7	39.7	39.6	38.8	37.2	34.0	27.7	24.7	25.4	24.7
2018/01/12 14:02:52	52.8	28.8	28.8	45.9	45.9	54.7	54.7	53.6	53.6	47.4	45.1	45.8	43.2	47.0	52.1	47.6	42.6	43.6	41.6	41.8	41.8	40.4	40.3	38.6	34.5	36.2	35.3	32.7	28.3	25.7	23.9	23.8	22.2
2018/01/12 14:02:53	51.9	29.7	29.7	44.2	44.2	52.2	52.2	52.4	52.4	47.7	44.6	44.6	41.6	45.5	44.4	41.7	44.8	42.3	41.1	41.0	43.6	41.1	41.2	38.2	35.9	37.5	35.5	31.5	27.1	24.7	23.6	24.4	23.3
2018/01/12 14:02:54	51.8	28.7	28.7	45.7	45.7	54.2	54.2	53.7	53.7	50.0	45.8	44.1	42.5	44.7	43.6	41.8	45.8	45.1	41.9	41.9	42.4	40.1	36.8	38.9	35.1	35.7	34.9	31.8	25.8	23.6	22.9	32.8	25.3
2018/01/12 14:02:55	58.3	29.8	29.8	44.2	44.2	53.6	53.6	53.7	53.7	49.2	45.7	46.6	42.7	56.1	45.8	44.6	48.4	43.1	43.7	43.4	44.7	43.5	44.2	45.4	51.5	49.4	47.1	40.4	36.0	36.3	30.2	33.0	26.2
2018/01/12 14:02:56	54.1	27.1	27.1	44.2	44.2	52.6	52.6	52.6	52.6	50.2	46.7	45.8	48.1	53.5	44.1	45.3	45.2	42.3	46.4	45.6	44.8	42.9	40.4	38.4	37.9	38.8	34.8	32.8	31.3	25.8	23.8	25.3	22.6
2018/01/12 14:02:57	52.9	25.7	25.7	40.9	40.9	49.0	49.0	48.6	48.6	46.5	43.6	46.9	43.2	45.8	45.7	42.7	46.1	45.3	43.4	45.4	42.6	41.3	38.2	36.5	36.0	38.5	39.0	33.0	28.5	26.6	23.4	23.9	21.9
2018/01/12 14:02:58	52.2	27.1	27.1	41.9	41.9	50.2	50.2	50.2	50.2	47.5	45.4	45.2	44.0	46.1	44.7	45.0	44.3	43.8	44.8	43.4	41.7	38.6	36.6	36.9	36.0	39.0	36.1	34.5	31.1	25.7	25.3	25.4	24.6
2018/01/12 14:02:59	49.5	27.7	27.7	41.7	41.7	50.9	50.9	50.3	50.3	46.2	43.5	44.8	45.4	47.0	41.1	43.7	41.9	40.5	39.5	38.7	39.5	36.4	37.2	34.4	33.3	33.8	33.3	30.8	26.9	24.4	24.4	23.8	22.0
2018/01/12 14:03:00	53.0	26.0	26.0	41.2	41.2	50.0	50.0	51.3	51.3	48.1	44.8	46.5	47.4	50.0	47.4	43.4	44.9	44.7	43.2	42.0	42.1	40.9	40.4	41.0	37.4	38.6	37.5	34.6	28.9	26.2	24.7	24.1	22.4
2018/01/12 14:03:01	57.3	26.4	26.4	41.2	41.2	49.3	49.3	50.0	50.0	47.3	43.8	46.6	48.4	51.4	51.0	50.5	46.1	43.2	39.7	39.5	41.2	40.4	41.9	43.3	41.2	49.5	50.8	46.1	34.4	31.0	28.8	28.4	26.7
2018/01/12 14:03:02	54.9	25.9	25.9	47.0	47.0	54.3	54.3	52.2	52.2	47.0	43.0	44.8	47.0	47.6	48.4	49.7	48.2	48.9	46.7	44.2	42.8	44.3	39.9	40.0	36.8	37.0	34.6	32.8	28.2	23.6	22.0	22.5	21.1
2018/01/12 14:03:03	53.5	27.8	27.8	42.5	42.5	51.9	51.9	50.9	50.9	46.4	44.5	46.5	47.2	47.1	45.0	45.1	45.1	46.0	43.6	41.9	41.5	42.8	39.8	41.1	41.6	40.1	39.9	35.0	31.0	26.0	25.1	25.0	22.6
2018/01/12 14:03:04	59.2	25.8	25.8	41.4	41.4	51.8	51.8	51.8	51.8	47.9	47.9	52.2	53.9	53.1	46.4	56.4	55.0	55.0	46.0	44.1	42.0	41.5	41.6	40.3	45.5	42.0	44.4	43.3	43.6	36.4	30.7	27.0	23.3
2018/01/12 14:03:05	51.8	27.3	27.3	43.7	43.7	53.1	53.1	53.8	53.8	48.5	47.3	50.2	43.7	45.5	41.2	42.6	47.8	44.7	40.7	42.9	40.3	38.6	36.6	36.9	36.4	35.3	35.5	31.8	28.1	25.6	23.5	24.4	22.5
2018/01/12 14:03:06	52.8	26.0	26.0	45.2	45.2	52.7	52.7	50.2	50.2	47.5	46.8	46.1	43.8	47.2	40.8	44.8	47.0	47.4	41.3	41.7	41.1	40.3	38.7	39.8	37.9	39.2	37.5	33.2	28.9	25.1	24.0	24.2	22.3
2018/01/12 14:03:07	53.9	30.6	30.6	45.1	45.1	54.2	54.2	53.7	53.7	51.0	50.0	49.4	43.8	47.6	46.7	43.2	46.4	46.2	42.7	43.5	43.3	42.4	39.8	40.7	39.6	40.2	41.8	37.1	31.5	28.5	26.6	25.5	23.4
2018/01/12 14:03:08	54.9	25.7	25.7	45.3	45.3	54.8	54.8	56.3	56.3	54.2	49.5	50.2	43.5	47.3	49.6	44.6	47.1	49.8	44.5	45.5	42.2	44.4	39.4	39.1	37.9	39.4	39.9	37.0	32.4	28.8	27.1	28.3	25.2
2018/01/12 14:03:09	52.1	27.3	27.3	42.1	42.1	51.2	51.2	51.2	51.2	48.1	45.4	46.8	44.7	49.0	45.3	42.4	46.5	45.8	40.6	40.6	40.3	40.6	39.0	36.7	36.4	36.6	37.0	33.9	31.8	25.6	26.6	26.5	26.1
2018/01/12 14:03:10	53.1	24.8	24.8	43.1	43.1	51.4	51.4	51.5	51.5	47.6	45.6	47.6	44.6	47.2	44.4	45.2	47.2	46.0	40.5	41.2	40.9	40.8	39.5	41.9	39.1	39.7	38.9	35.8	30.9	28.2	27.2	29.7	26.2
2018/01/12 14:03:11	58.3	27.3	27.3	44.3	44.3	53.2	53.2	52.4	52.4	46.9	44.9	48.5	50.9	55.5	46.5	48.4	53.7	52.4	48.7	48.0	47.1	44.6	42.9	45.6	44.1	43.0	41.8	37.5	32.7	28.0	28.2	28.3	25.7
2018/01/12 14:03:12	63.5	26.4	26.4	41.2	41.2	50.9	50.9	49.6	49.6	43.8	44.5	48.9	50.6	55.8	52.3	56.2	62.3	54.1	51.9	50.9	54.6	51.5	45.9	49.2	44.6	47.4	42.4	39.1	33.7	30.1	27.5	27.0	25.2
2018/01/12 14:03:13	57.4	26.9	26.9	44.3	44.3	53.6	53.6	55.4	55.4	54.1	53.3	52.1	48.3	52.0	48.8	50.7	53.4	50.2	45.2	47.2	46.5	44.1	42.8	44.8	42.4	42.1	39.1	35.1	30.4	25.8	24.9	25.1	23.2
2018/01/12 14:03:14	54.5	29.3	29.3	43.2	43.2	51.4	51.4	54.0	54.0	52.4	50.4	49.3	45.3	54.2	50.0	45.4	46.7	45.0	45.3	42.2	42.8	42.2	40.4	40.0	40.1	40.7	39.8	37.0	31.5	26.2	25.1	25.0	22.9
2018/01/12 14:03:15	54.5	26.1	26.1	41.2	41.2	47.8	47.8	48.0	48.0	48.1	47.7	48.2	50.3	50.4	46.1	53.4	46.0	46.6	46.1	40.3	40.5	38.8	38.7	39.4	40.0	40.4	39.1	34.4	29.8	25.2	25.1	24.6	22.3
2018/01/12 14:03:16	52.7	26.4	26.4	41.8	41.8	49.5	49.5	49.8	49.8	47.5	45.5	48.0	41.8	46.7	43.8	44.4	47.7	44.0	39.4	41.9	41.0	39.8	39.6	38.9	38.8	39.5	40.4	37.7	34.5	27.5	25.9	25.0	23.0
2018/01/12 14:03:17	52.6	29.2	29.2	46.0	46.0	54.3	54.3	55.1	55.1	52.8	51.0	50.8	45.2	48.2	43.7	45.4	43.6	45.3	44.4	41.9	42.0	39.4	36.9	37.1	39.0	38.1	37.0	34.0	30.2	27.5	26.1	26.6	22.8
2018/01/12 14:03:18	50.4	25.8	25.8	42.6	42.6	51.8	51.8	52.0	52.0	48.8	46.9	48.5	42.5	47.4	44.6	40.9	42.6	40.7	41.2	41.2	40.2	38.0	35.1	34.7	35.2	36.4	35.4	31.9	28.8	25.1	24.6	23.8	22.5
2018/01/12 14:03:19	52.8	26.0	26.0	40.6	40.6	49.7	49.7	49.8	49.8	46.3	46.3	47.7	43.9	47.5	44.4	45.7	44.3	44.4	43.9	43.5	43.3	41.9	38.6	36.4	36.5	38.2	37.2	36.8	32.0	27.7	25.3	25.3	23.3
2018/01/12 14:03:20	52.6	26.1	26.1	41.2	41.2	50.0	50.0	49.5	49.5	46.6	47.1	48.7	45.5	48.2	44.3	44.1	45.3	44.7	43.0	43.4	43.7	41.2	38.6	36.4	35.5	36.2	35.7	31.9	27.9	25.0	24.7	23.9	22.1
2018/01/12 14:03:21	60.1	30.3	30.3	44.9	44.9	53.5	53.5	54.9	54.9	52.2	49.1	48.5	44.8	51.6	43.1	44.9	50.8	47.7	45.0	44.2	50.0	54.1	47.5	43.4	46.8	51.0	47.3	42.3	34.1	31.9	30.9	29.5	27.2
2018/01/12 14:03:22	54.3	26.1	26.1	40.7	40.7	49.7	49.7	49.5	49.5	46.5	44.6	44.5	43.2	49.4	42.8	51.3	51.1	45.0	40.5	39.6	40.0	40.9	39.1	39.7	41.2	42.7	38.4	35.5	33.7	29.4	25.6	25.8	23.2
2018/01/12 14:03:23	49.8	27.8	27.8	40.7	40.7	49.8	49.8	51.7	51.7	50.7	48.7	47.9	42.7	42.7	40.7	38.7	43.4	44.3	41.3	38.1	38.1	39.0	36.0	34.2	31.3	33.7	32.6	28.6	24.3	22.1	21.8	22.8	21.3
2018/01/12 14:03:24	53.7	25.5	25.5	41.9	41.9	51.5	51.5	52.1	52.1	47.4	46.8	47.7	45.0	44.7	42.2	43.9	46.5	46.8	45.4	44.1	45.0	45.9	36.8	36.2	33.6	33.5	33.2	29.3	23.8	22.0	21.4	22.4	21.0
2018/01/12 14:03:25	54.5	27.3	27.3	43.0	43.0	51.0	51.0	50.4	50.4	47.9	45.6	48.7	48.8	47.8	41.5	40.7	46.5	48.2	46.3	45.2	44.5	45.9	40.2	39.1	35.5	38.1	36.8	29.3	24.1	22.2	21.9	22.9	21.3
2018/01/12 14:03:26	54.1	25.9	25.9	43.4	43.4	52.7	52.7	52.9	52.9	48.8	45.7	48.5	46.1	45.5	41.2	44.8	47.3	45.3	46.1	44.5	44.5	45.5	40.6	40.2	36.5	37.9	34.5	29.3	24.4	22.6	22.1	23.0	21.6
2018/01/12 14:03:27	56.0	25.6	25.6	42.0	42.0	50.1	50.1	50.3	50.3	48.6	46.6	46.4	43.7	44.8	45.3	41.5	43.3	44.6	44.8	42.8	44.2	52.1	42.4	41.0	39.7	36.9	38.2	33.5	26.3	23.8	22.2	22.6	21.4
2018/01/12 14:03:28	62.9	27.1	27.1	41.3	41.3	49.7	49.7	49.7	49.7	48.0	47.2	49.8	49.9	50.2	44.3	46.7	50.8	59.5	51.7	51.8	48.7	56.8	46.6	46.3	44.9	48.7	45.3	42.1	34.1	27.9	23.5	25.4	23.0
2018/01/12 14:03:29	57.8	25.7	25.7	40.6	40.6	49.3	49.3	49.0	49.0	46.5	44.6	46.9	44.4	45.8	42.8	43.2	46.9	47.5	49.6	49.4	47.2	52.7	40.3	38.4	38.2	42.9	37.8	29.8	25.6	22.7	22.0	23.0	21.1
