DataTime                     	dB(A)	16	20	25	31.5	40	50	63	80	100	125	160	200	250	315	400	500	630	800	1000	1250	1600	2000	2500	3150	4000	5000	6300	8000	10000	12500	16000	20000
2018/01/12 14:50:19	49.5	26.0	26.0	41.4	41.4	51.5	51.5	52.2	52.2	46.7	41.8	44.5	39.6	42.4	41.9	41.6	40.3	39.8	39.0	40.7	40.3	38.7	36.0	33.9	34.0	34.3	36.4	34.2	27.8	25.6	25.2	25.1	24.0
2018/01/12 14:50:20	48.7	26.0	26.0	40.1	40.1	49.5	49.5	51.1	51.1	49.3	45.9	42.6	39.5	43.7	42.5	40.8	40.1	39.5	38.1	40.4	39.1	38.6	36.0	32.9	32.9	31.6	28.5	25.4	22.1	21.4	21.9	23.1	21.9
2018/01/12 14:50:21	48.6	24.3	24.3	40.7	40.7	50.3	50.3	50.8	50.8	46.3	43.1	42.9	39.8	43.3	42.0	40.0	41.0	39.1	38.8	40.5	40.0	38.6	35.5	32.7	30.9	28.7	26.9	23.5	21.0	20.6	21.3	22.7	22.0
2018/01/12 14:50:22	48.8	25.1	25.1	40.8	40.8	50.4	50.4	51.6	51.6	46.6	41.5	43.6	39.1	42.1	43.0	42.3	40.4	39.1	38.8	40.5	40.0	39.0	35.9	32.9	31.3	28.9	26.8	23.1	20.6	20.5	21.0	22.3	21.1
2018/01/12 14:50:23	48.2	24.6	24.6	41.0	41.0	50.3	50.3	50.6	50.6	46.8	43.7	40.0	39.5	42.3	42.5	39.8	40.8	39.2	39.1	39.1	39.3	37.7	35.5	32.3	31.0	28.4	25.6	22.1	20.3	20.2	20.8	22.2	20.8
2018/01/12 14:50:24	48.0	25.5	25.5	42.2	42.2	51.7	51.7	51.8	51.8	47.4	44.2	42.7	39.0	42.3	41.3	40.6	41.4	39.7	38.4	39.0	38.4	37.5	34.9	32.1	30.7	27.9	25.7	22.1	20.5	20.7	21.4	22.6	22.0
2018/01/12 14:50:25	48.0	25.7	25.7	43.2	43.2	51.3	51.3	50.6	50.6	47.1	45.0	45.2	39.1	42.6	41.6	39.6	39.9	39.9	38.1	39.0	38.6	38.2	35.3	32.0	30.5	28.4	27.1	25.6	22.0	20.8	21.6	22.9	21.7
2018/01/12 14:50:26	48.5	25.4	25.4	42.5	42.5	51.0	51.0	50.1	50.1	46.7	43.7	43.2	38.2	42.8	42.1	41.4	40.5	38.7	38.1	39.2	38.7	37.9	36.4	33.9	32.8	33.9	31.6	24.9	21.5	20.9	21.3	22.6	21.7
2018/01/12 14:50:27	48.8	26.7	26.7	41.4	41.4	50.4	50.4	50.2	50.2	46.6	43.6	42.3	38.8	42.8	41.4	41.1	41.4	39.7	38.4	39.9	39.0	38.6	36.6	33.8	33.0	32.7	30.3	24.9	21.6	21.1	21.5	22.7	21.6
2018/01/12 14:50:28	48.3	25.8	25.8	40.4	40.4	49.9	49.9	51.3	51.3	46.9	43.0	44.2	39.1	43.1	40.9	40.1	41.2	39.7	39.0	39.1	37.9	37.5	36.7	33.2	31.9	31.8	29.5	23.9	20.9	20.8	21.7	22.7	21.7
2018/01/12 14:50:29	49.9	25.2	25.2	42.0	42.0	50.9	50.9	49.5	49.5	45.7	43.9	44.7	41.0	44.1	41.5	40.2	42.1	41.9	42.4	41.3	39.8	38.2	37.3	34.2	33.2	34.5	32.7	26.0	23.1	21.1	21.6	22.6	21.4
2018/01/12 14:50:30	50.6	25.9	25.9	39.8	39.8	49.6	49.6	51.5	51.5	47.8	43.8	47.2	42.4	46.1	42.4	42.3	42.4	40.3	41.3	41.2	39.6	39.4	39.5	36.7	36.6	35.8	33.3	26.0	23.4	21.4	21.5	22.6	21.7
2018/01/12 14:50:31	50.5	24.7	24.7	39.4	39.4	48.7	48.7	50.4	50.4	49.8	45.2	45.4	44.4	44.6	45.2	44.6	44.0	41.7	40.4	40.6	40.4	38.9	37.8	34.6	36.6	33.8	29.5	23.8	22.0	20.9	21.5	22.7	21.8
2018/01/12 14:50:32	50.7	26.6	26.6	38.9	38.9	47.5	47.5	50.8	50.8	48.4	44.0	46.9	44.2	45.8	44.5	44.4	44.0	40.5	39.9	41.1	41.0	40.3	37.7	36.0	35.5	33.6	31.3	25.0	22.6	21.1	21.5	22.6	21.6
2018/01/12 14:50:33	49.8	25.5	25.5	39.8	39.8	49.5	49.5	52.3	52.3	48.7	45.7	48.5	41.0	43.9	44.0	42.9	41.9	40.2	40.0	39.9	40.3	39.8	37.7	35.0	33.4	30.3	28.3	23.2	21.3	20.7	21.6	22.7	21.9
2018/01/12 14:50:34	50.0	25.2	25.2	41.4	41.4	49.7	49.7	50.4	50.4	47.3	48.0	47.6	42.1	44.6	45.1	43.6	42.9	40.4	40.1	40.5	39.9	39.5	38.0	34.0	31.7	28.8	27.7	22.9	20.6	20.7	21.2	22.5	21.6
2018/01/12 14:50:35	50.9	25.9	25.9	41.0	41.0	48.0	48.0	49.0	49.0	48.7	46.7	46.9	42.3	43.5	46.0	44.9	44.8	41.6	40.6	41.6	40.9	39.8	37.9	36.3	35.3	31.8	28.1	23.6	20.9	20.4	21.3	22.5	21.5
2018/01/12 14:50:36	50.4	25.4	25.4	42.1	42.1	48.6	48.6	50.3	50.3	48.7	44.7	47.0	43.8	44.1	42.5	41.3	43.2	41.1	39.6	40.9	39.7	39.0	41.1	35.3	34.5	33.2	33.6	31.5	21.4	20.7	21.3	22.5	21.8
2018/01/12 14:50:37	50.5	26.1	26.1	44.8	44.8	51.7	51.7	51.2	51.2	49.0	45.6	46.5	42.2	48.3	46.5	42.1	43.2	41.2	39.5	39.6	39.9	39.6	39.6	35.7	32.2	31.3	30.7	28.7	20.7	20.5	21.3	22.7	21.8
2018/01/12 14:50:38	50.7	24.6	24.6	42.9	42.9	50.5	50.5	49.6	49.6	46.2	45.6	45.9	42.1	45.1	45.6	44.2	43.9	41.8	40.9	40.4	39.7	40.4	39.1	35.2	33.5	34.1	32.4	28.2	21.8	20.8	21.5	22.8	22.0
2018/01/12 14:50:39	49.9	25.0	25.0	39.7	39.7	48.5	48.5	50.4	50.4	47.5	43.9	44.4	40.0	42.6	44.5	42.3	42.7	39.5	38.9	41.5	40.4	39.5	38.5	34.7	32.8	33.2	32.1	24.9	21.7	20.9	21.3	22.7	21.8
2018/01/12 14:50:40	50.2	25.2	25.2	40.4	40.4	48.8	48.8	49.2	49.2	47.2	44.4	44.7	40.9	42.5	42.8	41.8	43.3	40.1	39.7	42.2	39.7	39.9	39.9	35.0	33.0	33.0	32.3	27.4	21.5	20.9	21.3	22.5	22.0
2018/01/12 14:50:41	50.0	25.5	25.5	42.2	42.2	47.9	47.9	47.6	47.6	48.0	46.4	44.0	40.9	44.5	43.3	43.1	43.3	40.8	41.7	40.6	40.1	40.1	37.8	33.9	32.0	28.6	26.9	22.3	20.4	21.0	21.4	22.9	21.8
2018/01/12 14:50:42	51.6	27.2	27.2	43.0	43.0	50.8	50.8	50.2	50.2	47.1	45.9	43.3	39.1	43.9	43.6	43.8	43.6	41.0	40.4	41.5	41.3	41.5	44.5	36.1	33.2	32.9	31.4	25.2	21.1	20.8	21.6	22.8	22.1
2018/01/12 14:50:43	50.7	27.1	27.1	42.5	42.5	50.4	50.4	49.7	49.7	49.5	48.0	46.0	42.2	43.6	44.3	43.7	41.7	40.4	40.8	41.8	41.3	40.6	40.1	35.8	33.8	32.3	29.4	24.0	20.7	20.4	21.3	22.6	21.8
2018/01/12 14:50:44	50.2	27.9	27.9	44.7	44.7	52.5	52.5	51.9	51.9	47.8	45.9	45.3	43.3	45.7	43.9	42.5	41.8	41.1	40.3	40.3	40.3	41.0	38.5	35.3	32.6	30.3	28.8	23.0	20.8	20.6	21.3	22.6	22.0
2018/01/12 14:50:45	50.9	26.9	26.9	41.7	41.7	51.3	51.3	52.7	52.7	48.4	44.9	44.3	41.0	44.3	43.7	42.0	44.2	41.3	41.1	41.8	41.4	41.3	38.8	35.8	33.3	33.9	33.1	24.1	21.2	20.6	21.2	22.4	21.5
2018/01/12 14:50:46	52.0	24.4	24.4	49.1	49.1	55.3	55.3	51.9	51.9	47.2	46.3	47.5	41.8	44.8	45.8	42.7	42.5	42.0	41.8	42.9	42.0	41.6	43.2	37.7	34.3	33.9	32.6	24.2	21.2	20.5	21.1	22.3	21.1
2018/01/12 14:50:47	52.3	26.0	26.0	47.5	47.5	54.3	54.3	53.4	53.4	49.2	48.2	48.9	47.5	46.4	47.2	44.1	45.0	43.4	42.5	43.8	41.4	41.8	40.3	37.1	35.0	33.9	32.0	24.9	21.4	21.0	21.5	22.6	21.9
2018/01/12 14:50:48	53.3	25.4	25.4	44.3	44.3	52.7	52.7	54.3	54.3	51.0	46.8	48.3	43.7	48.0	45.8	44.4	44.6	43.5	43.4	44.3	43.0	43.4	44.0	38.6	36.7	34.7	33.7	28.6	22.6	21.4	21.4	22.7	21.9
2018/01/12 14:50:49	54.4	26.3	26.3	45.9	45.9	52.3	52.3	51.6	51.6	50.6	48.0	49.0	45.9	49.3	46.3	45.4	45.7	44.8	44.8	45.6	46.1	43.9	42.7	40.2	37.4	36.7	35.0	28.9	22.3	20.7	21.0	22.4	21.1
2018/01/12 14:50:50	55.7	27.0	27.0	47.5	47.5	55.5	55.5	54.3	54.3	51.1	47.5	47.8	44.9	49.3	46.8	45.8	47.6	45.3	46.2	48.0	45.9	46.4	45.8	39.9	38.1	35.9	31.8	26.1	20.8	20.7	21.1	22.5	21.5
2018/01/12 14:50:51	57.0	30.1	30.1	47.9	47.9	57.9	57.9	56.4	56.4	49.1	48.4	48.5	44.4	48.9	46.7	46.4	50.3	47.0	47.2	48.7	47.3	48.5	46.2	42.6	39.9	37.1	32.6	26.0	20.8	20.8	21.5	22.9	22.0
2018/01/12 14:50:52	58.2	26.9	26.9	44.5	44.5	54.7	54.7	54.5	54.5	50.4	49.1	49.4	45.4	49.4	46.1	46.2	48.1	48.0	47.5	50.4	49.2	50.8	47.6	44.1	40.9	37.4	32.9	26.4	21.6	21.1	21.5	22.8	21.8
2018/01/12 14:50:53	67.7	30.1	30.1	45.6	45.6	57.6	57.6	59.3	59.3	56.5	55.5	55.7	52.3	58.5	56.2	54.4	56.9	56.5	57.8	63.3	58.8	57.7	54.4	51.7	51.1	46.6	42.9	34.7	28.2	24.0	23.2	24.2	22.4
2018/01/12 14:50:54	68.4	35.2	35.2	49.9	49.9	63.4	63.4	64.1	64.1	56.1	58.6	57.6	55.9	59.9	56.0	56.2	59.8	59.0	58.5	61.6	59.9	58.8	56.5	53.9	54.1	50.8	47.7	40.8	35.9	31.8	31.3	31.8	24.5
2018/01/12 14:50:55	64.3	30.7	30.7	48.4	48.4	56.2	56.2	55.4	55.4	51.1	48.1	53.1	50.9	54.2	50.2	50.5	55.2	55.6	55.2	56.8	56.5	54.5	52.9	49.5	47.4	46.9	44.8	38.6	32.2	25.8	24.4	25.1	22.8
2018/01/12 14:50:56	58.4	26.7	26.7	45.8	45.8	50.9	50.9	51.3	51.3	50.4	47.2	48.3	47.3	50.0	47.7	46.8	50.6	49.5	49.1	51.2	50.5	48.5	46.5	43.4	39.8	38.0	36.2	30.1	25.0	21.6	21.7	22.6	21.6
2018/01/12 14:50:57	54.9	27.3	27.3	47.7	47.7	53.7	53.7	52.2	52.2	50.3	47.3	48.1	44.9	47.5	45.4	45.4	47.8	46.3	46.0	47.0	46.0	45.0	43.5	38.7	35.5	33.8	30.4	24.3	20.8	21.0	21.5	22.9	21.9
2018/01/12 14:50:58	55.4	26.7	26.7	45.9	45.9	51.7	51.7	50.3	50.3	49.0	46.6	46.9	45.1	50.0	47.8	45.9	46.8	46.7	46.8	47.9	46.4	45.3	43.6	38.7	36.5	34.7	31.1	23.7	20.3	20.9	21.6	22.9	21.9
2018/01/12 14:50:59	59.6	26.3	26.3	46.1	46.1	53.2	53.2	52.2	52.2	50.9	49.5	49.7	45.8	51.1	49.1	45.7	49.2	50.5	51.0	52.2	51.4	51.0	47.6	43.8	43.1	39.9	35.2	25.9	21.1	20.8	21.7	22.9	22.1
2018/01/12 14:51:00	56.6	26.3	26.3	44.7	44.7	53.3	53.3	52.7	52.7	48.2	44.9	47.1	43.8	49.1	47.0	45.0	47.3	48.1	48.9	48.8	47.3	47.0	44.8	41.4	38.7	38.7	34.6	25.4	20.6	20.6	21.4	22.4	21.4
2018/01/12 14:51:01	57.9	26.7	26.7	44.9	44.9	53.3	53.3	53.8	53.8	48.9	48.1	50.0	47.7	50.3	48.8	49.7	49.7	47.9	49.5	49.5	48.3	49.1	45.7	43.7	41.3	41.0	34.8	26.3	21.6	20.7	21.6	22.7	21.8
2018/01/12 14:51:02	60.2	29.4	29.4	46.4	46.4	55.7	55.7	56.9	56.9	53.0	49.8	48.9	45.3	50.3	49.6	47.7	50.1	50.8	51.7	52.3	50.9	52.5	48.9	44.8	43.6	41.5	35.8	29.0	22.9	21.5	21.4	22.6	21.7
2018/01/12 14:51:03	69.2	31.1	31.1	46.4	46.4	56.3	56.3	57.7	57.7	54.1	52.0	53.0	51.8	56.6	54.7	54.2	57.1	58.6	61.0	64.4	59.0	59.9	57.3	54.8	53.2	48.6	44.8	37.0	31.3	27.9	25.1	24.4	22.9
2018/01/12 14:51:04	67.4	29.9	29.9	47.2	47.2	56.9	56.9	59.0	59.0	54.5	47.5	50.5	49.0	53.7	54.2	53.5	55.9	59.3	60.1	58.2	56.9	58.6	55.8	53.9	54.5	52.5	48.3	40.4	36.0	34.8	33.0	29.3	23.9
2018/01/12 14:51:05	64.6	27.5	27.5	45.3	45.3	56.2	56.2	60.2	60.2	57.2	51.3	52.9	48.2	52.6	52.0	51.3	54.9	57.0	56.1	55.8	55.0	55.8	53.0	50.2	50.3	48.9	46.4	41.2	33.0	27.0	25.7	24.9	22.3
2018/01/12 14:51:06	66.9	27.8	27.8	44.3	44.3	53.8	53.8	61.4	61.4	60.9	54.2	58.8	51.5	58.7	57.3	53.9	57.7	56.7	56.9	60.1	58.8	57.9	54.4	52.6	51.1	47.3	43.6	37.2	30.7	26.6	24.5	25.3	23.7
2018/01/12 14:51:07	67.9	27.1	27.1	43.7	43.7	54.8	54.8	63.3	63.3	61.5	50.4	58.4	51.8	61.2	59.1	58.2	58.5	58.5	57.3	60.4	58.9	58.6	56.1	54.3	53.8	51.0	47.2	39.5	35.7	32.8	32.5	32.5	26.0
2018/01/12 14:51:08	65.1	29.6	29.6	46.9	46.9	55.5	55.5	60.3	60.3	57.3	51.5	55.7	51.5	60.6	56.1	54.3	55.9	55.4	55.3	56.0	56.8	55.4	53.1	51.8	50.8	48.8	45.9	40.1	34.1	29.4	28.9	28.2	25.7
2018/01/12 14:51:09	65.6	34.1	34.1	49.4	49.4	58.0	58.0	60.2	60.2	59.4	56.2	57.7	52.8	56.8	56.2	53.0	55.1	55.6	55.9	59.8	57.4	55.7	52.3	50.4	48.8	44.9	42.3	36.7	29.8	25.4	23.6	23.8	22.2
2018/01/12 14:51:10	64.6	31.2	31.2	48.9	48.9	55.9	55.9	56.5	56.5	53.3	52.5	55.5	51.6	56.7	57.1	54.0	55.4	54.0	54.2	57.6	55.3	55.5	52.6	50.8	49.8	47.8	43.3	35.2	31.0	29.7	27.8	26.3	22.7
2018/01/12 14:51:11	62.0	37.0	37.0	52.9	52.9	62.2	62.2	62.5	62.5	59.8	58.9	59.3	52.1	56.3	54.5	51.1	52.7	51.2	53.2	52.7	53.8	51.6	49.6	47.6	46.7	46.8	42.2	36.9	29.0	23.9	23.3	23.6	22.3
2018/01/12 14:51:12	56.8	26.2	26.2	45.6	45.6	53.0	53.0	54.2	54.2	51.7	47.2	48.5	46.0	50.9	49.8	46.3	47.6	48.7	47.8	49.1	47.8	46.8	44.5	42.2	40.0	37.9	35.4	29.8	23.9	21.3	21.1	21.9	20.7
2018/01/12 14:51:13	58.5	32.7	32.7	51.6	51.6	59.2	59.2	59.7	59.7	58.5	59.4	61.3	55.4	57.9	57.9	51.2	48.6	46.6	46.1	47.2	46.3	45.9	43.9	40.7	38.0	35.3	31.0	24.9	20.4	20.3	21.1	22.1	20.7
2018/01/12 14:51:14	57.3	28.2	28.2	50.4	50.4	57.2	57.2	57.6	57.6	55.4	53.8	54.1	50.9	54.7	53.8	52.6	49.3	46.6	45.6	47.3	47.0	46.6	44.7	42.3	39.7	36.7	34.2	27.1	22.7	21.0	21.5	22.8	21.9
2018/01/12 14:51:15	59.6	31.2	31.2	49.2	49.2	57.3	57.3	57.7	57.7	56.8	56.4	57.8	54.4	56.3	52.0	50.5	48.4	48.4	48.2	51.6	50.4	50.4	47.3	44.6	44.1	40.5	35.3	27.6	23.2	21.1	21.5	22.7	21.6
2018/01/12 14:51:16	64.8	28.7	28.7	47.4	47.4	53.7	53.7	54.5	54.5	55.1	53.1	52.0	47.9	52.9	52.9	53.7	52.0	53.3	55.4	59.2	56.7	55.0	52.7	50.6	50.1	46.6	41.5	32.7	28.3	23.4	22.9	23.0	22.0
2018/01/12 14:51:17	64.8	26.0	26.0	49.2	49.2	55.2	55.2	54.6	54.6	58.6	57.6	55.1	49.4	53.0	50.8	52.2	55.0	54.1	53.9	57.1	56.1	55.2	53.4	53.1	52.4	49.6	45.3	37.3	35.5	30.0	30.3	27.2	22.8
2018/01/12 14:51:18	63.7	25.6	25.6	50.6	50.6	56.4	56.4	54.0	54.0	58.0	55.4	55.3	52.9	52.7	51.3	53.1	54.1	52.6	53.3	54.8	56.1	53.8	52.4	50.7	50.8	48.6	44.6	38.7	35.5	28.0	28.7	25.7	23.4
2018/01/12 14:51:19	63.8	26.9	26.9	43.2	43.2	55.1	55.1	57.4	57.4	54.7	55.9	56.8	50.9	53.3	51.3	50.0	52.9	53.3	54.3	57.8	54.8	54.4	51.6	50.4	48.9	44.7	41.4	35.5	31.9	25.2	23.6	23.6	22.3
2018/01/12 14:51:20	65.6	30.8	30.8	45.1	45.1	60.0	60.0	62.2	62.2	55.8	59.3	59.0	51.5	54.6	53.5	51.6	54.0	53.9	55.7	57.5	57.3	56.9	55.6	53.2	51.3	48.1	44.2	36.6	36.3	31.8	31.1	28.8	24.0
2018/01/12 14:51:21	63.6	34.4	34.4	47.8	47.8	63.0	63.0	64.6	64.6	55.8	54.7	55.1	51.8	53.5	54.1	51.5	51.4	52.5	54.9	53.4	55.0	53.5	54.8	51.2	49.1	47.6	45.2	39.3	34.5	30.5	28.4	27.1	24.0
2018/01/12 14:51:22	57.0	26.2	26.2	41.8	41.8	52.2	52.2	53.1	53.1	50.3	50.5	49.1	47.7	49.7	47.9	47.3	46.6	48.1	47.4	47.5	47.4	47.4	47.1	44.3	40.2	39.4	38.9	36.1	30.1	24.1	22.1	23.0	22.1
2018/01/12 14:51:23	55.1	26.7	26.7	41.6	41.6	52.6	52.6	53.5	53.5	47.6	49.2	48.5	46.0	50.6	48.0	47.7	46.7	46.5	45.7	47.0	46.9	43.9	42.8	38.0	36.2	34.0	30.6	26.5	23.2	21.3	21.7	23.1	21.9
2018/01/12 14:51:24	52.0	24.6	24.6	42.3	42.3	52.1	52.1	51.8	51.8	46.4	47.9	46.5	43.3	45.5	43.6	47.0	44.2	43.3	42.6	42.8	42.3	41.6	41.0	36.4	33.9	31.6	29.0	23.8	21.3	20.7	21.4	22.4	21.5
2018/01/12 14:51:25	52.2	26.8	26.8	42.5	42.5	50.7	50.7	52.3	52.3	48.4	46.5	45.4	43.0	47.3	43.9	43.5	43.9	43.2	43.2	43.5	44.1	41.6	40.4	35.8	34.2	31.4	28.4	22.9	20.4	20.3	21.3	22.5	21.3
2018/01/12 14:51:26	52.3	26.8	26.8	44.0	44.0	52.5	52.5	52.4	52.4	47.1	44.1	45.4	45.1	46.9	44.9	42.5	43.2	43.6	44.4	44.1	42.6	42.2	40.8	35.6	34.1	32.2	30.2	23.7	20.9	20.7	21.6	22.7	21.7
2018/01/12 14:51:27	49.9	28.0	28.0	43.6	43.6	51.9	51.9	51.5	51.5	46.1	43.7	45.1	42.9	45.8	42.1	42.7	41.4	41.0	40.6	40.3	40.8	39.2	38.7	34.1	32.9	31.6	28.9	23.4	20.6	20.6	21.2	22.8	21.9
2018/01/12 14:51:28	49.6	27.0	27.0	44.2	44.2	51.0	51.0	50.4	50.4	47.7	46.0	45.6	43.0	46.2	41.4	41.8	42.3	40.5	40.0	40.5	39.6	39.4	38.3	32.7	32.5	31.5	29.2	23.4	20.5	20.4	21.4	22.7	21.8
2018/01/12 14:51:29	49.4	25.4	25.4	42.5	42.5	50.7	50.7	51.6	51.6	47.6	44.2	45.4	41.8	45.3	42.1	42.5	42.0	39.4	39.3	40.1	39.2	38.5	38.2	34.4	33.3	32.9	31.7	24.8	21.3	20.7	21.5	22.5	21.8
2018/01/12 14:51:30	53.5	25.6	25.6	43.1	43.1	51.7	51.7	52.1	52.1	49.0	46.3	46.6	42.6	51.2	55.2	45.6	42.2	44.9	41.1	40.4	40.4	40.9	40.9	37.7	36.0	36.2	31.7	25.7	21.5	21.2	21.5	22.5	21.7
2018/01/12 14:51:31	52.7	25.1	25.1	41.4	41.4	51.9	51.9	52.8	52.8	47.2	44.7	46.4	42.0	46.7	44.2	44.4	44.3	42.5	42.6	41.2	40.9	42.1	44.6	38.6	39.7	38.4	33.9	27.3	22.6	21.1	21.3	22.6	21.6
2018/01/12 14:51:32	53.1	28.4	28.4	44.2	44.2	54.5	54.5	55.9	55.9	52.6	48.9	46.7	43.1	46.4	46.6	44.8	46.5	46.6	41.9	41.5	41.1	41.5	43.6	38.5	38.3	37.5	32.9	25.5	21.3	20.6	21.4	22.3	21.1
2018/01/12 14:51:33	53.0	31.8	31.8	47.5	47.5	57.9	57.9	59.2	59.2	55.8	54.3	55.0	47.1	49.1	44.0	44.5	42.4	41.6	41.7	42.6	41.1	40.9	44.1	38.2	37.1	37.5	35.0	25.3	21.4	20.4	20.9	21.9	20.8
2018/01/12 14:51:34	54.1	27.8	27.8	47.6	47.6	55.1	55.1	55.5	55.5	52.4	49.0	47.7	45.0	45.6	45.1	46.9	45.7	42.5	43.0	43.0	42.6	42.9	46.2	40.9	41.5	39.8	35.6	27.7	23.5	20.8	21.4	21.9	20.9
2018/01/12 14:51:35	56.6	26.2	26.2	43.1	43.1	52.0	52.0	52.1	52.1	47.4	46.6	46.9	43.7	48.2	45.9	47.6	45.5	45.8	44.3	45.6	46.4	46.3	49.1	43.1	44.9	43.8	36.3	28.3	24.4	21.2	21.6	22.6	21.5
2018/01/12 14:51:36	60.8	27.8	27.8	43.7	43.7	54.6	54.6	55.0	55.0	49.9	48.7	53.3	48.3	51.9	49.3	50.4	49.1	49.2	48.7	49.6	51.8	51.2	52.5	47.7	48.6	48.3	41.4	33.7	27.5	23.3	22.7	23.7	22.5
2018/01/12 14:51:37	60.9	29.7	29.7	48.2	48.2	56.1	56.1	55.1	55.1	50.1	46.6	49.7	47.8	52.2	51.5	49.8	49.4	49.4	50.1	49.7	50.0	50.8	52.9	49.1	49.2	48.5	43.6	35.5	29.8	25.4	25.1	25.2	22.4
2018/01/12 14:51:38	59.8	30.2	30.2	45.0	45.0	53.7	53.7	54.2	54.2	48.6	44.0	48.1	46.1	52.2	49.3	47.9	48.0	51.3	49.6	50.8	49.5	49.2	51.4	45.6	46.0	46.0	42.3	32.5	27.7	25.4	24.2	24.4	22.3
2018/01/12 14:51:39	59.7	32.5	32.5	47.8	47.8	54.0	54.0	55.4	55.4	52.4	48.8	48.0	46.6	52.7	51.0	49.2	50.9	49.8	49.2	48.8	50.0	49.0	50.3	47.6	46.4	46.8	44.1	36.3	29.0	23.2	22.5	23.6	22.7
2018/01/12 14:51:40	55.6	26.8	26.8	45.0	45.0	51.2	51.2	50.3	50.3	45.7	42.6	46.1	45.1	49.7	50.6	46.5	45.8	46.8	45.5	45.7	44.2	44.7	46.6	42.0	40.9	41.0	39.5	33.8	26.5	22.4	21.7	22.8	21.9
2018/01/12 14:51:41	52.4	28.3	28.3	46.2	46.2	53.3	53.3	53.2	53.2	48.5	43.8	44.4	42.8	47.5	46.7	44.8	43.6	43.1	43.2	43.5	42.1	41.5	41.4	37.1	36.9	36.1	35.4	27.6	22.6	21.1	21.3	22.7	21.9
2018/01/12 14:51:42	52.4	26.4	26.4	48.3	48.3	56.8	56.8	55.7	55.7	50.8	48.7	46.1	40.2	45.9	46.3	47.5	44.1	41.4	43.8	45.2	42.7	40.7	39.3	34.3	33.6	30.7	27.5	22.5	20.6	20.9	21.5	22.7	21.9
2018/01/12 14:51:43	50.9	33.2	33.2	48.6	48.6	57.3	57.3	59.4	59.4	57.6	53.6	51.2	45.6	45.9	46.5	45.6	41.9	41.4	40.4	41.0	39.6	38.7	36.8	33.0	31.1	30.3	29.2	22.4	20.4	20.8	21.3	22.5	21.4
2018/01/12 14:51:44	50.3	35.7	35.7	49.5	49.5	59.6	59.6	60.2	60.2	56.7	54.5	49.8	42.9	45.5	45.6	42.3	40.5	40.3	40.1	40.1	39.2	38.3	36.8	33.3	31.7	32.1	31.1	24.5	21.3	21.0	21.4	22.9	22.1
2018/01/12 14:51:45	53.0	34.9	34.9	49.1	49.1	57.4	57.4	58.9	58.9	56.7	55.5	54.8	49.6	47.4	48.0	47.9	43.0	44.4	43.8	42.6	41.8	40.5	39.3	36.2	32.6	30.0	28.1	23.3	20.6	20.6	21.3	22.6	21.8
2018/01/12 14:51:46	49.9	30.8	30.8	45.1	45.1	54.7	54.7	57.7	57.7	55.4	51.4	47.4	40.1	44.7	45.0	42.4	41.9	41.0	40.1	40.3	39.1	38.7	38.0	33.1	30.9	27.7	25.6	22.0	20.3	20.7	21.3	22.6	21.7
2018/01/12 14:51:47	50.6	24.8	24.8	41.8	41.8	50.0	50.0	50.4	50.4	49.6	48.9	48.5	42.0	46.4	46.4	43.8	44.3	42.1	40.4	40.9	39.9	40.1	37.7	33.7	31.0	29.4	26.4	22.3	20.3	20.4	21.4	22.6	21.6
2018/01/12 14:51:48	52.1	27.8	27.8	46.0	46.0	53.9	53.9	53.8	53.8	50.5	48.4	47.2	41.0	44.6	48.1	43.6	42.4	45.3	42.6	43.4	41.8	42.2	39.4	35.7	33.4	30.4	26.5	22.1	20.2	20.5	21.3	22.5	21.6
2018/01/12 14:51:49	51.9	31.5	31.5	48.1	48.1	57.6	57.6	56.9	56.9	54.9	52.3	52.6	45.4	48.0	45.4	41.8	43.2	41.2	41.5	43.5	43.4	41.5	38.6	34.4	31.7	29.8	26.1	22.2	20.3	20.7	21.5	22.8	21.8
2018/01/12 14:51:50	58.2	34.0	34.0	53.2	53.2	63.3	63.3	64.4	64.4	60.8	58.3	58.1	49.2	49.2	49.4	44.5	46.9	47.5	46.4	49.2	50.0	50.5	45.9	40.9	41.3	40.6	33.9	24.1	20.4	20.7	21.4	22.8	22.1
2018/01/12 14:51:51	56.7	30.6	30.6	51.1	51.1	58.9	58.9	59.8	59.8	59.1	56.9	52.0	44.8	48.6	47.8	44.2	45.4	45.2	47.1	50.0	46.5	48.8	44.3	41.5	40.0	37.2	33.2	23.7	20.5	20.8	21.4	22.9	21.8
2018/01/12 14:51:52	52.8	33.0	33.0	50.5	50.5	59.3	59.3	60.5	60.5	58.2	53.9	52.7	44.7	45.5	46.3	42.8	43.4	43.8	43.1	43.8	42.6	42.8	41.1	36.5	33.8	32.0	27.2	22.6	20.4	20.9	21.3	22.7	21.7
2018/01/12 14:51:53	55.2	29.2	29.2	43.9	43.9	52.4	52.4	52.9	52.9	50.3	48.2	45.8	41.4	47.9	48.5	44.6	44.3	46.1	46.1	48.1	46.5	45.8	44.5	38.6	35.7	33.7	28.1	23.9	20.6	20.4	21.4	22.7	21.7
2018/01/12 14:51:54	58.4	27.0	27.0	42.5	42.5	51.6	51.6	52.0	52.0	47.1	44.2	47.2	45.1	51.4	51.2	48.9	49.4	48.2	49.5	50.5	50.2	49.7	46.9	41.5	39.1	37.9	31.8	25.7	21.7	20.8	21.5	22.9	21.8
2018/01/12 14:51:55	66.2	26.7	26.7	46.3	46.3	54.6	54.6	54.7	54.7	57.8	57.7	54.8	50.7	57.6	57.8	52.6	55.5	58.3	57.6	61.3	57.8	54.3	52.1	49.3	47.2	43.2	40.2	33.2	26.9	23.7	23.5	26.4	23.6
2018/01/12 14:51:56	63.0	30.8	30.8	46.9	46.9	54.5	54.5	57.3	57.3	56.4	53.4	51.6	45.7	52.8	55.2	50.6	53.4	53.6	53.9	55.2	53.9	54.3	51.6	48.1	47.2	46.4	42.6	35.6	31.4	28.9	28.6	26.7	22.6
2018/01/12 14:51:57	60.1	28.3	28.3	43.5	43.5	51.9	51.9	54.8	54.8	54.1	50.4	47.9	46.9	53.0	51.9	50.4	51.8	52.5	52.7	51.1	51.1	49.4	46.7	43.1	44.9	45.0	41.9	38.5	29.4	25.2	25.3	24.9	23.1
2018/01/12 14:51:58	54.9	25.2	25.2	42.6	42.6	51.5	51.5	54.2	54.2	53.6	52.4	52.0	47.3	51.7	48.8	45.7	46.8	45.7	45.7	46.0	43.7	43.4	44.8	39.5	37.7	36.0	35.5	32.6	24.8	21.8	21.6	22.7	21.8
2018/01/12 14:51:59	52.6	26.6	26.6	43.0	43.0	52.4	52.4	55.3	55.3	55.3	54.0	54.9	50.4	51.7	46.9	42.3	43.9	42.2	43.4	42.4	40.6	40.1	38.5	34.2	34.3	37.8	35.0	26.8	22.6	21.4	21.3	22.5	21.6
2018/01/12 14:52:00	50.7	26.0	26.0	43.2	43.2	52.1	52.1	54.6	54.6	50.8	45.2	44.3	41.0	45.7	44.3	42.6	43.1	41.2	41.8	41.3	40.5	38.8	37.0	34.3	33.9	38.5	37.3	26.8	22.1	21.2	21.6	22.8	22.2
2018/01/12 14:52:01	51.3	31.8	31.8	50.2	50.2	58.5	58.5	60.5	60.5	58.4	53.2	51.3	44.8	48.2	45.5	42.2	43.5	41.9	42.0	40.8	39.7	38.0	36.8	33.5	32.8	35.5	34.8	25.8	21.5	20.6	21.5	22.7	21.9
2018/01/12 14:52:02	50.9	29.0	29.0	46.6	46.6	55.1	55.1	56.8	56.8	53.1	49.0	46.7	43.4	47.2	46.2	42.6	42.2	41.4	41.4	42.4	41.6	39.5	36.8	33.6	32.1	33.3	33.0	25.3	21.5	20.8	21.3	22.4	21.6
2018/01/12 14:52:03	48.6	25.7	25.7	42.7	42.7	51.5	51.5	53.5	53.5	52.9	47.4	47.2	39.9	43.1	42.5	39.2	40.4	39.2	39.4	39.9	37.8	36.8	35.4	33.0	32.1	32.4	33.0	25.3	21.2	20.6	21.1	22.3	21.3
2018/01/12 14:52:04	49.4	27.3	27.3	43.3	43.3	52.6	52.6	55.1	55.1	52.6	47.4	46.1	43.4	44.9	42.5	39.1	43.0	41.3	39.8	40.6	38.7	37.8	36.2	33.8	31.9	32.0	32.0	25.9	21.9	20.9	21.6	22.7	21.8
2018/01/12 14:52:05	50.1	29.1	29.1	44.9	44.9	55.1	55.1	56.8	56.8	54.1	53.3	53.5	46.4	47.5	42.4	39.6	40.1	39.3	39.9	40.5	39.2	37.4	36.8	34.4	32.6	32.7	33.6	26.8	21.8	21.0	21.4	22.6	21.5
2018/01/12 14:52:06	50.4	27.5	27.5	43.4	43.4	52.6	52.6	53.9	53.9	51.8	49.9	51.7	45.9	46.4	42.4	42.1	43.1	41.6	41.7	41.3	39.3	37.9	36.0	34.9	33.0	32.6	33.7	27.3	22.0	20.9	21.4	22.7	21.6
2018/01/12 14:52:07	50.7	30.1	30.1	45.4	45.4	54.8	54.8	57.9	57.9	56.1	53.0	55.6	43.6	46.3	43.0	40.0	41.3	40.2	41.2	41.2	39.8	38.6	36.3	33.2	32.3	31.9	31.2	24.5	20.7	20.5	21.3	22.1	21.3
2018/01/12 14:52:08	49.5	31.7	31.7	48.2	48.2	55.0	55.0	58.5	58.5	56.9	52.3	52.0	42.9	46.4	41.5	39.7	41.2	39.7	39.3	39.8	39.1	37.3	35.5	32.2	31.0	30.4	27.3	22.9	20.6	20.7	21.4	22.6	21.6
2018/01/12 14:52:09	48.0	27.2	27.2	44.0	44.0	52.4	52.4	51.7	51.7	49.2	45.8	47.3	40.9	42.8	40.9	39.6	40.4	37.8	38.9	40.1	38.4	36.9	35.2	31.4	29.5	27.1	25.1	21.6	20.2	20.6	21.3	22.6	21.4
2018/01/12 14:52:10	47.7	26.2	26.2	42.0	42.0	52.3	52.3	52.6	52.6	46.3	43.8	43.0	38.5	41.3	40.7	38.7	40.4	38.5	38.5	39.4	39.3	37.2	34.8	31.1	29.4	27.1	25.1	21.1	20.1	20.0	21.0	22.2	21.0
2018/01/12 14:52:11	48.5	28.5	28.5	45.2	45.2	55.1	55.1	57.1	57.1	52.4	49.4	47.3	42.2	42.7	42.4	40.1	39.6	39.4	38.6	39.8	39.2	37.3	35.1	31.3	29.6	27.2	25.0	21.5	20.3	20.7	21.2	22.6	21.4
2018/01/12 14:52:12	50.5	30.0	30.0	45.3	45.3	57.2	57.2	60.5	60.5	58.1	53.6	53.5	46.0	46.0	42.5	39.8	39.8	39.6	41.4	40.6	40.2	38.9	36.1	33.0	31.8	28.8	26.5	21.4	20.3	20.5	21.1	22.5	21.5
2018/01/12 14:52:13	48.1	24.4	24.4	39.0	39.0	49.7	49.7	50.6	50.6	45.2	40.1	42.9	41.3	42.7	41.1	40.2	40.8	40.1	38.5	39.5	38.9	38.0	35.6	31.5	29.3	27.3	24.7	21.6	20.4	20.5	21.5	22.9	22.0
2018/01/12 14:52:14	48.8	23.9	23.9	38.4	38.4	48.1	48.1	49.8	49.8	46.4	41.7	42.8	41.0	42.4	40.0	40.8	41.7	39.9	39.5	40.3	41.0	37.9	35.9	32.1	29.6	27.5	25.1	21.4	20.2	20.5	21.2	22.5	21.6
2018/01/12 14:52:15	49.0	24.0	24.0	38.3	38.3	47.2	47.2	49.7	49.7	46.7	43.8	42.8	38.7	42.5	40.5	38.8	40.7	40.4	39.9	40.5	40.8	39.0	36.9	33.7	30.2	27.9	25.0	21.5	20.5	20.7	21.4	22.9	21.8
2018/01/12 14:52:16	49.3	25.7	25.7	37.5	37.5	49.2	49.2	50.6	50.6	46.7	42.1	44.9	40.6	43.4	42.8	40.2	44.7	41.4	39.0	39.7	39.2	38.5	37.2	32.5	31.4	29.1	28.3	23.6	20.9	20.8	21.4	22.7	21.9
2018/01/12 14:52:17	49.3	24.5	24.5	37.3	37.3	47.6	47.6	50.3	50.3	46.8	41.5	45.5	45.4	44.5	41.9	41.7	42.3	41.8	40.2	40.7	39.9	38.2	36.1	32.0	29.9	27.1	24.6	21.6	20.4	20.7	21.4	22.9	22.0
2018/01/12 14:52:18	48.2	23.6	23.6	40.2	40.2	49.1	49.1	50.1	50.1	46.6	41.6	42.4	38.6	42.9	40.9	39.1	40.8	39.2	38.5	39.7	39.2	37.9	37.0	31.6	29.8	26.4	24.8	21.4	20.6	20.8	21.4	23.1	22.1
2018/01/12 14:52:19	47.9	27.6	27.6	42.4	42.4	51.8	51.8	52.3	52.3	49.1	46.2	44.6	40.2	42.6	40.4	37.6	39.8	39.1	39.0	39.1	39.2	37.7	35.5	31.0	29.4	26.6	24.5	21.4	20.2	20.6	21.5	22.9	21.6
2018/01/12 14:52:20	48.1	22.7	22.7	40.6	40.6	48.5	48.5	48.9	48.9	46.8	41.9	43.5	40.7	43.2	40.6	39.9	41.1	40.3	38.3	39.2	38.9	38.0	35.7	31.3	29.3	26.5	26.2	22.2	20.4	20.9	21.3	22.4	21.7
2018/01/12 14:52:21	48.0	24.9	24.9	38.0	38.0	47.8	47.8	50.2	50.2	46.3	42.1	44.0	40.8	42.4	40.4	39.1	41.4	39.0	38.1	40.1	39.0	37.6	35.5	31.2	29.3	26.3	24.3	21.3	20.4	20.9	21.1	22.7	22.0
2018/01/12 14:52:22	48.3	24.4	24.4	37.1	37.1	46.9	46.9	51.4	51.4	50.5	48.4	49.5	42.7	44.0	40.0	39.3	39.6	39.5	38.4	39.0	38.3	38.2	35.5	31.5	30.3	26.7	24.6	21.5	20.1	20.8	21.3	22.4	21.4
2018/01/12 14:52:23	47.9	23.4	23.4	37.5	37.5	47.2	47.2	48.4	48.4	46.1	41.4	43.0	40.4	42.3	40.3	39.2	39.5	38.8	38.9	39.2	39.1	37.9	35.6	31.8	30.7	27.0	25.8	22.5	20.6	20.7	21.5	22.7	22.0
2018/01/12 14:52:24	51.0	24.8	24.8	38.0	38.0	46.9	46.9	49.1	49.1	50.3	46.2	42.8	39.1	45.2	44.3	42.1	48.5	43.1	41.1	40.1	39.0	38.0	37.7	33.4	31.8	34.5	34.4	25.9	22.8	20.8	21.5	22.8	21.8
2018/01/12 14:52:25	49.3	24.6	24.6	39.3	39.3	49.3	49.3	50.0	50.0	50.1	50.0	44.8	43.2	43.7	41.6	41.9	42.1	43.9	37.0	39.9	39.3	37.6	36.1	32.5	30.3	28.9	27.8	26.6	23.3	21.7	21.8	22.7	21.6
2018/01/12 14:52:26	49.0	24.4	24.4	40.1	40.1	50.3	50.3	51.4	51.4	48.7	50.6	46.2	39.9	42.0	40.5	39.6	41.4	39.7	38.7	39.8	39.9	38.7	38.1	33.8	31.7	28.2	28.1	22.7	20.8	21.1	21.4	22.6	21.6
2018/01/12 14:52:27	48.2	24.1	24.1	40.9	40.9	49.0	49.0	47.5	47.5	47.6	46.7	43.4	39.9	43.3	39.4	40.6	41.8	39.9	38.9	38.8	38.7	38.0	36.3	31.8	29.6	26.0	25.6	21.2	20.7	20.7	21.3	22.7	21.9
2018/01/12 14:52:28	49.0	25.6	25.6	41.3	41.3	50.4	50.4	50.3	50.3	49.1	44.0	41.8	40.1	43.1	41.6	40.0	42.3	39.7	39.0	40.6	40.3	37.7	39.0	32.4	29.9	28.0	26.2	22.5	20.9	20.7	21.4	22.6	21.7
2018/01/12 14:52:29	48.4	26.8	26.8	42.5	42.5	51.9	51.9	54.0	54.0	52.4	46.2	44.0	42.8	42.8	40.4	39.7	40.9	38.8	37.3	38.9	38.9	38.3	37.8	32.6	29.8	27.3	25.0	22.9	21.0	20.4	21.2	22.3	21.2
2018/01/12 14:52:30	48.8	28.3	28.3	44.4	44.4	53.6	53.6	55.0	55.0	53.4	49.8	50.1	45.8	45.1	42.8	39.3	40.3	38.9	38.5	38.5	38.4	38.6	36.1	32.7	30.6	27.5	26.7	21.5	20.2	20.7	21.4	22.8	22.0
2018/01/12 14:52:31	50.4	30.4	30.4	47.4	47.4	57.6	57.6	61.0	61.0	59.7	55.0	51.2	46.5	46.2	43.2	41.3	42.5	39.7	39.0	40.1	39.4	38.6	36.4	32.6	30.0	27.2	26.1	21.8	20.3	20.6	21.2	22.8	21.7
2018/01/12 14:52:32	50.7	25.4	25.4	41.1	41.1	51.4	51.4	51.5	51.5	47.9	46.2	43.1	41.7	43.2	41.1	41.0	42.3	40.5	38.8	41.3	40.0	38.7	37.4	36.5	40.6	39.7	36.6	29.5	26.4	22.3	21.7	22.8	21.8
2018/01/12 14:52:33	48.6	28.9	28.9	46.8	46.8	55.0	55.0	56.1	56.1	53.3	48.3	46.6	39.9	42.8	41.5	40.6	42.1	40.1	38.2	39.3	38.6	37.5	35.8	31.9	30.6	27.9	25.9	22.1	20.6	20.7	21.5	22.9	21.8
2018/01/12 14:52:34	48.4	24.9	24.9	42.6	42.6	53.3	53.3	55.3	55.3	49.6	44.3	46.9	40.4	43.9	41.7	39.8	41.3	40.1	39.2	39.0	39.0	36.9	35.8	32.5	31.1	27.3	24.6	21.1	20.2	20.6	21.6	22.7	21.9
2018/01/12 14:52:35	48.3	26.9	26.9	42.5	42.5	52.2	52.2	56.1	56.1	52.6	47.0	48.2	39.8	42.2	39.8	40.2	40.9	38.7	37.6	39.4	38.8	37.5	36.0	32.6	30.8	27.9	24.9	22.0	20.4	20.7	21.4	22.8	21.6
2018/01/12 14:52:36	49.2	29.5	29.5	41.6	41.6	54.6	54.6	58.3	58.3	53.7	46.9	46.6	40.0	43.9	42.1	40.4	42.5	39.9	37.9	39.0	38.3	38.1	39.1	33.4	32.4	30.7	26.0	22.6	20.4	20.9	21.2	22.7	21.8
2018/01/12 14:52:37	49.0	26.1	26.1	40.0	40.0	51.7	51.7	54.9	54.9	49.9	43.7	50.8	39.4	44.5	42.8	40.7	41.5	40.0	38.9	39.6	39.2	38.9	36.1	32.7	32.2	27.3	24.7	21.6	20.2	20.6	21.6	22.7	21.8
2018/01/12 14:52:38	49.3	23.5	23.5	41.0	41.0	50.9	50.9	52.9	52.9	48.7	44.0	46.9	41.2	44.6	41.5	41.0	42.3	39.9	38.5	40.2	40.0	39.3	37.5	33.3	32.5	30.8	30.5	23.6	20.7	20.6	21.4	22.6	21.8
2018/01/12 14:52:39	49.0	24.9	24.9	41.9	41.9	51.4	51.4	53.3	53.3	49.4	44.6	43.5	41.2	42.6	41.4	41.8	42.1	40.0	39.2	40.3	39.4	38.8	37.3	33.4	30.8	28.0	25.8	21.8	20.4	20.5	21.3	22.7	21.6
2018/01/12 14:52:40	49.3	27.7	27.7	43.4	43.4	52.6	52.6	53.4	53.4	49.5	45.2	44.4	41.3	45.4	42.1	41.0	42.0	41.6	39.9	40.8	39.3	39.1	35.8	33.2	31.5	28.5	27.5	21.8	20.2	20.5	21.2	22.5	21.4
2018/01/12 14:52:41	49.6	25.3	25.3	40.7	40.7	50.5	50.5	52.6	52.6	48.0	42.8	43.5	41.4	45.0	41.0	41.3	42.5	42.0	40.7	40.7	40.3	38.7	36.8	33.9	31.6	28.5	25.9	22.4	20.7	20.9	21.5	22.9	21.9
2018/01/12 14:52:42	49.3	23.5	23.5	40.6	40.6	48.5	48.5	48.7	48.7	45.3	42.3	42.6	41.2	45.7	40.9	41.2	42.7	40.5	40.1	40.3	40.1	38.7	37.1	33.6	32.0	29.1	25.6	21.7	20.4	20.8	21.2	22.6	21.5
2018/01/12 14:52:43	49.7	27.5	27.5	41.2	41.2	51.2	51.2	52.3	52.3	47.4	43.4	44.6	41.9	43.8	43.9	42.6	42.0	41.0	40.4	40.6	40.2	39.3	37.2	34.7	32.4	28.6	25.7	22.1	20.1	20.8	21.2	22.7	21.6
2018/01/12 14:52:44	49.7	25.8	25.8	40.3	40.3	49.0	49.0	48.5	48.5	43.5	41.3	41.7	39.9	46.1	44.0	41.8	43.5	40.5	40.0	40.1	40.0	39.6	37.4	34.3	32.6	29.4	26.4	21.6	20.2	20.5	21.2	22.4	21.4
2018/01/12 14:52:45	49.7	23.6	23.6	39.1	39.1	49.5	49.5	50.3	50.3	46.8	44.2	45.8	42.6	43.8	41.4	41.7	43.5	40.3	40.1	41.0	39.9	39.2	38.0	34.5	32.5	29.9	26.6	21.9	20.4	20.8	21.5	22.6	21.7
2018/01/12 14:52:46	49.3	24.4	24.4	39.0	39.0	48.2	48.2	49.2	49.2	45.9	42.3	45.0	40.7	43.5	41.7	42.1	41.9	40.3	39.8	40.6	39.5	38.8	37.3	34.4	32.9	29.9	27.8	22.5	20.2	20.6	21.5	22.8	21.6
2018/01/12 14:52:47	50.7	24.7	24.7	39.1	39.1	48.9	48.9	49.9	49.9	46.2	41.8	43.0	40.9	45.6	44.1	42.7	44.0	41.5	41.9	41.3	41.6	40.4	38.5	35.7	32.5	30.5	27.0	23.4	20.9	20.7	21.5	22.6	21.7
2018/01/12 14:52:48	51.4	24.8	24.8	41.4	41.4	51.1	51.1	51.0	51.0	46.1	44.8	44.4	42.8	45.3	42.0	42.7	43.9	42.6	43.1	42.2	42.5	41.2	39.7	37.3	34.3	31.8	27.4	23.0	20.3	20.7	21.4	22.4	21.7
2018/01/12 14:52:49	53.4	25.9	25.9	42.6	42.6	51.0	51.0	51.0	51.0	47.9	44.9	47.6	41.6	46.2	44.4	43.1	44.9	44.2	46.9	43.6	43.2	43.8	41.6	39.3	38.8	33.9	28.8	23.7	20.7	21.0	21.4	22.8	22.0
2018/01/12 14:52:50	55.2	26.2	26.2	42.7	42.7	52.3	52.3	52.4	52.4	49.2	47.9	51.6	44.1	46.7	45.7	44.9	46.7	45.2	45.7	45.6	45.2	47.0	44.6	42.5	40.6	36.4	31.1	25.1	20.9	20.8	21.3	22.7	21.7
2018/01/12 14:52:51	57.1	26.3	26.3	42.1	42.1	51.8	51.8	53.6	53.6	49.6	44.0	49.7	44.4	48.5	45.8	46.3	46.4	47.6	47.9	47.2	47.9	49.7	46.1	43.8	42.2	38.8	33.0	25.6	21.2	20.7	21.4	23.0	21.9
2018/01/12 14:52:52	58.5	26.6	26.6	39.8	39.8	52.9	52.9	56.4	56.4	50.7	45.5	51.0	44.0	47.4	47.2	45.4	48.1	48.9	49.9	47.9	49.3	50.8	48.7	45.6	44.1	39.9	33.5	26.1	21.1	20.7	21.4	22.7	21.7
2018/01/12 14:52:53	62.3	27.0	27.0	39.9	39.9	53.8	53.8	57.6	57.6	52.2	48.1	50.1	43.1	50.0	49.2	48.5	50.5	49.6	51.9	51.1	53.7	56.1	53.1	49.4	47.0	43.9	36.8	30.2	23.1	22.4	21.8	22.9	21.7
2018/01/12 14:52:54	72.4	30.9	30.9	46.7	46.7	59.3	59.3	61.8	61.8	58.2	56.3	57.7	52.1	59.1	58.4	57.6	60.8	60.7	62.9	66.7	62.3	63.6	60.5	59.9	58.9	54.2	49.6	40.2	34.1	30.8	26.1	25.7	23.9
2018/01/12 14:52:55	71.7	34.7	34.7	49.8	49.8	62.6	62.6	63.8	63.8	60.0	59.9	57.0	52.4	60.6	61.1	56.8	58.4	61.3	61.7	62.2	62.8	63.8	60.9	60.1	59.0	56.3	52.9	45.1	39.5	37.2	35.3	33.5	27.8
2018/01/12 14:52:56	65.4	31.1	31.1	45.6	45.6	55.9	55.9	57.5	57.5	54.0	54.6	52.7	49.2	54.8	55.1	52.4	53.8	56.4	57.7	56.5	57.3	54.8	54.2	51.9	50.6	48.9	49.2	43.4	36.5	29.7	25.2	24.6	23.6
2018/01/12 14:52:57	56.0	31.3	31.3	47.9	47.9	56.2	56.2	57.0	57.0	54.5	53.6	50.4	43.6	50.8	50.4	46.7	47.8	48.8	48.5	46.4	47.1	45.4	42.1	39.5	36.4	35.0	31.9	25.4	21.5	21.0	21.3	22.5	21.7
2018/01/12 14:52:58	55.8	30.1	30.1	45.2	45.2	54.7	54.7	56.2	56.2	54.1	52.0	55.1	51.2	51.6	49.5	47.4	48.0	49.7	46.8	46.6	46.4	44.3	40.6	37.7	34.5	32.7	30.6	24.0	20.8	20.8	21.5	22.6	21.5
2018/01/12 14:52:59	57.1	34.1	34.1	51.0	51.0	60.0	60.0	61.9	61.9	60.0	56.6	54.5	49.0	50.2	48.4	46.2	49.1	47.9	47.6	49.5	48.8	47.0	43.2	39.6	36.5	33.0	29.7	23.5	20.3	20.7	21.3	22.5	21.5
2018/01/12 14:53:00	55.0	30.4	30.4	44.6	44.6	55.0	55.0	57.4	57.4	57.3	55.0	50.1	45.0	48.6	46.3	50.1	47.7	45.6	45.2	45.1	45.8	45.0	42.3	38.4	37.1	34.9	30.2	24.1	20.7	20.6	21.4	23.0	21.9
2018/01/12 14:53:01	55.9	33.5	33.5	51.4	51.4	61.1	61.1	62.3	62.3	61.2	57.2	60.1	53.1	52.7	47.3	47.6	47.8	45.8	44.8	45.6	45.2	43.8	42.5	39.4	39.1	36.7	31.8	25.0	20.6	20.8	21.3	22.8	22.0
2018/01/12 14:53:02	56.8	28.1	28.1	48.2	48.2	57.8	57.8	60.3	60.3	59.8	57.4	55.8	50.2	50.8	46.9	49.2	49.5	47.8	46.5	46.0	46.8	45.7	44.2	43.3	43.0	41.5	36.1	28.9	21.9	21.1	21.3	22.9	21.9
2018/01/12 14:53:03	62.6	28.3	28.3	47.4	47.4	57.3	57.3	60.2	60.2	63.3	60.8	56.1	53.4	56.7	53.3	54.2	53.5	51.0	51.4	51.2	53.8	52.7	49.5	50.5	51.4	49.4	44.6	35.5	27.8	24.4	23.3	23.1	21.6
2018/01/12 14:53:04	71.2	33.9	33.9	52.4	52.4	60.7	60.7	60.9	60.9	66.1	65.4	54.6	59.1	65.3	61.2	60.1	61.3	57.1	58.2	60.8	63.0	61.8	60.1	58.9	60.3	58.5	54.7	45.1	39.6	38.2	39.8	36.3	28.8
2018/01/12 14:53:05	72.6	33.9	33.9	55.7	55.7	64.2	64.2	65.0	65.0	66.3	63.8	60.3	60.1	63.0	57.3	62.2	63.6	64.0	60.4	62.8	64.1	62.3	61.9	59.1	60.6	59.1	57.4	49.6	44.0	42.6	41.7	39.5	33.5
2018/01/12 14:53:06	62.9	32.6	32.6	53.5	53.5	61.3	61.3	59.9	59.9	60.2	56.6	56.2	51.8	51.4	50.6	54.8	57.5	53.2	49.8	52.2	53.1	52.5	51.8	49.7	49.1	47.8	48.6	44.9	38.3	32.0	28.2	26.3	23.4
2018/01/12 14:53:07	54.6	38.4	38.4	56.0	56.0	65.5	65.5	66.1	66.1	62.2	58.2	55.9	48.1	48.7	44.1	43.8	45.6	44.6	42.1	43.9	44.8	43.4	41.8	40.4	37.4	35.8	33.9	28.9	24.3	21.6	21.4	22.5	21.7
2018/01/12 14:53:08	52.1	33.8	33.8	51.4	51.4	59.8	59.8	60.9	60.9	58.4	52.4	49.8	43.5	45.1	44.1	43.5	44.7	42.6	42.2	42.3	42.0	41.8	38.6	37.2	35.7	32.4	31.4	25.2	21.4	20.9	21.5	22.8	21.6
2018/01/12 14:53:09	52.2	34.8	34.8	48.1	48.1	56.2	56.2	58.9	58.9	57.3	51.9	49.9	43.5	45.4	45.5	44.3	44.4	42.2	41.5	42.5	43.0	41.8	40.0	37.2	35.3	32.6	30.8	25.0	21.1	21.0	21.4	22.6	22.0
2018/01/12 14:53:10	51.5	25.5	25.5	41.6	41.6	51.5	51.5	53.8	53.8	52.2	48.3	48.8	42.2	46.0	44.4	42.2	43.4	42.1	41.2	42.4	42.9	42.4	39.5	35.7	34.1	31.3	29.3	24.5	20.6	20.7	21.4	22.9	22.1
2018/01/12 14:53:11	49.9	27.2	27.2	45.0	45.0	53.1	53.1	54.2	54.2	51.1	46.9	46.2	42.3	44.6	43.8	41.7	43.2	40.0	39.1	41.5	40.2	40.1	37.3	33.1	31.9	28.6	26.7	22.3	20.3	20.6	21.2	22.7	21.6
2018/01/12 14:53:12	49.8	28.9	28.9	44.8	44.8	53.5	53.5	55.9	55.9	54.5	48.0	47.0	42.8	44.9	44.4	42.3	42.6	39.3	38.9	40.0	40.4	39.9	37.1	32.9	31.0	28.1	26.3	22.2	20.5	20.7	21.6	22.7	21.7
2018/01/12 14:53:13	50.3	28.4	28.4	47.8	47.8	56.4	56.4	56.7	56.7	54.9	51.6	50.1	43.3	45.8	43.9	42.4	43.1	40.2	39.9	40.9	41.0	39.2	37.1	33.5	31.2	28.6	26.4	22.4	20.4	20.7	21.2	22.7	21.6
2018/01/12 14:53:14	50.4	26.6	26.6	46.3	46.3	54.8	54.8	58.5	58.5	58.7	52.6	51.8	43.7	47.9	45.0	40.9	42.1	39.5	40.4	39.9	40.3	38.7	36.4	32.5	31.0	28.5	26.1	21.9	20.3	20.9	21.3	22.7	21.6
2018/01/12 14:53:15	50.9	28.6	28.6	45.0	45.0	56.8	56.8	60.8	60.8	60.2	56.5	52.2	46.2	49.0	45.6	40.7	42.2	39.1	39.6	39.2	39.9	38.6	36.2	32.6	30.4	28.6	26.7	22.0	20.2	20.6	21.1	22.3	21.4
2018/01/12 14:53:16	50.4	26.6	26.6	41.2	41.2	53.3	53.3	59.0	59.0	58.4	51.5	51.8	45.9	48.5	44.5	41.8	42.6	38.5	39.6	39.4	39.8	38.6	36.5	33.6	31.1	28.3	26.0	22.0	19.9	20.2	20.9	21.8	20.9
2018/01/12 14:53:17	50.5	28.0	28.0	43.4	43.4	54.1	54.1	59.6	59.6	57.8	51.5	52.0	44.4	48.6	45.3	40.9	41.8	40.4	39.6	39.7	40.2	39.5	36.0	33.0	30.9	28.6	26.0	21.9	20.1	20.2	21.1	21.9	20.8
2018/01/12 14:53:18	50.3	26.4	26.4	43.0	43.0	53.3	53.3	57.8	57.8	57.7	52.6	52.6	44.4	48.3	44.9	41.2	41.8	39.4	38.7	40.4	40.1	38.4	36.1	33.3	31.6	29.2	26.7	22.7	20.5	20.6	21.3	22.6	21.7
2018/01/12 14:53:19	50.4	28.7	28.7	44.6	44.6	55.0	55.0	57.8	57.8	55.8	52.4	52.5	44.2	48.1	44.9	41.8	41.6	40.7	39.7	40.3	40.1	39.1	36.6	33.3	31.3	28.8	26.6	22.8	20.8	20.8	21.2	22.6	21.5
2018/01/12 14:53:20	50.1	28.1	28.1	44.1	44.1	54.4	54.4	56.9	56.9	54.7	51.8	51.4	44.1	46.5	45.0	42.4	41.4	39.9	38.8	40.1	39.9	39.0	37.5	34.0	31.3	30.7	28.9	24.2	21.3	21.0	21.5	22.9	22.1
2018/01/12 14:53:21	50.5	27.4	27.4	46.0	46.0	55.0	55.0	58.5	58.5	57.0	50.6	51.6	44.5	47.8	45.2	42.2	41.2	40.0	39.4	39.9	40.6	39.4	38.2	33.3	30.9	28.5	26.7	22.6	20.5	20.8	21.4	22.6	21.7
2018/01/12 14:53:22	49.9	27.4	27.4	43.4	43.4	54.1	54.1	57.4	57.4	55.5	50.7	52.2	44.7	48.0	44.6	40.2	41.6	39.0	38.5	39.5	39.1	38.4	36.3	33.3	31.9	30.4	28.9	24.7	21.8	21.9	23.0	23.7	22.5
2018/01/12 14:53:23	50.1	26.3	26.3	43.2	43.2	54.5	54.5	57.9	57.9	54.9	50.6	50.0	43.1	47.4	43.8	39.4	41.0	39.7	41.0	41.2	39.4	38.4	36.1	34.6	32.8	32.6	32.2	29.8	26.4	24.7	23.8	24.4	23.2
2018/01/12 14:53:24	50.2	26.6	26.6	44.4	44.4	54.8	54.8	58.9	58.9	57.2	51.3	51.2	45.9	48.4	45.1	40.3	41.1	39.2	40.2	39.5	39.8	38.3	36.3	34.1	31.6	29.8	27.8	23.6	21.3	21.0	21.6	22.7	21.7
2018/01/12 14:53:25	50.9	26.9	26.9	43.2	43.2	54.9	54.9	58.0	58.0	57.3	52.2	52.8	44.9	48.4	47.1	40.8	42.3	40.8	40.4	40.0	40.2	39.8	36.4	34.8	33.5	30.7	29.2	23.8	21.5	20.8	21.5	22.9	21.8
2018/01/12 14:53:26	50.8	27.3	27.3	43.5	43.5	53.8	53.8	56.4	56.4	53.9	51.3	51.7	43.6	49.3	45.0	41.6	43.2	41.2	39.6	41.2	40.3	39.3	37.2	34.1	32.9	31.5	29.5	24.0	20.8	20.6	21.4	22.7	21.6
2018/01/12 14:53:27	53.6	26.3	26.3	44.4	44.4	53.7	53.7	56.4	56.4	55.2	54.1	54.1	45.9	49.6	46.9	43.3	44.4	45.1	46.5	43.0	41.4	42.2	41.1	39.4	36.4	35.6	34.6	29.9	23.2	21.3	21.7	22.7	21.7
2018/01/12 14:53:28	56.4	27.6	27.6	45.0	45.0	53.8	53.8	57.2	57.2	57.5	54.9	55.9	45.3	50.1	49.9	44.0	49.8	45.6	50.0	46.2	44.7	45.0	44.6	43.1	40.7	39.1	39.0	33.7	24.8	21.9	21.6	22.8	21.7
2018/01/12 14:53:29	56.1	29.7	29.7	47.1	47.1	56.5	56.5	58.6	58.6	56.8	53.5	57.8	48.8	50.9	49.9	45.8	47.9	46.2	47.4	44.7	45.1	45.0	43.8	42.3	41.7	39.0	38.6	33.0	24.8	21.9	21.4	22.5	21.4
2018/01/12 14:53:30	54.1	27.1	27.1	44.4	44.4	54.9	54.9	59.6	59.6	58.4	53.4	56.0	45.1	49.3	47.9	46.3	46.6	44.3	45.3	42.3	42.2	42.4	41.5	39.6	39.4	36.5	37.2	32.5	25.7	22.8	23.0	23.7	22.4
2018/01/12 14:53:31	53.6	27.9	27.9	43.9	43.9	54.0	54.0	56.3	56.3	54.4	51.9	54.7	47.1	49.2	48.8	44.0	44.5	43.0	43.2	42.0	42.5	42.8	41.5	39.4	40.1	37.8	36.9	31.1	25.4	22.8	22.1	23.1	22.2
2018/01/12 14:53:32	50.9	27.2	27.2	44.8	44.8	52.7	52.7	57.5	57.5	56.3	52.3	52.5	47.4	51.0	46.5	42.1	41.4	40.9	40.9	39.6	39.1	38.4	37.0	33.7	32.6	29.7	28.1	23.3	21.0	21.1	21.6	22.8	22.0
2018/01/12 14:53:33	51.4	25.1	25.1	45.8	45.8	55.1	55.1	58.5	58.5	57.8	53.1	51.4	46.6	50.3	47.8	44.2	42.3	42.0	41.2	39.6	40.6	39.0	36.9	33.6	32.6	31.8	29.7	25.7	22.9	21.2	21.9	23.0	22.0
2018/01/12 14:53:34	51.0	25.5	25.5	44.7	44.7	55.4	55.4	58.8	58.8	56.0	52.1	52.6	45.8	50.0	47.1	43.9	43.2	41.2	40.3	39.6	40.1	38.7	35.6	32.8	31.6	28.7	26.6	23.0	20.7	20.8	21.2	22.4	21.5
2018/01/12 14:53:35	51.8	25.3	25.3	44.0	44.0	54.4	54.4	58.4	58.4	56.4	53.5	53.2	46.9	50.8	47.8	44.6	46.8	42.4	40.6	41.1	39.9	37.8	35.1	32.5	31.7	30.2	28.5	23.4	20.8	20.5	21.1	22.4	21.5
2018/01/12 14:53:36	50.8	25.6	25.6	43.1	43.1	53.1	53.1	55.4	55.4	53.1	53.3	52.9	45.8	48.0	46.7	42.8	44.5	42.3	39.6	40.8	39.9	38.6	34.7	33.0	31.5	27.7	25.7	22.1	20.0	20.8	21.2	22.7	21.2
2018/01/12 14:53:37	49.5	24.7	24.7	41.7	41.7	51.4	51.4	55.8	55.8	55.1	49.2	49.5	44.3	47.1	44.8	41.2	44.3	40.1	38.5	39.1	38.6	37.4	34.5	32.4	30.5	28.0	27.6	22.7	21.0	20.8	21.4	22.7	21.8
2018/01/12 14:53:38	49.5	25.2	25.2	42.9	42.9	50.7	50.7	51.4	51.4	47.3	44.5	43.4	39.3	45.1	43.0	42.5	46.0	42.1	39.4	39.3	39.3	37.6	34.6	32.0	30.2	28.1	26.2	21.4	20.2	20.5	21.0	22.4	21.3
2018/01/12 14:53:39	48.5	24.1	24.1	41.3	41.3	51.6	51.6	51.7	51.7	45.4	41.6	42.8	40.6	45.1	43.1	40.6	42.9	41.5	39.1	39.7	37.6	36.9	34.7	31.7	30.1	27.6	25.1	22.2	20.7	20.7	21.4	22.7	21.6
2018/01/12 14:53:40	48.4	27.3	27.3	42.5	42.5	51.9	51.9	51.4	51.4	44.5	42.4	42.3	39.8	42.8	43.2	41.0	43.8	39.9	38.6	38.2	38.4	37.7	35.1	31.9	29.8	27.3	25.9	22.4	20.9	20.8	21.3	22.7	21.7
2018/01/12 14:53:41	49.0	26.4	26.4	43.3	43.3	51.9	51.9	51.0	51.0	46.0	42.9	42.9	40.6	44.8	42.9	41.8	43.6	40.2	40.4	40.4	37.8	37.6	35.6	32.9	31.6	28.2	26.8	22.0	20.3	20.4	21.1	22.5	21.2
2018/01/12 14:53:42	49.3	25.6	25.6	43.6	43.6	53.3	53.3	53.4	53.4	46.5	41.7	42.6	40.0	43.8	43.7	41.2	43.7	41.6	40.5	40.2	40.3	37.5	34.9	32.6	30.9	27.9	28.1	22.6	20.3	20.3	21.0	22.2	21.0
2018/01/12 14:53:43	49.5	23.8	23.8	42.2	42.2	50.4	50.4	52.5	52.5	49.5	44.3	43.1	38.9	44.8	43.8	43.1	45.2	40.9	39.8	40.2	38.3	38.4	35.9	33.4	32.0	28.8	26.8	21.6	19.9	20.2	21.2	22.0	21.0
2018/01/12 14:53:44	49.6	24.2	24.2	42.6	42.6	50.4	50.4	50.0	50.0	47.6	44.9	45.8	41.0	45.2	43.3	41.2	44.1	41.2	41.7	40.7	38.9	38.4	36.0	33.6	31.6	28.4	26.2	21.7	20.1	20.2	21.2	22.1	21.0
2018/01/12 14:53:45	50.4	25.5	25.5	42.1	42.1	50.7	50.7	50.7	50.7	46.9	42.7	44.6	42.2	47.4	46.0	43.0	45.4	42.1	42.7	40.0	39.3	38.0	36.0	33.5	31.4	28.4	27.0	22.5	20.6	20.7	21.5	22.8	21.6
2018/01/12 14:53:46	50.3	25.9	25.9	43.5	43.5	52.3	52.3	51.5	51.5	46.3	42.8	43.9	41.8	46.5	44.6	44.7	45.6	42.1	40.6	41.1	39.7	38.9	36.3	33.3	31.4	28.4	27.1	21.6	20.1	20.2	20.9	22.1	21.2
2018/01/12 14:53:47	49.9	26.6	26.6	43.5	43.5	52.6	52.6	52.1	52.1	46.3	43.4	44.0	40.5	43.6	42.8	42.4	45.5	42.8	41.1	39.9	39.6	38.3	36.3	33.5	31.9	29.5	27.0	22.0	19.8	20.0	20.6	21.8	20.3
2018/01/12 14:53:48	49.9	25.9	25.9	43.8	43.8	52.1	52.1	53.1	53.1	49.4	46.1	43.8	42.5	46.6	44.1	41.8	45.6	40.7	40.6	40.0	38.4	38.7	36.4	34.4	32.3	29.6	28.0	22.4	20.0	20.2	21.0	22.1	20.9
2018/01/12 14:53:49	49.7	27.1	27.1	46.2	46.2	55.1	55.1	54.6	54.6	50.3	45.5	42.5	38.2	44.9	44.1	42.5	45.5	40.6	40.5	39.5	39.5	38.3	36.1	34.0	31.9	29.4	26.5	21.8	19.8	20.4	21.3	22.1	21.0
2018/01/12 14:53:50	50.8	26.4	26.4	41.2	41.2	50.2	50.2	50.5	50.5	50.3	47.1	43.4	41.3	46.0	43.0	42.0	45.6	42.1	41.4	40.9	40.0	41.0	39.1	36.4	34.2	30.9	28.3	21.8	20.0	20.3	21.3	22.0	20.9
2018/01/12 14:53:51	51.9	25.2	25.2	41.4	41.4	51.0	51.0	50.7	50.7	46.3	45.4	46.5	44.3	45.8	45.8	43.9	45.1	41.7	42.6	43.4	41.4	42.5	39.7	37.8	35.2	31.8	29.0	22.1	20.2	20.0	21.0	22.3	20.9
2018/01/12 14:53:52	52.5	25.7	25.7	41.0	41.0	49.4	49.4	50.5	50.5	47.0	45.3	43.3	40.9	45.0	45.9	42.2	45.9	42.6	42.5	43.6	42.6	43.6	41.7	39.1	36.5	33.7	29.2	23.0	20.3	20.6	21.3	22.6	21.5
2018/01/12 14:53:53	53.0	26.0	26.0	44.2	44.2	53.9	53.9	53.7	53.7	47.2	43.4	42.2	39.5	46.5	44.5	43.2	46.5	43.1	43.3	43.8	42.6	43.5	42.6	40.2	37.9	34.7	30.0	24.1	20.4	20.8	21.6	22.9	21.9
2018/01/12 14:53:54	55.1	25.5	25.5	41.8	41.8	52.7	52.7	54.3	54.3	49.6	44.5	44.6	41.6	47.9	46.0	45.2	47.7	44.3	44.8	46.1	44.5	46.3	45.2	42.9	40.3	37.8	32.8	25.5	21.2	20.5	21.2	22.5	21.6
2018/01/12 14:53:55	58.7	24.9	24.9	40.1	40.1	50.7	50.7	52.9	52.9	48.7	44.8	48.2	42.6	49.6	49.5	47.2	49.4	47.6	48.9	49.9	49.0	50.7	48.4	46.0	44.2	41.2	37.2	28.8	23.6	21.6	21.4	22.8	21.6
2018/01/12 14:53:56	64.5	25.5	25.5	42.3	42.3	52.2	52.2	54.6	54.6	53.4	52.1	50.5	46.0	54.2	53.5	52.1	53.8	52.6	53.2	56.2	55.6	55.6	53.7	53.0	52.6	49.9	46.7	37.1	32.5	27.6	25.2	25.0	23.0
2018/01/12 14:53:57	63.5	26.5	26.5	41.7	41.7	54.1	54.1	57.8	57.8	54.2	52.0	53.4	49.1	53.5	51.2	50.9	52.2	52.5	53.8	54.8	55.6	54.7	51.5	51.1	49.5	48.4	46.1	36.9	32.1	29.6	27.6	27.0	23.7
2018/01/12 14:53:58	58.7	26.8	26.8	40.5	40.5	56.4	56.4	60.5	60.5	54.5	47.3	48.7	43.8	49.1	50.8	49.1	49.9	49.3	49.0	49.1	49.8	49.6	48.0	45.0	43.3	41.8	40.5	35.3	27.9	22.8	22.0	23.1	22.2
2018/01/12 14:53:59	57.8	28.6	28.6	42.6	42.6	57.5	57.5	60.3	60.3	54.1	47.2	47.0	44.3	49.0	49.7	48.4	48.0	46.3	47.6	48.5	47.7	49.5	48.1	44.3	44.0	40.8	37.3	29.0	22.4	20.8	21.4	22.1	20.9
2018/01/12 14:54:00	58.4	29.1	29.1	46.7	46.7	58.0	58.0	57.7	57.7	47.2	46.8	46.5	42.9	48.0	49.1	46.7	46.5	46.4	47.2	48.5	48.5	50.9	49.5	44.6	45.5	43.3	37.4	28.6	22.8	21.5	21.8	23.0	21.7
2018/01/12 14:54:01	64.5	27.5	27.5	43.3	43.3	52.7	52.7	54.0	54.0	53.0	50.1	49.8	49.2	54.6	53.4	49.8	51.7	51.3	54.2	56.3	56.7	55.9	54.4	50.7	52.5	48.8	45.5	35.4	28.1	24.2	23.0	23.7	22.3
2018/01/12 14:54:02	66.5	26.7	26.7	44.0	44.0	53.9	53.9	56.6	56.6	55.1	50.2	52.1	46.9	55.0	55.9	52.2	52.7	51.5	54.4	57.1	57.4	58.0	57.2	54.2	55.5	53.1	50.0	38.3	33.8	30.1	29.3	29.3	24.3
2018/01/12 14:54:03	65.7	26.0	26.0	42.6	42.6	51.8	51.8	54.8	54.8	54.6	50.9	51.5	49.5	54.6	57.4	53.5	51.8	52.8	55.6	57.3	57.0	56.7	54.5	52.9	53.7	52.4	49.7	41.5	33.7	29.2	27.5	26.6	24.2
2018/01/12 14:54:04	63.1	27.3	27.3	44.0	44.0	53.0	53.0	53.3	53.3	50.1	48.3	49.1	46.2	53.7	55.6	51.2	50.5	50.4	52.2	54.8	55.4	53.1	52.8	51.0	49.8	47.3	44.9	36.8	30.0	24.1	22.2	22.5	21.4
2018/01/12 14:54:05	60.4	26.8	26.8	42.5	42.5	53.7	53.7	54.8	54.8	50.0	43.3	47.1	44.9	52.1	54.2	49.8	50.2	50.8	51.3	52.2	50.7	50.7	49.4	46.3	45.5	45.7	41.2	31.9	26.1	22.4	22.0	22.8	21.3
2018/01/12 14:54:06	56.3	27.6	27.6	43.4	43.4	54.7	54.7	55.4	55.4	48.6	45.2	46.1	42.4	50.4	51.4	47.0	47.4	48.0	47.3	46.7	46.5	47.2	43.9	41.7	39.7	40.1	36.9	30.6	24.2	21.1	21.1	22.5	21.5
2018/01/12 14:54:07	53.5	23.9	23.9	41.6	41.6	51.8	51.8	54.0	54.0	48.6	44.4	47.0	43.8	48.2	48.1	45.1	45.5	45.1	43.6	43.8	44.4	43.5	41.0	38.9	37.1	37.2	34.0	27.5	23.3	21.3	21.3	22.9	21.7
2018/01/12 14:54:08	53.9	26.1	26.1	42.3	42.3	51.2	51.2	54.2	54.2	51.3	44.8	45.6	43.0	48.7	49.8	46.0	46.5	44.8	44.0	45.1	44.4	43.1	41.0	38.2	36.9	37.0	35.5	29.3	24.0	21.6	21.5	22.8	21.8
2018/01/12 14:54:09	55.1	25.0	25.0	40.5	40.5	50.5	50.5	52.8	52.8	50.7	45.0	46.0	42.2	47.8	49.9	46.3	49.2	46.3	45.4	45.4	45.8	44.5	43.0	39.8	38.5	38.7	37.2	30.3	24.7	22.5	21.4	22.8	21.3
2018/01/12 14:54:10	54.2	25.4	25.4	43.4	43.4	52.3	52.3	52.5	52.5	49.9	46.1	43.9	42.2	46.5	48.1	44.8	44.6	44.6	44.8	46.1	45.5	44.6	42.2	39.3	37.6	36.6	36.1	28.9	23.1	21.4	21.6	22.4	21.4
2018/01/12 14:54:11	56.4	25.1	25.1	42.0	42.0	51.5	51.5	53.8	53.8	50.6	47.1	46.2	44.3	48.6	49.2	48.4	46.2	46.7	46.5	48.5	47.2	46.0	44.5	42.5	40.0	41.4	40.5	32.4	25.0	21.8	21.7	23.0	21.9
2018/01/12 14:54:12	59.6	25.4	25.4	42.5	42.5	51.3	51.3	53.1	53.1	50.1	45.6	48.7	47.8	51.8	53.6	50.3	49.1	49.0	48.4	51.5	51.6	48.6	47.3	46.3	45.0	46.2	42.5	33.0	26.7	24.5	23.3	24.1	22.8
2018/01/12 14:54:13	60.2	25.9	25.9	42.0	42.0	52.9	52.9	54.5	54.5	49.1	48.4	49.7	47.4	50.9	54.0	50.8	49.0	49.8	48.8	52.0	52.0	50.7	48.9	47.4	45.5	45.2	42.1	30.9	27.0	23.9	25.2	25.0	22.1
2018/01/12 14:54:14	59.5	25.1	25.1	41.8	41.8	51.3	51.3	53.1	53.1	51.1	47.2	48.1	46.5	51.9	52.7	49.3	47.3	49.0	46.9	49.4	52.9	50.5	47.9	46.7	44.9	41.8	39.7	29.8	24.2	21.3	21.3	22.1	21.1
2018/01/12 14:54:15	53.9	24.5	24.5	40.9	40.9	50.9	50.9	52.4	52.4	47.5	42.4	44.7	44.1	48.6	50.8	43.7	44.7	44.7	44.7	44.5	45.4	42.9	41.4	39.6	38.1	37.7	34.1	26.7	22.5	20.9	21.2	22.2	21.1
2018/01/12 14:54:16	51.0	24.3	24.3	39.1	39.1	48.4	48.4	49.5	49.5	45.6	41.7	42.4	41.9	45.7	45.5	44.7	42.7	41.2	42.0	41.6	42.0	41.2	38.3	36.2	34.0	32.0	28.1	22.7	20.3	20.7	21.4	22.8	21.7
2018/01/12 14:54:17	50.6	25.5	25.5	40.3	40.3	48.9	48.9	49.3	49.3	46.4	41.8	43.7	42.5	45.6	45.8	42.7	44.0	41.1	41.3	40.9	40.9	39.7	39.3	36.1	33.1	30.8	27.0	22.3	20.2	20.8	21.3	22.6	21.6
2018/01/12 14:54:18	50.8	25.8	25.8	42.2	42.2	51.2	51.2	51.2	51.2	46.3	43.4	44.7	40.4	44.8	45.7	41.3	43.3	40.6	40.5	39.5	39.6	40.4	40.4	36.8	35.1	37.2	38.1	27.7	23.9	21.9	21.6	22.9	21.7
2018/01/12 14:54:19	51.3	25.2	25.2	41.8	41.8	51.5	51.5	53.0	53.0	48.9	43.7	44.4	41.4	44.3	43.3	39.6	43.8	40.4	40.6	41.4	40.6	39.8	39.5	38.3	35.9	39.4	41.0	27.3	23.9	21.5	21.6	22.6	21.3
2018/01/12 14:54:20	52.2	24.1	24.1	40.8	40.8	50.6	50.6	52.8	52.8	49.2	43.7	44.7	41.9	45.5	43.8	40.7	43.1	43.8	42.1	43.4	42.6	41.3	41.0	38.4	36.7	37.6	38.5	26.9	23.1	21.3	21.3	22.2	21.1
2018/01/12 14:54:21	50.3	25.9	25.9	41.2	41.2	51.9	51.9	53.2	53.2	49.3	44.8	45.2	41.6	45.2	43.0	39.8	41.9	41.1	41.2	41.9	42.5	39.6	37.1	35.0	31.6	29.2	26.1	23.7	21.4	21.2	21.5	22.8	21.7
2018/01/12 14:54:22	49.5	26.1	26.1	41.5	41.5	51.8	51.8	53.4	53.4	48.1	44.5	44.1	41.1	44.1	43.8	41.6	42.6	40.4	39.5	39.8	39.8	38.9	39.0	34.8	31.2	29.6	26.5	24.3	21.3	21.1	21.5	23.0	21.5
2018/01/12 14:54:23	50.5	25.6	25.6	42.1	42.1	51.8	51.8	54.0	54.0	49.6	42.6	44.1	42.7	44.9	44.3	41.8	44.4	41.7	42.7	41.9	40.7	39.1	37.2	34.8	31.3	28.8	26.3	23.6	21.2	20.9	21.1	22.2	21.0
2018/01/12 14:54:24	50.5	24.1	24.1	40.2	40.2	49.7	49.7	52.3	52.3	48.3	43.4	45.2	43.6	45.3	43.1	41.6	42.4	40.5	41.2	41.7	42.9	39.6	38.5	36.1	31.9	30.0	28.3	24.0	21.4	21.0	21.6	22.7	21.3
2018/01/12 14:54:25	49.8	25.5	25.5	40.8	40.8	50.2	50.2	52.2	52.2	48.4	43.6	45.1	44.0	43.6	42.3	41.5	42.4	41.5	40.9	40.7	40.7	38.8	38.2	34.7	31.5	28.8	26.6	22.8	20.9	20.7	22.2	23.1	21.6
2018/01/12 14:54:26	50.9	26.3	26.3	42.8	42.8	51.5	51.5	52.0	52.0	47.9	44.3	44.4	42.5	45.2	42.0	41.8	42.1	41.3	41.5	41.5	40.7	42.4	38.9	36.8	34.0	35.8	34.7	25.4	22.3	21.0	21.4	22.9	21.8
2018/01/12 14:54:27	51.2	25.6	25.6	43.4	43.4	52.1	52.1	52.6	52.6	47.4	44.6	43.5	41.0	43.7	42.4	42.3	43.1	40.0	42.7	41.5	40.6	40.4	39.6	38.6	36.0	37.2	38.1	28.0	23.8	21.5	21.6	22.8	21.5
2018/01/12 14:54:28	51.2	24.5	24.5	39.9	39.9	49.6	49.6	52.5	52.5	49.5	43.1	43.5	41.1	44.9	43.8	43.1	44.2	42.7	41.5	41.3	41.6	40.2	37.5	38.0	35.0	36.5	37.0	28.0	23.2	21.8	22.0	23.1	21.9
2018/01/12 14:54:29	52.1	26.5	26.5	40.8	40.8	50.4	50.4	52.2	52.2	48.1	43.8	45.7	43.1	46.5	44.8	44.0	45.0	39.8	41.2	42.0	41.2	40.4	38.6	38.8	36.0	37.8	43.5	30.3	24.2	21.8	21.5	22.9	21.6
2018/01/12 14:54:30	53.1	25.4	25.4	40.2	40.2	49.1	49.1	53.1	53.1	50.2	45.5	45.1	44.2	47.4	44.7	45.4	46.7	42.9	41.6	42.8	41.5	41.2	40.4	39.5	36.9	37.7	44.3	29.6	24.3	21.5	21.4	22.6	21.4
2018/01/12 14:54:31	53.0	24.5	24.5	39.3	39.3	50.7	50.7	52.9	52.9	48.0	43.2	44.6	42.6	47.7	44.8	45.2	46.5	43.1	42.3	41.4	42.1	42.0	40.2	38.7	37.0	39.1	43.6	34.3	26.7	22.2	21.5	22.9	21.7
2018/01/12 14:54:32	52.1	26.0	26.0	40.6	40.6	49.2	49.2	50.8	50.8	48.0	43.7	45.6	43.5	48.2	43.4	44.9	46.0	44.0	42.7	41.9	42.5	41.4	39.0	35.9	34.4	34.7	36.5	30.1	22.0	21.2	21.8	22.8	21.5
2018/01/12 14:54:33	51.2	25.2	25.2	41.5	41.5	50.0	50.0	50.9	50.9	47.9	44.8	47.2	43.7	47.1	46.0	44.5	43.9	42.0	42.4	41.5	41.8	40.6	38.1	35.2	32.9	30.1	31.8	25.2	22.9	21.0	21.3	22.9	21.7
2018/01/12 14:54:34	52.2	29.1	29.1	42.0	42.0	51.0	51.0	52.5	52.5	49.0	44.6	46.1	42.8	45.1	43.8	43.8	45.7	44.2	43.6	42.3	42.3	42.5	40.7	36.3	34.8	31.6	28.8	23.8	20.9	20.7	21.4	22.5	21.6
2018/01/12 14:54:35	52.4	26.2	26.2	41.8	41.8	49.3	49.3	49.7	49.7	47.6	43.5	47.3	43.8	43.9	43.9	42.5	44.5	42.6	42.0	43.5	42.5	44.0	41.9	38.0	36.2	33.3	32.8	31.3	23.0	20.9	21.5	22.7	21.7
2018/01/12 14:54:36	56.7	24.6	24.6	41.0	41.0	49.7	49.7	51.0	51.0	47.4	44.5	46.0	41.5	45.3	43.6	42.7	44.3	42.9	43.3	44.4	47.8	51.8	46.5	42.3	40.7	38.8	38.5	32.9	24.7	21.6	21.5	23.3	21.6
2018/01/12 14:54:37	54.6	26.9	26.9	43.8	43.8	51.8	51.8	52.8	52.8	49.2	45.5	48.0	45.6	46.4	45.8	44.4	46.8	45.4	43.2	45.5	44.9	45.0	41.5	41.4	41.8	41.0	39.2	33.0	25.8	22.4	21.9	22.8	21.5
2018/01/12 14:54:38	51.7	28.6	28.6	44.1	44.1	52.1	52.1	52.7	52.7	50.0	48.1	48.4	46.6	45.0	42.5	43.6	44.6	44.3	42.8	42.3	40.1	39.9	37.5	37.6	35.8	34.7	37.0	34.2	29.2	27.3	25.6	24.8	23.6
2018/01/12 14:54:39	50.0	24.9	24.9	41.5	41.5	49.3	49.3	52.0	52.0	49.1	45.5	49.2	47.4	44.2	43.5	42.7	43.1	40.9	40.1	40.2	39.8	38.6	36.5	35.3	33.5	32.5	31.1	28.3	24.9	24.1	23.4	24.1	22.5
2018/01/12 14:54:40	50.6	25.7	25.7	41.9	41.9	50.9	50.9	53.4	53.4	49.7	46.2	46.4	44.1	44.0	44.3	42.5	43.6	41.9	41.4	41.0	40.5	39.1	37.6	36.3	34.3	33.4	33.3	29.3	26.1	24.3	24.4	24.6	23.1
2018/01/12 14:54:41	49.7	26.3	26.3	43.7	43.7	50.0	50.0	52.7	52.7	50.3	46.9	46.4	41.8	43.8	43.1	41.7	43.4	41.6	39.9	40.3	39.6	39.0	36.8	34.7	32.9	30.3	29.6	25.9	22.8	21.8	21.9	22.9	21.8
2018/01/12 14:54:42	49.9	25.4	25.4	42.9	42.9	50.5	50.5	52.2	52.2	48.9	44.7	46.2	42.7	43.7	43.6	42.6	42.0	40.5	39.9	41.7	40.3	39.0	37.8	35.2	32.4	29.5	27.2	23.1	21.2	20.6	21.5	22.7	21.7
2018/01/12 14:54:43	49.9	26.2	26.2	41.7	41.7	50.9	50.9	52.1	52.1	49.9	46.0	47.2	45.6	46.2	43.4	41.6	43.5	41.0	40.1	40.4	39.7	39.0	36.9	34.8	33.1	29.4	27.5	23.3	21.0	20.8	21.4	22.8	21.5
2018/01/12 14:54:44	49.5	26.8	26.8	43.4	43.4	51.9	51.9	51.2	51.2	48.5	46.6	46.5	43.0	44.1	43.6	42.0	42.2	41.2	39.9	39.7	39.2	39.2	36.4	34.3	32.9	29.4	28.1	23.3	21.1	20.9	21.6	23.0	21.9
2018/01/12 14:54:45	49.2	27.8	27.8	43.9	43.9	52.6	52.6	52.1	52.1	48.4	44.8	46.0	43.1	43.6	43.8	40.9	41.4	41.3	39.9	40.1	38.9	39.0	36.0	33.1	32.0	29.8	26.9	22.4	20.3	20.8	21.3	22.8	21.5
2018/01/12 14:54:46	49.3	25.7	25.7	44.6	44.6	53.2	53.2	52.8	52.8	48.4	45.7	47.9	44.5	44.2	42.9	42.1	42.4	41.6	39.6	39.2	39.5	38.6	35.8	33.0	31.8	28.2	26.5	22.2	20.4	20.5	21.3	22.8	21.8
2018/01/12 14:54:47	48.9	26.8	26.8	43.9	43.9	53.4	53.4	52.4	52.4	48.7	44.0	44.6	42.2	45.0	43.0	41.2	41.5	40.0	39.2	39.8	38.7	38.1	36.4	34.3	32.8	30.3	27.2	22.2	20.4	20.5	21.4	22.6	21.6
2018/01/12 14:54:48	49.4	26.6	26.6	42.9	42.9	52.9	52.9	53.3	53.3	50.4	48.7	46.5	44.9	46.0	44.0	41.4	41.5	40.0	40.0	39.9	39.4	38.1	37.0	33.8	32.7	29.6	26.8	21.8	20.3	20.4	21.1	22.7	21.4
2018/01/12 14:54:49	49.8	26.3	26.3	41.2	41.2	52.1	52.1	54.5	54.5	51.2	48.5	47.2	44.8	46.2	43.7	42.2	42.3	40.5	39.2	40.8	40.1	39.0	37.0	34.3	32.2	31.1	26.8	21.9	20.3	20.7	21.1	22.4	21.4
2018/01/12 14:54:50	49.8	27.1	27.1	43.1	43.1	53.1	53.1	53.5	53.5	48.8	44.4	46.3	43.1	45.6	43.2	41.5	41.4	40.8	40.0	40.2	39.7	39.5	38.8	35.8	32.9	32.1	26.4	21.9	19.8	20.5	21.1	22.0	20.8
2018/01/12 14:54:51	51.0	27.0	27.0	42.4	42.4	53.3	53.3	54.7	54.7	48.7	45.6	45.6	42.8	46.6	43.8	39.8	42.9	41.8	41.3	42.3	40.5	41.3	40.5	36.5	34.1	33.0	27.6	22.3	20.0	20.2	21.0	22.2	20.6
2018/01/12 14:54:52	52.3	27.7	27.7	41.7	41.7	51.4	51.4	52.2	52.2	48.2	45.8	46.5	41.7	47.4	46.2	43.7	43.7	42.1	41.0	43.3	42.5	42.5	42.5	38.1	35.9	34.3	29.2	23.2	20.5	20.5	21.4	22.5	21.1
2018/01/12 14:54:53	55.9	25.6	25.6	43.4	43.4	52.0	52.0	52.4	52.4	50.1	45.8	47.4	42.9	46.8	48.1	45.6	44.6	46.1	46.0	46.8	47.6	48.8	44.1	40.2	38.8	35.9	31.0	24.0	20.6	20.6	21.2	22.6	21.6
2018/01/12 14:54:54	54.0	30.1	30.1	45.0	45.0	53.1	53.1	54.2	54.2	51.4	48.6	48.3	42.4	46.2	45.2	43.5	44.3	43.2	44.4	45.2	44.3	45.1	44.2	40.7	38.3	35.6	29.7	23.9	20.6	20.9	21.4	22.9	21.6
2018/01/12 14:54:55	56.1	36.1	36.1	52.1	52.1	61.4	61.4	62.3	62.3	58.3	54.6	56.2	45.5	50.1	47.2	45.3	46.6	44.4	45.0	45.6	45.4	47.2	46.7	43.4	40.6	38.0	31.2	25.6	21.1	21.0	21.5	22.6	21.5
2018/01/12 14:54:56	58.6	32.1	32.1	52.8	52.8	60.8	60.8	63.4	63.4	60.8	55.4	54.1	46.1	48.6	47.0	46.8	49.0	45.8	46.5	49.5	48.3	49.9	50.1	46.4	43.1	41.8	34.9	29.9	24.0	22.2	22.1	23.1	21.6
2018/01/12 14:54:57	66.1	32.9	32.9	51.6	51.6	61.7	61.7	65.1	65.1	63.5	61.1	58.6	50.6	54.1	54.1	51.6	55.8	55.0	55.5	57.6	58.3	57.4	55.8	52.5	51.5	48.8	44.2	36.6	30.7	26.0	24.7	25.0	22.9
2018/01/12 14:54:58	66.8	37.1	37.1	54.1	54.1	64.8	64.8	67.6	67.6	64.9	62.8	63.0	56.0	57.4	52.0	52.6	56.9	54.7	55.9	59.4	58.0	57.1	56.2	53.4	52.8	51.3	48.8	40.5	34.9	30.8	31.5	31.3	24.5
2018/01/12 14:54:59	64.2	40.5	40.5	57.6	57.6	66.1	66.1	68.5	68.5	67.2	64.9	64.8	57.5	58.0	52.2	52.4	55.4	52.8	54.9	55.4	54.9	53.7	51.7	48.6	47.7	49.3	47.8	42.5	32.8	25.7	26.1	25.8	23.5
2018/01/12 14:55:00	61.1	39.7	39.7	57.5	57.5	65.7	65.7	67.4	67.4	67.8	66.2	65.6	54.6	56.6	52.8	47.4	50.1	47.6	51.1	50.8	49.4	51.2	48.5	45.9	43.7	42.7	40.4	36.1	31.2	27.1	24.8	24.2	22.1
2018/01/12 14:55:01	60.5	35.5	35.5	54.5	54.5	63.9	63.9	66.0	66.0	64.1	60.9	61.1	56.2	55.1	49.9	48.0	49.3	48.3	49.7	50.5	50.3	52.8	49.2	46.7	43.9	41.7	36.7	32.7	28.1	24.5	23.3	23.6	21.8
2018/01/12 14:55:02	66.4	39.4	39.4	55.8	55.8	68.0	68.0	70.9	70.9	70.1	66.8	65.4	60.4	60.7	56.7	53.9	54.8	55.1	57.2	58.2	56.1	56.5	54.6	53.9	50.7	48.2	44.5	37.6	33.0	29.6	26.8	27.8	25.2
2018/01/12 14:55:03	67.9	36.5	36.5	54.6	54.6	63.8	63.8	66.2	66.2	66.1	64.4	62.6	56.9	57.3	56.9	54.4	57.7	55.3	58.0	59.2	59.9	57.6	56.3	56.6	54.6	52.1	49.8	42.1	39.1	36.0	34.1	32.1	26.6
2018/01/12 14:55:04	67.5	37.8	37.8	56.3	56.3	66.1	66.1	68.8	68.8	68.3	65.5	63.0	54.3	56.0	56.2	54.9	56.0	55.5	57.8	59.7	59.2	57.8	55.7	55.7	52.3	51.9	50.0	44.2	37.9	29.3	26.9	26.7	24.8
2018/01/12 14:55:05	64.4	33.8	33.8	52.0	52.0	61.3	61.3	63.8	63.8	63.0	59.9	58.7	53.1	55.6	52.0	49.8	52.3	53.6	55.3	55.6	56.4	55.9	53.3	50.3	49.6	47.7	44.3	36.9	31.9	29.2	26.8	25.3	22.7
2018/01/12 14:55:06	67.4	38.4	38.4	55.1	55.1	64.5	64.5	66.1	66.1	66.4	62.9	62.4	56.4	59.2	55.7	53.0	53.4	56.3	60.7	60.9	57.6	57.9	54.3	52.1	51.5	49.9	48.1	42.7	37.2	37.4	34.1	33.5	29.1
2018/01/12 14:55:07	66.9	38.2	38.2	55.3	55.3	65.3	65.3	68.7	68.7	69.6	68.3	67.1	60.5	59.1	55.3	53.2	55.2	55.7	56.6	57.6	58.0	57.9	55.3	52.8	51.7	50.8	50.2	43.3	40.2	41.5	40.1	39.4	30.4
2018/01/12 14:55:08	64.8	37.7	37.7	55.2	55.2	65.0	65.0	65.6	65.6	63.4	59.0	57.7	52.3	53.8	50.7	50.1	53.3	53.4	55.4	55.0	54.9	56.2	55.3	50.9	50.2	51.5	50.2	45.8	40.0	38.4	36.3	35.9	30.8
2018/01/12 14:55:09	59.3	33.4	33.4	51.6	51.6	60.2	60.2	60.6	60.6	58.3	55.6	55.1	48.5	49.3	47.2	46.1	48.8	47.0	50.2	48.8	48.8	51.6	49.1	46.2	44.4	44.3	44.7	41.4	34.7	30.9	27.0	25.8	22.9
2018/01/12 14:55:10	59.3	37.3	37.3	54.6	54.6	64.6	64.6	66.4	66.4	65.8	63.3	61.3	55.8	54.6	48.4	46.0	46.3	45.5	47.5	48.8	48.1	51.8	47.3	44.1	41.5	39.2	34.8	28.6	23.3	21.9	21.7	22.4	21.5
2018/01/12 14:55:11	66.3	33.5	33.5	51.4	51.4	61.1	61.1	63.2	63.2	61.8	58.5	57.0	48.2	53.9	49.7	50.1	52.8	54.1	57.8	61.1	56.3	58.5	54.6	50.9	49.5	46.0	41.7	32.7	26.5	25.4	24.4	27.0	23.1
2018/01/12 14:55:12	66.0	30.8	30.8	48.0	48.0	55.7	55.7	57.3	57.3	57.5	53.8	51.5	47.2	51.5	50.3	52.2	54.0	54.7	55.9	59.1	57.4	56.9	55.1	54.1	53.4	49.7	46.0	37.6	34.5	36.1	35.7	36.6	29.0
2018/01/12 14:55:13	62.8	35.0	35.0	51.2	51.2	59.3	59.3	59.1	59.1	55.8	53.6	53.6	49.5	51.0	52.0	51.8	53.1	50.6	55.8	55.0	53.9	52.9	50.9	48.7	48.5	46.9	44.9	40.4	34.1	36.1	33.8	35.0	30.9
2018/01/12 14:55:14	56.9	32.5	32.5	48.5	48.5	58.8	58.8	61.0	61.0	57.4	51.8	50.6	48.4	49.2	48.5	47.5	49.2	47.0	48.4	47.7	48.2	46.7	44.2	42.9	41.0	39.0	38.1	35.2	28.2	27.0	23.8	24.5	22.5
2018/01/12 14:55:15	53.6	31.2	31.2	50.4	50.4	59.4	59.4	59.4	59.4	53.0	51.1	50.5	46.1	48.7	45.8	44.4	47.0	44.1	45.2	44.1	44.8	43.1	40.5	37.3	35.3	33.4	31.4	25.8	21.7	21.3	21.5	22.8	21.7
2018/01/12 14:55:16	52.7	30.6	30.6	50.2	50.2	60.7	60.7	62.9	62.9	57.7	53.9	51.5	46.2	47.9	45.5	42.4	44.5	43.2	43.4	42.6	42.2	41.8	40.5	37.0	35.8	33.6	30.4	24.7	21.6	20.5	21.4	22.3	21.0
2018/01/12 14:55:17	54.5	34.4	34.4	51.5	51.5	61.8	61.8	65.0	65.0	63.0	58.8	57.4	49.6	50.5	46.1	42.0	44.5	43.3	43.9	43.2	42.4	42.2	42.9	38.6	38.9	37.0	33.1	26.9	22.7	21.5	21.9	22.9	21.6
2018/01/12 14:55:18	54.6	35.4	35.4	50.6	50.6	61.0	61.0	63.7	63.7	59.1	51.1	52.1	49.2	50.4	47.4	43.9	45.5	45.8	44.3	45.7	44.2	44.3	42.1	38.9	38.4	35.4	31.5	25.8	22.5	21.2	21.6	22.8	21.6
2018/01/12 14:55:19	54.1	33.4	33.4	50.8	50.8	59.1	59.1	61.4	61.4	58.9	56.0	52.9	46.7	49.6	47.4	45.7	46.6	45.2	44.5	43.1	43.2	43.9	40.7	37.9	38.5	34.4	30.9	24.8	21.9	21.1	21.8	23.0	21.9
