DataTime                     	dB(A)	16	20	25	31.5	40	50	63	80	100	125	160	200	250	315	400	500	630	800	1000	1250	1600	2000	2500	3150	4000	5000	6300	8000	10000	12500	16000	20000
2018/01/18 17:50:58	50.9	25.1	25.1	39.7	39.7	47.1	47.1	48.4	48.4	46.7	41.1	45.1	39.3	42.2	40.7	43.3	48.3	43.1	42.6	43.1	37.0	36.6	34.4	32.7	32.8	33.0	32.6	32.1	29.0	23.3	21.6	22.3	21.4
2018/01/18 17:50:59	50.2	28.3	28.3	40.9	40.9	47.8	47.8	49.1	49.1	48.0	44.7	44.4	38.6	42.6	40.0	42.8	47.9	43.1	43.0	40.7	35.9	33.1	33.0	32.3	32.1	32.2	31.6	27.8	23.5	21.9	21.8	22.5	21.1
2018/01/18 17:51:00	47.6	27.4	27.4	39.7	39.7	48.7	48.7	50.4	50.4	48.3	44.1	43.2	38.7	43.0	40.9	40.4	41.6	40.8	40.4	38.2	35.0	32.8	31.3	30.7	30.7	30.1	30.3	27.8	23.4	21.9	22.1	22.7	21.5
2018/01/18 17:51:01	47.9	27.7	27.7	41.7	41.7	49.2	49.2	49.6	49.6	47.8	43.0	43.6	39.3	43.6	41.8	39.6	41.8	41.6	40.0	39.5	34.8	33.1	32.2	31.7	31.5	30.1	28.4	25.0	21.7	21.5	21.4	21.9	20.8
2018/01/18 17:51:02	48.4	30.3	30.3	41.8	41.8	49.1	49.1	52.2	52.2	50.8	45.2	43.6	38.4	42.1	42.6	41.7	41.4	40.5	41.1	38.9	35.9	34.7	34.3	33.2	31.6	32.1	30.9	25.7	21.7	20.8	21.2	22.1	21.0
2018/01/18 17:51:03	50.3	24.4	24.4	39.8	39.8	48.7	48.7	51.4	51.4	48.6	43.4	43.5	41.1	43.8	43.7	40.8	46.6	43.8	43.7	40.0	36.1	36.1	35.3	34.5	34.4	32.6	29.9	25.7	21.3	20.7	21.1	21.9	21.2
2018/01/18 17:51:04	51.1	28.3	28.3	40.4	40.4	48.8	48.8	50.4	50.4	49.3	45.8	43.7	39.7	44.9	43.0	41.3	44.7	45.9	43.0	41.2	39.4	37.3	37.1	36.3	37.9	36.8	31.7	27.3	21.7	20.7	20.9	21.7	20.8
2018/01/18 17:51:05	53.0	25.3	25.3	42.2	42.2	50.0	50.0	51.2	51.2	49.2	43.7	44.9	40.5	45.8	46.0	43.1	45.4	46.4	46.2	43.1	41.2	38.9	39.7	38.8	40.3	37.8	33.5	29.7	22.6	21.0	21.0	21.8	20.6
2018/01/18 17:51:06	52.5	26.7	26.7	43.2	43.2	52.5	52.5	54.0	54.0	50.4	44.6	46.1	43.3	45.5	45.2	42.9	44.8	44.5	44.8	42.8	39.8	38.2	40.0	38.7	41.8	38.7	33.8	30.9	23.0	21.1	21.3	22.1	21.2
2018/01/18 17:51:07	54.0	26.3	26.3	43.7	43.7	54.2	54.2	55.3	55.3	50.5	48.1	49.8	44.0	48.6	48.5	46.5	47.8	48.5	45.8	43.4	41.2	40.7	40.0	38.4	39.6	37.5	32.7	28.5	21.5	20.5	20.8	21.9	20.9
2018/01/18 17:51:08	54.0	28.8	28.8	45.0	45.0	55.3	55.3	56.3	56.3	51.8	47.4	49.3	48.3	49.0	47.3	45.8	47.9	46.3	46.8	43.6	42.0	39.5	40.6	39.7	39.5	39.0	34.7	28.9	21.6	20.5	20.5	21.9	20.8
2018/01/18 17:51:09	53.7	28.6	28.6	45.4	45.4	54.1	54.1	56.3	56.3	55.2	47.5	48.5	44.9	48.0	46.6	45.5	47.6	46.7	47.0	44.3	41.8	39.3	39.2	39.1	38.6	36.3	31.5	25.7	20.6	20.4	20.9	21.7	20.7
2018/01/18 17:51:10	54.9	25.6	25.6	43.4	43.4	54.9	54.9	57.2	57.2	52.9	50.0	49.1	45.0	48.9	48.5	48.1	49.6	48.7	45.2	44.7	44.2	40.2	40.6	41.0	40.4	37.8	32.9	26.2	20.7	20.5	21.0	22.1	21.2
2018/01/18 17:51:11	55.7	28.0	28.0	46.4	46.4	55.4	55.4	55.8	55.8	52.7	49.7	49.0	42.7	47.7	47.6	46.9	49.9	49.3	46.4	46.9	45.6	40.9	41.5	43.3	42.2	38.7	34.1	26.7	23.5	20.3	21.1	22.0	20.8
2018/01/18 17:51:12	56.5	29.6	29.6	44.8	44.8	50.8	50.8	52.6	52.6	51.3	48.5	49.6	45.5	49.4	47.5	47.0	50.8	50.5	46.8	47.1	45.6	43.1	42.8	44.7	43.3	39.6	34.9	28.9	26.7	20.3	20.9	21.7	20.8
2018/01/18 17:51:13	55.6	29.4	29.4	45.8	45.8	53.0	53.0	54.6	54.6	50.7	48.6	52.0	44.5	49.3	49.4	48.2	49.0	49.1	46.8	46.2	44.4	41.4	41.9	42.7	41.7	39.2	34.4	29.4	25.0	20.7	21.1	22.1	21.1
2018/01/18 17:51:14	54.1	35.1	35.1	46.2	46.2	52.0	52.0	53.9	53.9	51.9	50.6	53.7	44.0	50.1	49.7	46.7	46.5	46.9	45.5	44.4	42.0	40.1	39.8	40.3	39.6	38.1	32.7	30.1	21.2	20.4	21.0	21.7	20.8
2018/01/18 17:51:15	54.4	33.8	33.8	45.6	45.6	52.0	52.0	54.0	54.0	53.3	50.2	51.5	46.7	51.6	51.6	46.4	48.1	46.9	45.0	43.5	41.6	39.8	40.1	40.4	40.3	38.5	34.3	29.9	21.5	20.2	20.8	21.7	20.6
2018/01/18 17:51:16	54.4	29.6	29.6	42.2	42.2	48.6	48.6	50.1	50.1	50.1	49.2	50.1	43.5	50.4	50.6	46.4	51.7	46.7	44.7	44.2	40.7	38.7	39.4	39.1	38.7	37.0	34.8	29.3	22.5	21.1	21.2	22.1	20.9
2018/01/18 17:51:17	51.5	26.9	26.9	43.4	43.4	51.2	51.2	50.9	50.9	48.4	44.6	44.7	41.6	46.5	44.9	44.6	47.1	43.7	41.4	43.9	39.3	39.0	37.3	36.1	34.7	32.3	28.4	23.7	20.3	20.5	20.9	21.7	20.6
2018/01/18 17:51:18	50.5	30.0	30.0	41.9	41.9	47.9	47.9	50.3	50.3	50.0	45.1	44.5	38.0	45.9	43.3	42.9	45.9	42.7	41.5	41.9	39.9	37.3	35.7	36.2	34.2	32.1	26.3	22.7	20.0	20.5	21.1	21.8	20.9
2018/01/18 17:51:19	53.3	24.3	24.3	42.5	42.5	48.9	48.9	50.2	50.2	49.2	46.5	46.2	40.6	44.5	42.8	42.6	53.3	44.9	41.3	43.3	40.2	36.4	36.5	36.6	33.0	30.8	26.6	23.8	20.4	20.9	20.9	22.1	21.1
2018/01/18 17:51:20	51.0	28.5	28.5	42.7	42.7	50.4	50.4	52.1	52.1	50.4	47.9	46.2	41.6	45.3	44.1	43.0	44.5	42.5	42.3	41.8	41.1	38.7	37.3	38.2	35.2	33.0	29.2	26.3	20.2	20.4	21.1	21.9	21.0
2018/01/18 17:51:21	51.2	27.3	27.3	41.6	41.6	54.0	54.0	59.9	59.9	57.5	48.7	49.7	42.5	46.7	46.1	41.9	44.4	43.0	42.6	39.4	39.0	37.1	38.0	37.7	36.4	33.7	29.9	24.8	20.5	20.5	20.9	22.0	21.0
2018/01/18 17:51:22	51.4	30.2	30.2	42.6	42.6	53.4	53.4	61.5	61.5	60.3	48.7	48.8	44.0	46.4	45.3	42.2	44.0	43.2	43.4	39.9	38.6	36.4	38.2	37.5	36.0	33.7	27.7	24.0	20.3	20.5	21.0	21.9	20.7
2018/01/18 17:51:23	50.3	29.8	29.8	42.0	42.0	53.3	53.3	55.2	55.2	51.1	46.6	46.1	42.6	46.3	44.4	44.1	44.5	42.4	42.2	40.2	38.6	36.2	36.2	35.6	34.4	31.7	26.5	23.1	19.9	20.6	21.3	22.2	21.1
2018/01/18 17:51:24	50.2	28.7	28.7	43.6	43.6	52.6	52.6	52.8	52.8	48.0	46.6	47.3	40.8	44.9	43.9	42.8	44.8	42.5	41.8	40.8	38.6	36.2	36.3	36.5	35.4	32.3	26.6	22.2	19.9	20.3	20.9	21.7	20.6
2018/01/18 17:51:25	52.2	26.9	26.9	41.2	41.2	51.9	51.9	52.9	52.9	48.6	46.2	46.5	39.3	45.3	46.9	43.4	46.8	44.0	42.8	44.5	40.9	38.2	39.4	38.3	37.4	34.2	29.7	23.9	20.3	20.2	20.9	21.9	20.8
2018/01/18 17:51:26	55.8	27.0	27.0	41.5	41.5	51.6	51.6	53.0	53.0	49.4	46.1	46.3	41.6	46.0	47.5	43.5	46.2	48.1	49.4	48.9	44.3	41.5	43.1	42.2	42.4	39.5	34.2	27.1	21.0	20.5	20.8	21.7	20.5
2018/01/18 17:51:27	58.0	27.1	27.1	41.1	41.1	50.5	50.5	53.0	53.0	50.0	45.5	49.2	48.7	48.7	48.9	47.2	48.3	51.1	51.5	51.8	46.6	43.5	44.3	43.5	43.2	40.1	33.8	27.7	21.3	20.4	21.0	21.8	20.7
2018/01/18 17:51:28	54.0	29.5	29.5	42.0	42.0	51.5	51.5	53.8	53.8	50.6	45.6	46.6	44.2	47.5	45.9	43.1	46.7	45.6	47.0	46.3	44.1	40.4	41.0	40.2	38.8	36.4	31.5	24.8	20.1	20.5	20.9	21.8	20.9
2018/01/18 17:51:29	53.3	29.5	29.5	43.7	43.7	51.3	51.3	52.1	52.1	49.9	45.6	45.8	42.6	48.4	46.4	44.7	46.1	44.2	45.7	45.4	42.3	40.2	40.4	39.2	38.7	36.5	32.2	26.2	21.0	20.6	21.1	22.0	20.9
2018/01/18 17:51:30	53.4	26.6	26.6	45.5	45.5	50.8	50.8	50.0	50.0	50.3	46.4	46.1	44.6	49.8	48.2	45.2	45.1	46.0	44.8	44.9	41.9	40.8	40.3	39.2	38.5	36.4	31.6	26.5	21.0	20.4	20.8	21.6	20.7
2018/01/18 17:51:31	53.5	28.8	28.8	51.5	51.5	58.9	58.9	55.6	55.6	48.9	44.2	46.7	44.4	49.5	49.8	44.4	45.7	46.7	45.6	44.0	42.3	40.5	39.2	37.9	38.6	37.1	33.4	27.9	22.3	20.8	21.1	21.8	20.5
2018/01/18 17:51:32	54.6	30.5	30.5	48.4	48.4	58.2	58.2	56.4	56.4	50.3	48.6	46.4	43.6	48.1	49.9	47.2	47.2	46.3	46.3	45.3	43.6	41.5	42.1	39.5	40.5	39.7	36.8	31.0	25.3	21.8	21.8	22.2	21.0
2018/01/18 17:51:33	57.7	31.6	31.6	45.8	45.8	58.0	58.0	59.0	59.0	53.8	49.6	49.1	49.1	50.3	52.4	50.8	50.3	48.3	49.0	46.8	45.1	45.7	46.8	43.1	44.6	44.1	41.2	37.7	29.9	25.1	24.0	23.2	21.4
2018/01/18 17:51:34	66.1	33.7	33.7	45.6	45.6	60.7	60.7	62.3	62.3	54.6	49.3	52.9	51.7	54.6	55.1	56.3	57.4	55.1	57.2	57.4	54.3	54.4	55.1	53.1	53.8	54.3	52.7	49.3	43.3	39.0	37.2	35.0	30.7
2018/01/18 17:51:35	57.6	34.5	34.5	48.4	48.4	61.1	61.1	61.5	61.5	51.8	49.0	50.8	44.8	50.0	50.2	49.9	51.4	50.4	49.3	48.9	47.7	45.0	43.7	40.8	41.5	40.8	39.5	34.8	27.3	23.6	22.5	22.4	21.0
2018/01/18 17:51:36	50.5	27.2	27.2	40.9	40.9	51.8	51.8	52.1	52.1	46.6	42.0	44.7	42.7	45.2	45.0	42.3	42.4	43.3	41.8	41.9	40.2	38.1	36.6	34.8	34.7	34.3	30.7	26.3	22.2	20.6	21.0	21.7	20.8
2018/01/18 17:51:37	52.6	32.6	32.6	47.0	47.0	56.7	56.7	56.4	56.4	58.7	58.5	60.3	53.0	50.6	44.2	42.2	43.8	40.5	40.1	39.6	38.2	36.1	35.1	33.3	32.6	32.2	28.7	23.9	20.4	20.2	20.7	21.6	20.4
2018/01/18 17:51:38	59.9	36.0	36.0	55.1	55.1	65.4	65.4	68.6	68.6	68.9	66.7	66.2	60.9	62.1	57.8	49.7	46.2	42.1	41.3	39.7	37.5	35.7	34.6	35.3	34.3	33.9	29.7	25.8	22.4	20.9	21.1	21.8	20.7
2018/01/18 17:51:39	48.8	28.1	28.1	43.6	43.6	52.8	52.8	53.4	53.4	50.8	45.5	43.6	41.1	46.7	42.4	40.8	42.9	41.5	39.0	38.6	36.4	34.3	34.1	33.7	33.9	34.3	30.2	26.5	22.5	21.2	21.3	22.0	20.9
2018/01/18 17:51:40	50.1	26.1	26.1	41.2	41.2	49.4	49.4	50.6	50.6	50.1	47.7	45.4	40.6	46.0	43.3	43.0	44.7	41.6	40.8	40.3	38.1	36.0	35.9	36.4	36.0	36.6	32.2	27.1	22.0	20.6	20.8	21.8	20.8
2018/01/18 17:51:41	49.5	26.8	26.8	41.2	41.2	50.2	50.2	51.3	51.3	48.8	43.2	44.1	38.5	44.7	42.0	44.3	42.0	41.8	40.5	39.4	37.8	36.3	35.5	35.3	35.3	35.0	31.7	27.5	20.9	20.4	20.7	21.8	20.7
2018/01/18 17:51:42	53.2	25.4	25.4	43.1	43.1	51.1	51.1	53.8	53.8	53.1	45.9	50.9	45.5	49.6	46.1	48.2	45.4	45.2	44.7	43.7	42.4	39.4	38.3	38.1	37.1	36.1	31.8	26.3	21.6	20.6	21.0	21.9	20.7
2018/01/18 17:51:43	55.6	25.9	25.9	45.1	45.1	52.0	52.0	57.1	57.1	57.0	46.9	51.8	49.0	51.7	48.2	47.9	48.1	48.8	47.7	46.7	44.1	41.1	41.2	41.0	41.0	38.5	34.9	30.2	25.2	22.4	21.3	21.8	20.6
2018/01/18 17:51:44	54.1	25.9	25.9	42.0	42.0	50.2	50.2	54.4	54.4	54.6	45.3	48.2	46.7	49.4	46.2	45.2	46.1	46.6	44.9	46.7	43.7	40.8	40.6	38.5	39.0	38.4	34.7	30.8	23.9	21.4	21.5	22.1	21.0
2018/01/18 17:51:45	53.5	27.4	27.4	42.9	42.9	51.5	51.5	51.3	51.3	48.5	46.1	46.9	43.9	48.3	46.0	45.4	45.1	46.0	45.4	45.1	42.4	40.9	38.6	38.5	38.4	39.9	36.4	32.0	25.1	22.4	21.6	21.9	20.7
2018/01/18 17:51:46	55.5	26.7	26.7	41.5	41.5	50.6	50.6	50.7	50.7	47.8	44.4	47.6	47.6	48.8	48.7	46.9	47.5	48.2	46.8	46.1	44.4	42.6	41.8	40.8	41.0	42.6	39.5	39.6	28.7	26.0	23.8	22.6	21.6
2018/01/18 17:51:47	62.7	29.6	29.6	45.9	45.9	55.4	55.4	53.7	53.7	48.1	45.0	51.4	51.8	55.1	51.1	53.5	52.9	55.5	54.1	52.4	47.5	48.3	48.6	50.0	51.0	53.4	49.8	46.4	40.8	36.7	32.2	29.7	28.4
2018/01/18 17:51:48	63.9	31.2	31.2	50.7	50.7	58.2	58.2	55.2	55.2	50.1	47.7	54.2	54.8	56.2	50.0	50.2	53.4	55.0	56.5	56.4	51.2	49.6	48.1	50.2	51.1	53.3	51.8	46.6	42.0	39.0	36.0	35.4	34.1
2018/01/18 17:51:49	51.4	27.2	27.2	47.1	47.1	53.4	53.4	51.2	51.2	49.0	44.1	48.3	42.9	45.6	45.1	43.1	44.1	43.0	42.7	42.4	40.2	38.1	36.6	36.9	36.9	38.2	36.6	32.2	26.7	23.8	23.2	23.2	22.0
2018/01/18 17:51:50	49.9	25.1	25.1	43.8	43.8	51.7	51.7	51.9	51.9	47.6	42.6	47.2	42.2	44.1	42.8	42.9	45.9	40.9	40.3	40.0	38.9	36.2	35.0	34.7	34.5	34.8	31.5	27.1	22.5	21.2	21.3	21.8	20.8
2018/01/18 17:51:51	49.2	25.0	25.0	42.2	42.2	50.7	50.7	51.8	51.8	49.6	44.3	45.0	42.3	44.0	42.1	42.5	42.9	41.8	40.2	40.7	37.8	35.5	34.7	33.0	32.9	33.4	31.2	27.2	22.8	21.7	21.4	22.1	20.8
2018/01/18 17:51:52	48.4	26.7	26.7	44.0	44.0	50.4	50.4	48.4	48.4	45.6	42.6	44.6	40.1	42.5	41.9	41.6	43.3	40.5	39.3	38.2	37.1	35.3	34.8	33.6	33.5	33.1	30.9	27.6	22.9	21.2	21.6	22.3	21.2
2018/01/18 17:51:53	49.9	33.5	33.5	46.0	46.0	52.9	52.9	51.6	51.6	46.2	42.1	43.6	39.9	41.8	43.4	42.3	44.5	43.2	40.9	42.1	37.5	36.0	37.1	33.2	33.5	32.6	29.5	26.0	20.7	20.7	20.9	21.8	20.7
2018/01/18 17:51:54	49.9	25.5	25.5	44.1	44.1	52.7	52.7	52.9	52.9	46.7	41.6	43.4	40.9	44.4	42.8	42.3	43.3	42.6	40.2	42.0	37.1	37.0	37.1	35.9	35.0	34.6	31.8	26.8	21.4	20.8	21.3	22.0	20.8
2018/01/18 17:51:55	49.2	26.6	26.6	45.9	45.9	52.8	52.8	50.9	50.9	46.8	45.1	46.7	43.9	44.6	43.7	41.2	42.7	42.0	40.5	40.2	36.9	35.4	34.8	33.5	33.9	33.7	28.8	23.7	20.3	20.4	20.9	21.7	20.7
2018/01/18 17:51:56	49.6	27.2	27.2	44.3	44.3	51.9	51.9	50.9	50.9	46.3	43.1	44.1	42.3	43.9	45.2	44.7	42.3	42.2	40.5	39.0	37.7	35.7	35.7	34.2	34.5	35.0	30.1	25.9	21.5	21.1	20.9	22.1	20.8
2018/01/18 17:51:57	48.6	27.2	27.2	42.5	42.5	50.5	50.5	49.8	49.8	47.3	43.6	45.4	40.4	43.7	43.6	41.1	41.9	42.1	40.4	37.9	36.2	34.9	34.2	33.2	34.0	33.6	29.9	26.3	22.1	21.0	21.2	21.7	20.7
2018/01/18 17:51:58	49.1	26.8	26.8	44.3	44.3	51.1	51.1	48.6	48.6	45.2	42.4	45.5	43.1	42.8	41.9	41.2	42.5	42.4	41.1	38.8	35.6	34.5	35.2	34.5	35.9	36.3	31.7	27.7	22.1	20.9	21.0	22.0	20.8
2018/01/18 17:51:59	55.1	26.6	26.6	43.3	43.3	51.6	51.6	51.6	51.6	48.5	46.3	46.9	42.1	48.5	46.8	47.2	48.5	48.1	46.4	45.4	43.0	40.8	41.8	41.0	42.8	43.2	38.5	32.0	24.4	21.7	21.3	22.0	21.2
2018/01/18 17:52:00	53.7	23.1	23.1	41.3	41.3	49.1	49.1	49.3	49.3	46.6	45.3	46.6	40.8	48.1	44.9	44.7	46.8	46.6	44.8	43.0	42.2	39.6	39.8	39.7	41.6	42.4	37.8	31.9	24.6	21.4	21.1	21.7	20.9
2018/01/18 17:52:01	53.1	28.7	28.7	43.3	43.3	51.0	51.0	52.0	52.0	48.7	46.0	46.2	40.6	48.3	48.9	46.3	45.1	45.2	44.3	44.1	41.9	38.3	38.8	37.6	39.2	39.9	35.9	29.8	24.1	21.1	21.1	21.7	20.5
2018/01/18 17:52:02	56.2	28.1	28.1	48.0	48.0	55.1	55.1	53.2	53.2	49.6	47.5	49.5	41.5	48.2	52.0	48.1	48.4	48.5	46.2	45.8	44.8	43.1	42.6	42.2	43.4	45.1	41.1	34.7	28.6	23.8	21.8	22.2	21.3
2018/01/18 17:52:03	60.8	30.5	30.5	47.3	47.3	56.1	56.1	55.5	55.5	54.1	52.3	51.0	45.7	51.1	53.7	53.8	51.2	55.1	52.2	52.5	49.2	46.8	45.4	45.3	46.5	48.0	44.5	39.4	31.9	27.1	23.8	22.4	21.4
2018/01/18 17:52:04	66.9	31.7	31.7	48.6	48.6	59.7	59.7	59.5	59.5	53.9	52.4	53.3	49.8	55.2	60.3	59.0	54.7	59.0	57.5	54.4	52.7	54.4	53.6	53.4	55.5	58.5	54.0	50.7	42.5	40.7	35.4	30.6	25.8
2018/01/18 17:52:05	71.0	41.3	41.3	57.6	57.6	68.7	68.7	67.1	67.1	54.2	54.2	55.8	50.6	60.5	62.5	60.6	58.6	60.4	60.2	60.5	58.6	59.4	57.8	57.5	59.5	62.6	59.7	54.5	50.2	47.9	44.5	42.5	38.0
2018/01/18 17:52:06	57.8	30.0	30.0	46.3	46.3	57.3	57.3	57.9	57.9	52.4	48.8	49.9	47.9	50.2	53.3	49.7	48.0	49.7	49.7	48.2	46.3	45.3	44.2	44.1	44.6	45.2	41.6	34.8	27.8	23.6	21.7	22.0	20.9
2018/01/18 17:52:07	58.0	29.0	29.0	46.5	46.5	56.7	56.7	58.3	58.3	55.1	51.3	53.0	47.6	54.2	54.7	51.7	49.2	49.2	51.4	46.3	45.0	43.2	42.9	43.5	44.1	44.8	41.0	33.9	25.6	21.8	21.5	22.0	20.8
2018/01/18 17:52:08	56.4	28.7	28.7	45.2	45.2	55.0	55.0	55.4	55.4	51.5	47.4	51.3	47.3	52.0	56.5	52.5	45.8	49.3	46.9	42.7	42.5	40.7	40.6	39.5	39.9	41.2	37.1	31.0	24.2	21.6	21.4	22.2	20.9
2018/01/18 17:52:09	57.1	29.3	29.3	48.7	48.7	55.4	55.4	55.5	55.5	54.5	49.9	48.2	42.6	49.9	55.9	51.5	50.7	49.9	47.5	46.5	44.4	42.6	43.0	42.0	41.0	41.9	37.8	33.4	26.0	22.8	21.7	22.2	21.0
2018/01/18 17:52:10	59.9	32.9	32.9	48.3	48.3	58.9	58.9	60.7	60.7	57.5	54.2	54.8	52.1	53.7	60.4	56.2	52.2	51.2	50.3	47.1	45.3	44.5	44.4	43.0	43.2	43.9	40.2	36.7	28.7	24.1	22.9	23.4	21.7
2018/01/18 17:52:11	68.7	39.7	39.7	59.4	59.4	65.9	65.9	66.3	66.3	64.6	61.2	61.4	52.7	61.4	68.9	60.7	59.5	60.0	59.1	56.2	52.3	52.2	53.5	53.5	54.6	58.6	54.4	49.9	44.0	38.6	36.8	33.7	30.7
2018/01/18 17:52:12	66.2	40.5	40.5	55.0	55.0	61.5	61.5	64.4	64.4	63.3	57.4	60.6	51.6	58.5	65.2	57.5	56.6	59.1	57.8	56.5	54.9	50.8	50.6	49.5	51.2	52.8	48.5	44.6	44.7	35.4	32.0	31.3	28.6
2018/01/18 17:52:13	58.7	32.0	32.0	49.4	49.4	55.5	55.5	55.8	55.8	52.4	48.8	52.1	46.4	53.2	56.8	49.3	51.0	53.4	49.1	47.5	46.1	44.8	44.7	42.7	43.6	43.6	41.7	40.1	35.4	30.9	29.4	30.6	29.7
2018/01/18 17:52:14	65.9	32.1	32.1	43.2	43.2	51.2	51.2	53.6	53.6	56.1	54.4	55.2	50.8	59.8	57.5	55.3	60.3	62.2	55.8	54.4	51.9	50.1	50.5	49.3	51.6	52.6	52.3	45.7	42.3	40.0	34.5	35.0	32.1
2018/01/18 17:52:15	61.3	32.3	32.3	47.5	47.5	54.9	54.9	60.5	60.5	65.0	63.7	56.7	49.8	58.4	55.2	52.1	55.7	56.4	52.8	50.1	48.7	45.3	43.2	42.3	44.3	44.3	42.8	38.9	33.6	28.7	26.2	26.8	26.0
2018/01/18 17:52:16	59.2	37.4	37.4	52.0	52.0	62.8	62.8	65.0	65.0	62.3	63.6	64.3	56.9	58.0	52.1	52.0	50.1	51.3	48.6	48.8	44.9	42.3	41.5	39.8	40.5	40.9	36.9	32.5	27.5	22.9	21.9	22.4	21.1
2018/01/18 17:52:17	59.3	42.3	42.3	56.6	56.6	63.1	63.1	62.2	62.2	59.8	57.2	60.6	55.7	55.1	54.1	50.8	50.8	52.7	51.1	48.9	45.8	45.3	45.2	43.1	42.6	45.4	37.9	36.2	30.6	24.2	21.9	22.4	21.2
2018/01/18 17:52:18	64.4	33.4	33.4	55.5	55.5	61.1	61.1	58.3	58.3	54.3	56.1	60.7	57.5	56.4	58.5	54.8	56.6	60.1	55.8	51.4	49.7	50.8	51.7	49.6	51.0	51.5	45.9	44.2	35.4	31.5	26.7	24.8	23.7
2018/01/18 17:52:19	65.5	32.2	32.2	45.7	45.7	53.3	53.3	55.4	55.4	53.0	49.8	56.6	50.3	59.3	62.4	60.8	58.2	59.7	55.9	57.2	53.5	51.4	50.1	47.4	48.0	48.4	46.6	40.5	35.1	32.3	30.9	32.0	30.2
2018/01/18 17:52:20	56.4	28.6	28.6	41.1	41.1	47.8	47.8	50.9	50.9	47.4	46.4	50.0	42.5	50.0	49.4	48.3	49.4	51.7	50.1	48.8	44.3	40.6	38.1	36.8	36.8	35.7	32.7	28.9	24.2	21.8	21.7	22.8	21.4
2018/01/18 17:52:21	53.5	26.9	26.9	42.5	42.5	51.2	51.2	53.7	53.7	51.8	46.0	47.7	42.8	49.0	46.8	43.4	45.9	49.0	47.0	44.4	41.4	39.2	36.7	35.5	35.6	35.0	32.8	28.8	24.2	22.4	22.0	22.6	22.4
2018/01/18 17:52:22	58.9	39.7	39.7	54.3	54.3	64.6	64.6	66.3	66.3	66.5	67.0	66.1	58.5	58.2	54.2	49.6	47.6	47.4	47.3	43.5	39.6	38.3	35.5	35.2	35.9	34.8	32.1	27.2	23.1	21.3	21.1	22.1	21.2
2018/01/18 17:52:23	59.8	39.7	39.7	57.3	57.3	66.3	66.3	67.4	67.4	65.0	62.1	62.0	59.9	62.2	58.8	56.3	51.4	46.9	43.3	41.0	38.2	36.8	35.1	34.4	34.5	33.6	30.5	28.7	23.0	21.4	23.7	23.1	21.9
2018/01/18 17:52:24	54.1	35.2	35.2	53.7	53.7	62.6	62.6	64.7	64.7	62.7	57.0	59.0	48.8	49.9	44.8	44.6	47.2	46.2	45.6	42.7	39.8	37.3	35.1	34.1	34.2	32.3	30.6	26.9	22.0	20.7	21.2	22.0	20.7
2018/01/18 17:52:25	50.2	28.7	28.7	43.5	43.5	52.4	52.4	55.4	55.4	53.2	46.3	45.4	38.4	44.1	41.8	40.8	42.1	44.2	44.4	41.9	37.8	34.8	34.1	33.3	34.3	31.6	31.5	27.1	23.1	21.8	21.9	22.2	21.2
2018/01/18 17:52:26	50.5	26.8	26.8	42.7	42.7	51.1	51.1	56.2	56.2	54.6	48.9	46.4	38.4	43.4	41.9	40.5	42.5	45.7	43.5	41.3	38.0	35.4	35.3	33.5	34.5	32.5	31.2	27.7	22.7	21.8	21.8	22.3	21.2
2018/01/18 17:52:27	50.3	28.7	28.7	45.3	45.3	54.5	54.5	55.1	55.1	51.6	46.5	45.8	38.2	43.2	41.9	41.9	44.7	44.6	42.2	41.7	37.2	36.0	34.0	33.6	34.3	35.0	33.6	27.1	21.9	21.2	21.5	22.0	21.0
2018/01/18 17:52:28	52.1	25.8	25.8	41.8	41.8	51.7	51.7	52.8	52.8	48.9	43.9	45.2	40.0	43.5	45.5	46.3	47.6	47.1	44.9	40.8	36.6	35.6	34.0	33.5	35.4	36.1	34.3	35.2	29.2	23.6	24.0	22.8	22.0
2018/01/18 17:52:29	50.6	27.0	27.0	42.0	42.0	52.3	52.3	53.0	53.0	49.3	46.6	47.1	40.0	42.3	42.4	42.6	45.3	46.2	43.2	40.8	36.5	35.9	33.9	32.6	33.3	32.3	30.2	27.5	23.4	21.4	21.6	22.0	20.7
2018/01/18 17:52:30	50.3	24.4	24.4	40.0	40.0	47.1	47.1	50.9	50.9	50.3	47.3	46.4	40.0	44.2	42.7	42.8	44.3	44.9	43.4	40.6	37.7	36.4	34.4	33.5	33.3	32.0	29.7	25.2	21.0	20.3	21.1	21.9	20.9
2018/01/18 17:52:31	51.5	26.0	26.0	43.0	43.0	51.7	51.7	52.1	52.1	49.5	48.4	48.4	42.8	45.7	47.8	43.4	43.4	46.2	42.0	41.5	39.1	39.0	36.6	36.8	35.8	34.4	32.4	31.8	22.7	20.6	20.9	21.6	20.6
2018/01/18 17:52:32	51.9	28.4	28.4	46.9	46.9	55.7	55.7	55.6	55.6	52.9	49.7	48.8	42.4	44.9	45.0	42.4	43.7	47.5	42.3	41.7	39.2	40.0	38.4	36.6	36.3	34.5	31.6	28.7	21.4	20.8	20.8	21.7	20.6
2018/01/18 17:52:33	50.9	25.7	25.7	39.8	39.8	50.2	50.2	54.5	54.5	52.2	44.9	46.0	41.3	45.8	44.6	41.8	47.4	44.4	41.0	41.0	38.3	36.6	35.1	35.0	35.2	35.3	31.0	26.1	21.2	20.7	21.1	22.0	20.9
2018/01/18 17:52:34	53.7	25.3	25.3	43.6	43.6	51.9	51.9	54.5	54.5	54.7	49.7	49.1	42.6	46.6	47.4	48.5	46.7	46.4	42.8	44.1	40.9	41.9	40.2	39.0	39.8	38.7	36.7	34.6	27.6	23.2	21.8	22.1	20.9
2018/01/18 17:52:35	57.0	33.2	33.2	57.1	57.1	64.4	64.4	61.4	61.4	58.1	56.1	60.5	51.0	52.0	51.7	51.8	49.3	49.6	46.1	44.1	42.1	42.9	41.0	41.6	42.9	42.5	40.5	38.8	34.3	27.5	22.8	22.2	21.1
2018/01/18 17:52:36	59.8	35.8	35.8	58.7	58.7	66.6	66.6	64.4	64.4	62.9	61.1	60.2	50.1	53.0	53.1	50.3	50.8	51.4	49.5	50.1	47.1	47.8	46.7	45.3	47.3	45.6	44.4	42.2	36.2	28.6	23.5	23.2	22.0
2018/01/18 17:52:37	61.0	38.0	38.0	52.2	52.2	56.0	56.0	56.5	56.5	57.7	60.6	57.0	49.4	52.5	55.4	50.7	51.8	54.0	50.6	52.8	49.3	48.3	45.7	46.4	48.3	47.1	47.0	42.2	37.1	31.6	28.0	27.3	25.0
2018/01/18 17:52:38	57.2	28.5	28.5	46.3	46.3	55.2	55.2	57.9	57.9	56.3	51.3	52.3	44.6	51.7	50.0	47.6	50.9	51.1	47.1	48.8	43.3	42.6	42.8	43.3	44.6	42.6	40.0	35.6	30.7	26.5	23.5	23.0	22.0
2018/01/18 17:52:39	59.2	32.9	32.9	58.2	58.2	65.6	65.6	61.8	61.8	56.1	54.9	58.2	48.8	52.5	57.5	49.6	50.8	51.2	47.9	49.4	44.3	47.2	45.5	45.6	46.5	44.1	41.8	39.0	30.2	25.4	22.6	22.2	21.1
2018/01/18 17:52:40	57.9	35.7	35.7	57.0	57.0	65.4	65.4	61.7	61.7	56.4	54.9	58.9	48.0	52.8	55.6	49.5	51.2	49.7	45.8	46.5	42.2	45.9	43.3	44.0	45.1	43.0	41.0	38.0	29.3	25.4	22.5	22.6	21.6
2018/01/18 17:52:41	55.5	29.9	29.9	51.3	51.3	57.9	57.9	55.0	55.0	51.1	52.6	54.5	47.4	49.5	52.1	45.2	48.1	47.9	45.1	47.6	42.3	42.6	42.0	41.7	41.1	38.7	38.2	35.8	27.0	25.7	22.9	22.8	21.0
2018/01/18 17:52:42	52.8	28.7	28.7	43.2	43.2	52.2	52.2	53.5	53.5	50.7	50.4	49.4	43.5	46.8	46.5	42.4	46.4	43.6	42.8	48.2	39.2	37.3	37.8	35.7	36.3	34.8	33.0	28.3	23.3	21.6	22.3	22.2	21.2
2018/01/18 17:52:43	49.7	26.5	26.5	40.0	40.0	52.8	52.8	57.2	57.2	52.0	46.2	43.8	42.1	44.5	46.0	41.2	42.6	41.7	40.2	41.1	37.1	36.2	35.8	33.7	34.3	33.7	31.2	28.4	22.8	22.5	22.0	22.5	21.6
2018/01/18 17:52:44	49.2	25.9	25.9	39.2	39.2	49.3	49.3	52.4	52.4	50.3	45.4	45.7	40.2	43.6	43.8	41.1	40.8	41.0	39.8	38.5	36.9	36.0	35.3	35.6	36.0	36.2	35.1	29.5	23.9	21.5	21.7	22.1	21.1
2018/01/18 17:52:45	48.9	26.0	26.0	39.9	39.9	52.2	52.2	55.6	55.6	51.3	42.3	43.4	38.0	44.0	45.6	41.1	40.3	42.1	37.2	37.8	33.9	32.8	32.2	30.5	30.9	29.9	29.8	28.3	34.7	43.8	25.0	24.6	29.6
2018/01/18 17:52:46	48.9	26.1	26.1	40.1	40.1	50.5	50.5	52.9	52.9	50.6	44.3	42.7	38.5	43.1	42.0	39.6	42.4	39.9	38.1	38.0	35.7	32.1	32.7	30.9	34.5	33.1	38.2	40.9	27.1	34.1	21.9	22.5	22.5
2018/01/18 17:52:47	51.2	26.9	26.9	40.5	40.5	50.6	50.6	53.2	53.2	49.8	44.1	43.5	40.4	45.0	44.4	42.1	44.3	42.7	41.4	38.6	37.0	36.5	37.8	35.4	36.5	35.3	38.3	41.7	32.6	42.4	23.9	24.1	28.8
2018/01/18 17:52:48	51.0	27.5	27.5	41.4	41.4	49.6	49.6	50.6	50.6	48.9	43.8	46.0	42.9	44.4	44.9	43.3	46.6	41.2	40.7	43.5	36.3	35.3	38.0	36.6	37.1	35.1	34.5	29.9	29.3	34.5	21.7	22.5	22.4
2018/01/18 17:52:49	50.6	24.8	24.8	44.8	44.8	51.0	51.0	49.7	49.7	46.6	45.1	45.8	41.5	46.1	45.0	43.6	41.5	41.4	39.9	39.3	37.0	36.1	36.8	38.7	37.5	40.1	35.6	30.7	31.1	38.3	24.5	24.1	25.7
2018/01/18 17:52:50	51.6	27.7	27.7	43.2	43.2	50.0	50.0	51.3	51.3	51.2	46.5	47.6	43.6	48.0	45.3	44.8	44.0	43.4	41.5	40.8	38.6	37.3	38.2	40.2	40.1	37.7	33.3	29.1	22.0	20.7	21.1	21.7	20.9
2018/01/18 17:52:51	52.7	27.9	27.9	43.8	43.8	52.1	52.1	54.1	54.1	51.3	44.3	48.1	42.8	49.0	47.7	46.0	46.9	45.0	43.5	42.8	40.4	38.8	38.5	38.6	39.6	36.7	32.5	28.7	23.3	24.0	21.0	21.9	20.7
2018/01/18 17:52:52	53.0	27.9	27.9	43.9	43.9	51.8	51.8	53.9	53.9	50.8	45.3	48.3	46.6	48.7	46.5	46.8	48.0	45.7	43.1	43.6	40.6	39.5	39.5	38.6	38.1	36.5	32.0	25.9	20.4	20.1	21.0	21.7	20.8
2018/01/18 17:52:53	53.4	31.0	31.0	47.6	47.6	52.9	52.9	54.0	54.0	51.0	44.9	48.8	47.3	49.8	48.3	46.2	46.9	45.7	43.1	42.6	40.3	39.9	39.4	40.3	39.6	40.4	35.8	28.1	21.7	20.1	20.9	21.7	20.8
2018/01/18 17:52:54	55.2	27.9	27.9	46.1	46.1	52.5	52.5	54.4	54.4	51.7	47.8	50.5	49.4	51.3	50.0	48.2	48.3	47.9	45.2	44.0	42.0	41.5	42.6	41.7	41.5	42.2	37.8	31.6	23.7	20.6	21.1	21.5	20.7
2018/01/18 17:52:55	58.7	30.8	30.8	46.2	46.2	53.3	53.3	55.5	55.5	53.9	50.1	53.6	49.3	53.9	53.3	52.5	51.2	51.9	47.9	47.9	46.4	45.2	45.7	45.5	43.8	47.3	42.4	34.5	26.7	21.5	21.2	21.8	20.9
2018/01/18 17:52:56	61.6	32.0	32.0	49.6	49.6	56.2	56.2	58.0	58.0	58.3	53.1	58.0	55.8	57.1	55.5	55.4	54.0	54.0	50.4	51.4	50.2	47.5	48.9	49.0	46.3	48.3	46.8	39.0	31.1	24.9	22.1	22.3	20.9
2018/01/18 17:52:57	64.5	30.1	30.1	48.4	48.4	57.4	57.4	61.9	61.9	59.1	51.7	56.9	54.7	57.6	54.4	55.0	56.7	55.9	53.9	57.1	52.1	50.7	52.9	52.0	49.9	51.9	51.5	45.0	39.9	32.8	25.2	23.2	21.4
2018/01/18 17:52:58	71.9	36.7	36.7	50.4	50.4	59.0	59.0	61.4	61.4	57.1	58.2	64.6	60.2	62.5	62.9	64.7	63.0	62.8	60.7	62.7	60.5	57.1	58.6	58.7	58.5	61.5	61.2	57.2	50.6	45.8	40.7	38.3	34.0
2018/01/18 17:52:59	71.6	35.2	35.2	48.1	48.1	58.6	58.6	59.9	59.9	55.8	57.4	63.6	57.7	62.4	59.9	58.5	62.1	61.5	59.0	62.7	62.8	59.9	58.8	59.0	56.8	59.6	61.3	57.2	51.1	44.6	42.3	40.4	37.0
2018/01/18 17:53:00	59.7	34.4	34.4	46.9	46.9	57.0	57.0	61.8	61.8	58.0	51.8	56.1	53.9	55.1	52.0	50.6	51.3	50.9	50.1	50.4	48.9	46.9	47.3	46.9	44.1	45.2	46.1	41.2	33.3	27.1	22.3	22.3	21.1
2018/01/18 17:53:01	57.0	37.6	37.6	50.6	50.6	56.6	56.6	62.6	62.6	61.6	50.8	52.6	50.9	53.6	52.7	47.9	49.4	48.9	47.2	46.8	45.2	43.1	43.7	42.9	42.2	40.9	39.1	34.8	25.4	21.4	21.2	22.0	20.8
2018/01/18 17:53:02	56.8	30.8	30.8	46.6	46.6	52.6	52.6	56.3	56.3	57.7	52.7	56.6	52.4	54.2	52.1	49.7	49.0	49.9	48.0	46.3	43.9	42.1	42.6	42.1	41.5	40.5	37.0	31.9	24.1	21.8	21.2	22.0	20.6
2018/01/18 17:53:03	56.5	28.8	28.8	46.4	46.4	59.2	59.2	63.0	63.0	58.2	50.7	53.6	55.5	56.4	51.9	48.6	48.2	48.5	46.4	46.6	44.2	41.1	41.8	41.1	40.0	38.8	35.3	30.1	23.1	21.1	21.2	21.8	20.9
2018/01/18 17:53:04	56.7	32.9	32.9	44.1	44.1	63.1	63.1	69.5	69.5	65.0	51.3	54.6	52.1	55.5	51.1	49.1	49.3	48.5	46.5	45.3	43.5	40.1	41.1	40.3	39.7	38.2	33.8	29.5	23.6	21.8	21.4	21.9	20.8
2018/01/18 17:53:05	57.2	33.4	33.4	44.2	44.2	60.5	60.5	69.7	69.7	67.7	53.3	53.0	50.7	54.7	52.7	48.4	49.2	49.4	47.4	46.3	43.5	40.6	42.1	40.0	38.7	38.2	35.9	33.2	29.1	26.4	23.9	23.0	22.0
2018/01/18 17:53:06	59.1	32.0	32.0	45.7	45.7	57.4	57.4	67.8	67.8	68.0	57.3	55.0	53.3	57.4	55.2	52.5	51.0	50.5	47.9	48.5	46.1	42.3	43.7	42.5	42.0	42.7	43.3	39.6	36.4	32.5	31.4	29.9	29.6
2018/01/18 17:53:07	59.0	30.8	30.8	48.9	48.9	59.2	59.2	65.7	65.7	66.2	58.5	56.4	54.7	57.7	56.1	51.7	51.2	50.4	48.5	48.6	47.0	43.5	44.0	42.2	42.2	40.5	35.4	30.7	25.0	22.6	22.7	22.5	20.8
2018/01/18 17:53:08	58.9	30.8	30.8	46.2	46.2	54.7	54.7	60.0	60.0	61.2	54.2	54.8	55.2	58.2	55.9	50.5	51.8	52.0	49.8	48.7	45.0	43.0	44.2	42.1	42.8	43.0	36.7	31.8	22.7	21.0	21.4	22.0	21.3
2018/01/18 17:53:09	57.8	29.0	29.0	44.1	44.1	54.9	54.9	58.6	58.6	56.9	53.0	54.5	50.9	54.4	51.7	49.4	50.4	50.0	48.4	48.4	45.3	43.1	45.4	43.2	44.0	44.7	38.2	31.4	22.5	20.9	21.3	21.9	20.8
2018/01/18 17:53:10	57.1	31.7	31.7	47.3	47.3	58.3	58.3	58.4	58.4	52.0	51.9	53.8	49.8	51.7	51.6	48.9	49.2	49.7	47.4	48.5	45.2	42.5	44.6	42.8	42.8	43.8	37.3	33.8	22.2	20.5	21.0	21.7	20.8
2018/01/18 17:53:11	56.7	33.7	33.7	49.6	49.6	58.8	58.8	58.3	58.3	53.5	53.0	52.8	49.5	49.9	50.2	49.0	48.0	48.2	47.3	48.3	44.5	42.5	44.7	43.9	44.3	42.2	37.2	32.1	22.6	20.9	21.3	22.0	21.0
2018/01/18 17:53:12	59.1	35.9	35.9	51.2	51.2	62.8	62.8	62.3	62.3	54.2	51.1	50.7	50.8	54.4	52.4	50.7	51.5	53.3	50.6	50.3	45.9	45.3	45.5	45.3	44.8	43.3	39.4	35.1	25.8	22.6	21.6	22.3	21.1
2018/01/18 17:53:13	57.2	33.9	33.9	47.6	47.6	58.3	58.3	58.0	58.0	52.7	51.0	52.1	49.9	51.3	49.4	49.5	50.6	49.5	49.0	48.6	45.7	44.1	43.8	42.5	43.3	42.1	37.4	32.6	23.8	20.7	21.1	21.8	20.8
2018/01/18 17:53:14	55.2	35.1	35.1	51.1	51.1	62.1	62.1	61.0	61.0	55.0	53.0	50.7	47.0	49.9	48.7	47.0	46.6	47.3	47.1	46.3	43.8	40.2	42.6	41.4	40.6	39.8	35.4	31.1	23.2	21.1	21.2	21.9	20.9
2018/01/18 17:53:15	55.9	34.9	34.9	49.5	49.5	59.9	59.9	60.4	60.4	55.4	55.0	53.0	48.5	52.2	50.5	47.0	48.8	47.3	46.8	45.9	44.0	42.1	43.1	41.7	42.0	41.7	37.0	32.8	23.7	21.2	21.1	22.0	20.9
2018/01/18 17:53:16	56.1	33.4	33.4	48.3	48.3	57.7	57.7	58.7	58.7	54.6	54.2	54.6	46.6	51.0	50.6	46.6	48.3	47.5	47.3	47.2	44.7	42.4	43.6	41.7	41.6	41.7	37.4	32.6	23.9	21.2	21.0	21.7	20.6
2018/01/18 17:53:17	56.6	33.3	33.3	49.3	49.3	58.3	58.3	59.6	59.6	56.9	53.2	51.3	45.2	54.0	53.4	48.0	48.4	47.5	46.4	46.2	45.4	43.4	43.1	42.3	43.8	42.3	39.6	35.3	26.5	22.0	21.5	22.1	21.3
2018/01/18 17:53:18	57.6	33.0	33.0	51.6	51.6	60.0	60.0	59.9	59.9	57.9	57.1	55.1	49.0	54.0	54.2	50.5	50.3	48.2	48.3	47.8	45.9	44.0	43.4	42.7	42.4	43.0	40.2	35.0	26.4	21.8	21.1	21.8	20.7
2018/01/18 17:53:19	60.0	34.0	34.0	51.0	51.0	60.8	60.8	61.9	61.9	58.7	56.6	56.0	50.9	56.1	52.8	51.3	52.6	51.6	50.3	49.7	48.3	47.0	45.9	46.0	47.1	48.6	43.6	41.4	30.3	26.0	22.6	22.2	21.1
2018/01/18 17:53:20	67.0	39.2	39.2	54.5	54.5	61.0	61.0	63.7	63.7	62.4	63.7	60.3	55.3	61.8	58.3	56.5	58.6	58.4	57.1	55.7	53.1	53.4	53.6	54.2	54.1	57.8	55.4	49.5	42.1	36.1	31.9	32.0	29.2
2018/01/18 17:53:21	63.9	38.5	38.5	52.6	52.6	59.3	59.3	63.1	63.1	62.6	64.0	61.7	57.3	61.3	56.3	54.9	56.2	55.5	52.9	54.1	52.0	51.3	49.5	49.4	48.4	51.6	50.7	45.3	38.7	35.2	34.0	30.7	29.6
2018/01/18 17:53:22	65.7	30.9	30.9	48.0	48.0	57.1	57.1	59.0	59.0	58.7	58.4	61.6	57.7	61.6	57.3	59.0	59.1	58.1	54.1	53.7	50.8	51.0	52.4	52.2	52.8	56.0	51.7	47.0	41.1	34.5	29.8	27.0	24.4
2018/01/18 17:53:23	70.1	35.6	35.6	55.1	55.1	62.8	62.8	61.4	61.4	61.7	60.5	64.1	58.7	62.5	57.6	58.7	59.1	62.2	59.7	62.5	58.4	59.0	56.5	57.1	57.1	59.0	56.4	53.0	45.8	39.8	35.9	33.7	31.6
2018/01/18 17:53:24	61.1	31.8	31.8	50.4	50.4	61.8	61.8	62.5	62.5	58.0	54.0	57.3	55.3	54.8	52.3	50.1	53.7	53.6	51.2	49.0	46.9	47.5	47.9	47.0	49.5	50.4	47.4	48.0	36.7	31.9	26.6	23.4	22.3
2018/01/18 17:53:25	67.1	41.1	41.1	57.3	57.3	70.4	70.4	70.0	70.0	60.8	61.8	61.5	59.6	57.4	54.3	57.8	58.3	58.9	56.4	54.1	52.3	51.7	53.0	52.9	55.4	58.5	57.4	54.2	46.3	40.7	36.0	33.6	30.7
2018/01/18 17:53:26	61.2	38.5	38.5	55.3	55.3	66.0	66.0	64.7	64.7	56.7	54.8	53.9	50.6	54.7	50.2	53.2	55.7	53.9	51.4	50.9	48.2	48.0	46.0	45.8	49.0	49.7	47.9	44.4	35.4	29.8	27.4	27.3	27.0
2018/01/18 17:53:27	54.4	30.0	30.0	47.7	47.7	55.7	55.7	55.6	55.6	55.0	51.8	51.0	46.1	47.6	47.1	46.4	48.1	45.9	45.4	44.8	42.1	42.0	41.2	39.7	41.7	39.3	37.1	32.7	32.1	27.6	23.4	24.6	22.8
2018/01/18 17:53:28	54.7	30.0	30.0	50.8	50.8	59.6	59.6	58.6	58.6	55.6	51.0	48.2	44.9	48.2	48.4	47.3	46.8	46.5	47.8	45.8	43.3	42.4	40.5	39.5	38.6	38.0	34.6	29.0	25.6	25.4	21.2	21.9	20.6
2018/01/18 17:53:29	53.1	26.5	26.5	48.3	48.3	56.5	56.5	55.9	55.9	52.5	49.3	49.1	42.4	46.3	47.0	46.0	45.4	45.1	44.5	45.3	42.4	39.9	39.3	37.6	37.1	36.4	32.2	27.6	22.5	21.5	22.1	22.4	21.0
2018/01/18 17:53:30	52.5	30.6	30.6	45.4	45.4	53.2	53.2	54.4	54.4	52.1	48.3	49.2	43.4	47.0	47.6	44.8	45.7	44.2	42.7	44.0	42.5	40.0	38.7	37.5	36.5	35.9	33.0	28.5	21.8	21.0	21.0	22.2	21.0
2018/01/18 17:53:31	55.3	30.2	30.2	47.3	47.3	53.7	53.7	56.5	56.5	56.4	50.8	51.7	48.1	49.7	48.6	44.1	46.5	47.1	48.2	45.6	46.0	42.0	43.5	39.8	40.4	38.8	34.0	28.8	22.4	21.2	21.5	22.1	21.6
2018/01/18 17:53:32	52.9	27.0	27.0	47.2	47.2	55.4	55.4	55.5	55.5	55.5	51.8	51.1	44.4	49.0	50.8	44.8	44.6	43.9	43.7	42.7	42.1	38.9	38.6	37.6	38.3	37.4	33.4	29.4	22.7	21.2	21.3	22.5	21.5
2018/01/18 17:53:33	55.1	33.9	33.9	49.0	49.0	60.6	60.6	60.8	60.8	55.0	54.1	52.2	50.8	49.4	54.4	45.0	47.7	45.9	43.1	41.8	43.0	41.4	40.8	40.5	41.8	41.8	38.1	33.0	26.2	22.3	21.7	22.2	20.7
2018/01/18 17:53:34	57.7	39.1	39.1	51.3	51.3	68.4	68.4	70.4	70.4	60.9	58.7	57.2	51.0	52.0	51.5	44.2	49.8	48.1	47.5	43.5	43.5	43.4	42.1	44.4	45.0	47.0	42.5	38.5	32.2	26.8	24.1	24.5	23.8
2018/01/18 17:53:35	63.2	42.5	42.5	55.3	55.3	72.1	72.1	73.8	73.8	63.5	66.5	64.4	54.8	53.4	53.0	50.7	54.1	54.6	53.2	50.9	50.5	49.3	47.6	49.4	50.9	52.6	49.5	45.0	45.0	34.0	29.4	28.4	27.3
2018/01/18 17:53:36	61.3	38.3	38.3	50.9	50.9	67.0	67.0	68.6	68.6	59.8	65.8	63.6	54.4	53.3	52.2	50.0	54.2	53.2	51.4	48.8	45.8	44.5	44.7	47.9	49.3	50.9	47.0	41.6	41.6	29.7	24.3	23.6	22.2
2018/01/18 17:53:37	56.2	30.6	30.6	45.1	45.1	57.9	57.9	59.9	59.9	54.9	61.2	59.4	51.4	50.3	49.5	45.9	48.4	47.7	46.5	42.1	40.7	39.8	40.7	42.7	43.0	44.2	40.3	36.9	42.4	25.4	22.5	22.6	21.7
2018/01/18 17:53:38	53.8	29.4	29.4	48.2	48.2	60.6	60.6	61.0	61.0	53.5	57.3	55.1	49.2	50.2	48.6	45.2	46.1	44.3	43.0	41.0	40.0	39.1	38.8	39.1	39.3	40.4	35.9	34.0	42.8	22.6	21.7	22.2	21.1
2018/01/18 17:53:39	54.0	33.5	33.5	48.4	48.4	59.8	59.8	59.6	59.6	52.8	55.7	51.9	44.3	48.8	47.9	44.9	48.6	46.1	45.4	45.1	41.2	40.2	39.4	38.4	38.4	38.3	35.3	31.5	25.1	23.0	22.0	22.6	21.8
2018/01/18 17:53:40	54.1	32.5	32.5	49.2	49.2	60.7	60.7	60.6	60.6	55.1	55.0	52.3	45.0	50.3	47.7	46.4	45.3	44.9	43.1	43.0	43.2	43.1	39.8	39.1	39.6	39.7	40.4	34.7	28.5	23.6	22.0	22.2	21.5
2018/01/18 17:53:41	52.2	33.7	33.7	46.7	46.7	57.3	57.3	56.4	56.4	52.1	50.9	49.8	44.8	47.9	47.2	42.0	42.9	43.5	42.6	40.9	41.7	41.3	38.3	38.5	37.3	37.5	37.6	31.6	25.2	21.7	21.8	22.4	21.3
2018/01/18 17:53:42	52.0	29.7	29.7	46.5	46.5	55.5	55.5	54.4	54.4	51.9	50.0	49.1	45.5	44.8	45.4	45.0	45.0	43.9	42.9	42.2	40.9	39.9	37.8	37.3	37.4	36.7	35.5	30.7	24.2	21.3	21.6	22.2	21.0
2018/01/18 17:53:43	52.8	31.5	31.5	43.9	43.9	54.6	54.6	56.1	56.1	53.6	47.6	48.0	45.5	45.3	44.4	48.6	49.3	43.6	42.2	42.5	40.7	38.7	38.3	37.6	38.0	36.8	34.4	29.4	22.7	21.3	21.4	21.9	21.0
2018/01/18 17:53:44	53.0	28.7	28.7	43.7	43.7	53.0	53.0	54.5	54.5	50.8	47.5	49.4	47.1	46.8	46.5	48.4	48.1	44.7	43.7	43.1	39.1	38.9	39.1	37.6	38.6	38.6	34.6	29.8	22.3	20.7	21.2	21.8	20.7
2018/01/18 17:53:45	54.4	30.4	30.4	45.6	45.6	54.8	54.8	54.9	54.9	53.2	50.0	51.2	45.8	48.2	48.3	50.0	49.8	45.6	44.6	44.4	40.7	40.1	40.0	38.5	40.1	40.4	36.2	30.8	23.5	21.3	21.3	21.9	20.8
2018/01/18 17:53:46	56.5	31.3	31.3	46.6	46.6	54.5	54.5	54.5	54.5	51.2	49.2	51.5	50.0	52.3	48.4	52.7	50.2	47.7	46.5	45.1	44.0	43.5	42.0	40.7	43.5	44.3	39.8	36.3	28.6	23.9	22.0	22.2	21.0
2018/01/18 17:53:47	62.4	31.2	31.2	45.4	45.4	55.1	55.1	57.5	57.5	53.3	52.2	56.4	50.2	58.5	55.0	54.3	55.1	52.6	52.2	52.4	50.5	51.1	48.1	47.5	50.4	50.4	49.2	45.6	39.1	34.8	32.6	30.8	28.1
2018/01/18 17:53:48	61.8	31.5	31.5	46.4	46.4	54.1	54.1	56.4	56.4	54.4	52.3	54.3	50.7	58.5	56.0	55.0	54.8	53.3	52.2	51.8	48.0	48.1	47.1	47.7	49.0	50.0	47.4	43.7	38.2	33.8	30.4	28.2	26.1
2018/01/18 17:53:49	60.1	30.3	30.3	48.2	48.2	57.8	57.8	61.0	61.0	56.6	48.9	56.9	51.4	56.3	54.9	57.0	54.2	50.8	49.5	50.1	46.0	46.0	45.4	43.2	44.6	46.2	43.7	40.4	31.3	26.3	23.0	22.6	21.1
2018/01/18 17:53:50	63.1	31.2	31.2	47.9	47.9	54.1	54.1	57.0	57.0	55.9	54.5	59.9	55.5	56.6	55.3	58.4	58.9	55.7	52.1	53.7	48.9	48.3	49.0	45.4	47.8	49.0	47.7	45.8	34.7	29.7	26.7	25.0	24.9
2018/01/18 17:53:51	73.4	41.0	41.0	55.2	55.2	59.7	59.7	63.4	63.4	61.3	61.1	68.1	62.9	64.3	64.1	65.5	69.3	64.0	63.3	63.7	58.8	58.2	58.8	57.4	59.9	62.7	61.5	58.2	49.8	45.4	43.8	44.8	45.7
2018/01/18 17:53:52	63.7	36.4	36.4	49.9	49.9	58.2	58.2	61.1	61.1	58.9	58.8	66.7	57.4	57.3	52.2	60.6	54.4	54.0	53.7	53.4	49.7	49.4	51.3	47.4	49.5	50.6	49.3	44.8	36.7	30.3	27.4	26.4	25.5
2018/01/18 17:53:53	57.9	34.3	34.3	47.7	47.7	55.9	55.9	56.0	56.0	54.4	55.0	57.5	52.9	51.3	49.9	51.7	48.8	49.8	48.3	48.3	46.0	44.4	45.1	43.0	44.7	44.8	42.3	38.7	29.2	23.6	21.7	22.4	20.9
2018/01/18 17:53:54	56.9	38.6	38.6	51.3	51.3	56.5	56.5	56.1	56.1	52.9	58.9	61.2	47.2	51.8	50.6	49.8	49.4	47.7	46.3	47.2	44.8	43.1	44.0	41.7	43.0	41.0	37.6	32.4	23.9	21.1	21.1	21.9	20.9
2018/01/18 17:53:55	55.7	32.3	32.3	56.6	56.6	63.6	63.6	60.1	60.1	53.1	49.8	55.0	48.4	51.0	50.4	48.1	47.8	47.2	45.8	45.3	43.2	43.0	43.5	41.6	43.8	40.1	36.5	31.3	22.9	20.6	20.9	21.8	20.8
2018/01/18 17:53:56	56.5	34.5	34.5	55.8	55.8	64.7	64.7	62.4	62.4	54.4	51.4	52.6	48.3	51.2	51.5	49.5	48.1	48.1	47.7	45.7	44.3	43.6	43.7	42.1	44.5	42.5	36.8	31.5	23.3	21.0	21.3	21.9	20.9
2018/01/18 17:53:57	58.8	38.4	38.4	53.7	53.7	65.0	65.0	64.9	64.9	57.1	55.5	58.8	48.0	52.3	54.1	50.7	50.9	50.4	49.6	47.6	46.7	46.1	45.2	44.1	46.8	45.0	39.5	34.8	26.3	21.8	21.1	22.3	22.5
2018/01/18 17:53:58	64.6	37.2	37.2	51.4	51.4	66.7	66.7	72.9	72.9	69.0	57.3	59.9	51.4	57.2	59.3	54.7	55.6	56.8	55.7	52.2	50.9	53.4	53.9	51.8	51.2	49.6	44.9	42.1	34.7	30.9	25.5	26.8	24.4
2018/01/18 17:53:59	68.2	39.7	39.7	50.4	50.4	62.5	62.5	70.2	70.2	69.4	59.7	60.3	54.2	61.3	63.5	57.6	59.6	61.7	60.0	58.5	56.5	55.7	56.1	53.7	53.8	52.7	50.0	45.4	38.7	33.8	29.4	28.1	25.7
2018/01/18 17:54:00	66.8	33.8	33.8	54.3	54.3	60.7	60.7	63.9	63.9	63.1	59.8	61.3	53.6	59.4	61.4	55.4	57.6	59.5	56.7	56.3	53.0	53.9	55.5	54.3	55.4	54.5	51.7	48.3	41.0	37.0	32.2	27.8	26.0
2018/01/18 17:54:01	67.3	38.5	38.5	57.0	57.0	62.9	62.9	61.4	61.4	58.9	61.4	60.8	53.9	60.5	60.9	53.7	56.9	56.9	57.4	58.2	57.2	56.4	53.4	54.2	55.0	55.9	54.2	48.5	43.1	40.5	38.4	34.8	31.6
2018/01/18 17:54:02	58.4	32.8	32.8	48.4	48.4	56.1	56.1	57.8	57.8	57.7	54.5	55.5	50.8	54.0	52.6	46.6	50.3	49.9	48.4	48.2	47.0	46.3	46.0	46.6	45.8	44.1	41.4	36.0	25.8	21.5	21.1	21.9	20.7
2018/01/18 17:54:03	59.1	31.2	31.2	49.9	49.9	57.6	57.6	59.9	59.9	57.7	54.0	54.3	50.0	54.2	54.3	51.2	51.0	51.8	50.7	50.0	46.8	46.3	45.2	45.4	44.1	43.5	39.9	35.8	25.2	21.8	21.2	21.9	20.8
2018/01/18 17:54:04	63.6	31.1	31.1	49.3	49.3	58.0	58.0	61.5	61.5	60.4	52.8	51.9	47.0	56.2	58.9	53.6	55.4	58.0	55.9	52.7	49.8	50.8	50.9	49.0	49.9	49.3	48.7	42.5	35.4	29.5	25.1	26.9	25.4
2018/01/18 17:54:05	62.3	27.9	27.9	48.1	48.1	56.0	56.0	56.5	56.5	56.5	52.5	54.0	49.3	59.5	56.4	53.9	55.1	55.0	55.0	53.4	51.2	49.5	46.7	47.0	46.4	46.1	45.0	39.0	32.2	27.3	25.4	26.2	24.0
2018/01/18 17:54:06	60.2	32.1	32.1	46.8	46.8	57.5	57.5	59.7	59.7	57.1	52.9	54.5	48.2	53.8	53.5	57.7	54.4	51.4	49.5	49.4	48.9	46.8	44.4	46.9	45.2	44.3	42.0	34.5	27.4	22.2	21.4	21.9	20.6
2018/01/18 17:54:07	63.9	29.8	29.8	47.8	47.8	56.1	56.1	59.3	59.3	59.2	53.1	54.8	51.9	56.8	58.8	59.7	57.9	55.2	51.9	53.6	55.3	51.6	47.7	50.1	49.3	47.7	45.8	38.4	30.3	24.4	22.1	22.3	20.9
2018/01/18 17:54:08	68.7	30.7	30.7	50.9	50.9	56.5	56.5	61.3	61.3	64.1	59.1	60.3	57.6	59.4	62.5	63.5	63.5	58.6	57.0	57.4	57.0	56.8	54.2	55.5	57.8	55.1	53.1	48.9	41.3	37.1	33.9	27.0	25.0
2018/01/18 17:54:09	75.4	35.3	35.3	54.1	54.1	60.4	60.4	65.6	65.6	66.6	62.2	66.8	61.2	65.5	66.5	64.9	68.2	67.1	63.9	63.9	63.5	63.4	61.2	62.3	63.8	64.6	64.9	58.3	53.6	49.3	46.7	44.8	41.8
2018/01/18 17:54:10	62.4	34.6	34.6	49.3	49.3	56.6	56.6	57.5	57.5	56.2	54.0	60.5	52.2	52.8	56.7	55.9	52.3	52.4	49.4	50.6	51.3	52.1	48.6	53.0	50.3	48.7	47.4	40.2	32.8	26.7	24.3	24.2	23.2
2018/01/18 17:54:11	56.9	32.3	32.3	47.5	47.5	57.3	57.3	61.2	61.2	57.6	52.9	57.1	48.7	51.4	53.3	49.9	48.5	46.8	44.5	44.9	45.5	45.9	41.9	46.0	43.6	41.6	39.4	31.9	24.4	21.5	21.3	21.9	20.8
2018/01/18 17:54:12	53.6	29.8	29.8	44.7	44.7	52.7	52.7	57.0	57.0	53.7	49.1	52.4	45.3	48.2	47.9	46.8	45.9	44.9	44.4	41.8	41.8	42.4	39.4	41.5	39.7	38.3	36.1	29.8	23.0	20.8	20.8	21.7	20.6
2018/01/18 17:54:13	52.4	28.4	28.4	48.5	48.5	56.5	56.5	56.8	56.8	54.8	51.0	50.2	44.5	52.2	46.2	44.1	45.0	43.5	41.8	40.2	40.8	39.8	38.7	38.7	37.6	37.5	34.1	28.0	22.2	21.0	21.2	22.0	21.0
2018/01/18 17:54:14	52.5	30.6	30.6	47.4	47.4	55.8	55.8	55.6	55.6	53.1	50.8	47.5	43.5	52.8	45.4	42.8	45.9	44.6	41.2	40.6	40.8	40.4	39.4	38.0	37.4	37.2	33.1	28.8	24.0	21.4	21.6	22.2	20.9
2018/01/18 17:54:15	51.5	32.0	32.0	45.5	45.5	55.1	55.1	57.0	57.0	55.3	52.0	48.8	43.4	47.2	45.8	43.7	46.9	42.5	42.0	39.6	38.8	39.6	37.6	36.7	36.4	35.0	32.9	29.0	24.2	23.2	22.2	22.1	21.1
2018/01/18 17:54:16	53.6	29.1	29.1	46.1	46.1	56.8	56.8	58.6	58.6	54.0	51.4	51.3	43.0	53.3	48.3	44.1	46.1	46.2	42.7	41.1	40.7	40.3	40.3	40.0	39.9	39.6	35.8	30.1	26.3	22.3	21.7	22.3	21.2
2018/01/18 17:54:17	54.9	27.5	27.5	44.5	44.5	54.0	54.0	56.8	56.8	54.3	49.0	50.0	46.5	55.9	49.6	44.6	46.3	45.2	43.0	42.6	40.8	40.0	45.7	40.1	41.3	41.4	36.2	31.9	23.9	21.7	21.4	22.0	20.6
2018/01/18 17:54:18	54.8	28.9	28.9	44.5	44.5	55.4	55.4	57.0	57.0	53.1	51.9	51.8	47.1	54.6	51.2	46.5	49.3	46.1	43.9	42.1	41.3	41.1	40.6	39.6	41.5	39.5	35.5	29.5	24.4	21.5	22.0	22.3	21.3
2018/01/18 17:54:19	55.1	27.2	27.2	42.6	42.6	53.7	53.7	55.4	55.4	51.3	49.9	50.3	48.8	53.7	54.0	46.8	47.7	46.8	44.4	41.7	39.7	41.6	40.6	40.3	42.1	40.7	36.4	31.1	26.7	22.9	22.6	23.4	22.1
2018/01/18 17:54:20	56.1	28.2	28.2	43.0	43.0	54.7	54.7	56.3	56.3	51.4	48.7	50.0	48.9	53.4	55.6	49.7	49.1	47.3	45.0	41.8	41.0	42.2	42.1	41.3	43.5	41.9	38.1	32.4	26.1	22.4	22.3	22.4	21.4
2018/01/18 17:54:21	56.4	30.9	30.9	44.4	44.4	58.2	58.2	59.3	59.3	52.0	52.2	53.1	49.1	54.7	54.7	50.5	47.8	47.1	45.4	43.1	41.6	41.7	41.6	41.7	44.6	44.0	39.6	33.8	27.1	23.0	22.3	22.7	21.7
2018/01/18 17:54:22	57.3	35.4	35.4	51.5	51.5	63.1	63.1	62.0	62.0	52.8	53.5	56.4	50.9	55.6	52.8	50.1	49.8	47.4	45.1	43.9	43.2	42.3	42.9	43.2	46.1	46.9	40.7	34.8	28.6	24.0	23.2	23.5	21.9
2018/01/18 17:54:23	62.5	33.6	33.6	48.1	48.1	60.4	60.4	60.0	60.0	53.3	55.8	56.8	52.1	61.1	54.5	53.8	55.0	54.5	50.7	49.2	49.2	50.3	48.8	50.5	51.3	51.1	47.0	40.7	32.9	28.5	28.7	28.6	25.1
2018/01/18 17:54:24	66.0	29.8	29.8	44.7	44.7	56.5	56.5	57.7	57.7	55.5	56.4	61.2	57.5	67.3	59.4	56.8	57.7	56.5	55.6	53.1	51.7	52.5	50.3	52.5	54.8	54.4	50.4	44.7	39.3	34.8	35.8	33.6	29.4
2018/01/18 17:54:25	64.0	32.5	32.5	44.9	44.9	59.6	59.6	60.9	60.9	54.7	58.4	57.0	52.8	63.9	59.8	56.8	56.9	55.2	53.1	51.6	46.5	48.1	48.8	50.4	53.8	52.3	48.3	39.6	35.5	29.5	29.4	26.9	23.5
2018/01/18 17:54:26	61.0	30.0	30.0	42.6	42.6	58.4	58.4	61.0	61.0	54.6	57.0	56.9	52.0	62.7	57.7	53.9	53.2	51.3	49.0	45.9	43.7	46.9	45.8	47.5	48.8	48.3	42.8	37.1	30.9	24.9	23.4	22.9	21.2
2018/01/18 17:54:27	59.0	33.0	33.0	50.8	50.8	61.2	61.2	61.2	61.2	54.4	53.5	56.2	51.2	59.5	54.0	52.1	51.5	48.4	48.1	45.3	44.7	45.8	45.3	44.8	47.4	45.9	42.7	37.1	29.0	23.6	22.6	22.6	21.1
2018/01/18 17:54:28	55.3	27.2	27.2	42.1	42.1	52.9	52.9	54.7	54.7	51.8	48.5	48.5	46.3	54.2	48.9	47.8	47.3	46.1	45.8	42.2	40.6	40.2	40.0	38.9	42.3	46.9	38.5	41.9	26.6	21.5	31.4	22.2	21.0
2018/01/18 17:54:29	52.5	22.8	22.8	39.3	39.3	49.2	49.2	52.5	52.5	50.7	46.6	50.6	47.8	51.8	48.2	44.4	46.0	46.5	43.0	39.7	38.9	37.8	36.6	35.4	35.8	35.0	36.0	33.4	24.5	20.9	21.3	22.2	20.8
2018/01/18 17:54:30	53.0	29.7	29.7	46.2	46.2	55.5	55.5	58.5	58.5	58.1	53.0	50.7	46.7	50.0	48.0	43.4	45.6	44.3	42.2	41.1	41.1	39.0	38.7	39.0	40.0	38.9	37.5	33.7	24.9	21.2	21.4	22.2	21.1
2018/01/18 17:54:31	50.7	34.0	34.0	50.1	50.1	58.7	58.7	60.8	60.8	58.5	54.9	54.2	46.4	49.6	44.4	42.3	41.9	40.5	38.3	37.6	36.7	35.8	34.2	34.3	35.1	35.7	33.8	32.9	25.9	22.4	21.4	22.0	20.9
2018/01/18 17:54:32	48.0	29.8	29.8	45.6	45.6	54.1	54.1	55.9	55.9	51.3	47.8	49.0	42.9	45.4	42.7	40.0	40.5	39.3	37.6	36.6	35.2	35.0	33.9	32.5	34.0	31.6	29.1	25.2	21.0	20.6	21.1	36.1	20.5
2018/01/18 17:54:33	48.3	25.1	25.1	44.8	44.8	54.2	54.2	54.6	54.6	50.8	47.3	47.8	45.6	46.4	42.4	40.3	39.6	38.6	38.0	37.3	36.8	35.8	35.6	33.0	33.9	34.3	28.7	23.4	20.0	20.3	20.9	22.7	20.7
2018/01/18 17:54:34	51.3	31.2	31.2	45.2	45.2	55.0	55.0	57.5	57.5	53.8	50.2	51.1	48.1	49.5	44.8	46.1	46.6	43.0	40.4	40.6	38.2	36.8	35.8	34.4	34.7	33.5	28.6	23.8	20.4	20.1	21.1	21.9	20.7
2018/01/18 17:54:35	55.4	24.0	24.0	43.6	43.6	53.5	53.5	54.9	54.9	49.2	48.4	51.7	45.8	49.4	46.0	44.6	46.3	44.0	40.9	40.2	40.0	40.6	41.2	43.0	44.1	49.2	44.4	36.2	32.7	31.6	28.3	29.1	24.6
2018/01/18 17:54:36	53.0	25.1	25.1	42.9	42.9	52.2	52.2	53.8	53.8	51.3	48.2	50.3	46.3	50.5	45.7	44.3	47.3	47.3	42.6	45.0	40.0	37.7	38.6	36.5	37.3	36.2	31.3	28.3	22.7	21.2	21.6	22.3	21.3
2018/01/18 17:54:37	52.7	26.9	26.9	41.8	41.8	52.1	52.1	54.1	54.1	50.0	46.2	46.3	45.7	49.5	48.7	46.5	46.6	45.1	42.8	42.7	39.6	38.1	38.0	38.2	39.7	38.0	33.1	27.1	21.6	20.9	21.1	22.0	21.2
2018/01/18 17:54:38	55.7	24.5	24.5	40.3	40.3	50.4	50.4	50.8	50.8	47.6	45.2	46.7	44.2	49.1	49.1	45.7	47.7	48.6	47.3	49.8	42.7	40.9	40.9	40.1	42.1	40.9	33.5	28.5	21.7	20.3	21.0	21.6	20.8
2018/01/18 17:54:39	55.6	27.9	27.9	42.0	42.0	52.3	52.3	52.3	52.3	47.6	45.3	45.5	43.6	48.1	47.7	47.3	49.2	47.4	46.9	49.3	41.5	41.4	40.8	41.0	43.3	41.9	31.8	28.5	21.5	21.5	21.3	21.9	20.7
2018/01/18 17:54:40	53.9	26.0	26.0	41.8	41.8	51.6	51.6	52.2	52.2	47.6	43.8	45.6	41.5	45.7	46.4	45.7	51.0	46.6	45.1	43.9	41.0	39.4	39.8	38.9	39.6	38.7	31.4	26.2	20.8	20.4	21.1	21.9	21.0
2018/01/18 17:54:41	55.9	25.0	25.0	43.3	43.3	50.3	50.3	50.7	50.7	47.2	44.0	45.2	42.3	47.5	48.3	47.4	51.0	47.6	46.8	48.9	42.1	40.7	39.5	38.6	41.5	44.2	39.8	37.6	39.6	26.8	28.6	26.5	22.2
2018/01/18 17:54:42	54.0	24.6	24.6	43.6	43.6	51.1	51.1	49.6	49.6	46.9	44.6	45.4	41.3	46.0	45.8	43.6	44.8	44.2	46.6	45.8	41.5	39.1	39.7	37.8	40.8	45.0	39.0	35.1	37.0	24.4	24.7	23.3	20.8
2018/01/18 17:54:43	55.2	25.7	25.7	42.1	42.1	50.9	50.9	51.9	51.9	47.5	43.1	45.1	42.7	46.6	46.9	45.6	47.5	48.9	48.3	45.1	44.0	41.0	43.1	40.2	41.3	42.0	37.1	31.9	25.8	20.8	21.0	21.8	21.4
2018/01/18 17:54:44	54.7	26.2	26.2	45.0	45.0	54.1	54.1	53.1	53.1	46.9	41.7	44.4	41.3	45.1	47.4	48.1	50.6	48.2	47.1	43.8	42.8	39.8	41.0	38.8	39.6	40.8	35.2	29.9	23.9	21.0	21.3	22.1	21.2
2018/01/18 17:54:45	56.5	25.2	25.2	42.3	42.3	52.0	52.0	51.8	51.8	46.6	44.5	46.6	42.0	49.2	51.5	50.4	50.8	48.1	49.4	45.3	44.1	41.5	43.1	40.7	43.1	44.3	38.6	32.4	26.9	21.5	21.2	21.9	21.0
2018/01/18 17:54:46	60.4	25.4	25.4	42.2	42.2	50.3	50.3	51.7	51.7	50.5	45.0	49.6	45.2	53.4	53.6	51.8	52.5	54.8	52.3	50.5	47.3	45.4	46.7	44.1	47.6	49.0	45.3	38.0	31.8	24.6	22.4	22.1	20.9
2018/01/18 17:54:47	61.1	27.6	27.6	45.3	45.3	56.6	56.6	58.3	58.3	55.8	49.7	52.3	48.9	55.0	55.2	53.7	54.0	52.9	52.3	51.8	50.1	48.1	49.1	46.9	46.3	47.1	43.8	38.5	29.8	23.7	22.2	22.4	21.0
2018/01/18 17:54:48	65.9	33.0	33.0	50.9	50.9	60.4	60.4	59.5	59.5	51.5	48.5	50.4	48.0	54.4	57.6	58.7	56.3	59.8	58.4	53.7	51.8	52.8	55.7	51.6	52.8	54.2	50.1	48.1	41.0	35.1	29.8	25.8	23.7
2018/01/18 17:54:49	72.0	41.8	41.8	54.5	54.5	69.0	69.0	69.7	69.7	58.5	55.1	55.2	52.6	60.8	59.0	62.6	65.3	64.0	63.2	62.0	59.7	58.4	60.6	57.4	58.3	61.5	59.4	53.8	51.0	44.7	40.8	38.2	36.6
2018/01/18 17:54:50	59.8	29.2	29.2	43.3	43.3	55.4	55.4	57.2	57.2	51.7	49.4	49.9	47.1	52.2	51.8	51.6	53.8	50.1	52.3	51.0	49.1	47.6	48.5	45.5	44.2	45.1	42.1	36.4	30.7	23.7	22.5	22.4	21.1
2018/01/18 17:54:51	57.8	26.7	26.7	41.5	41.5	51.3	51.3	53.5	53.5	50.8	49.8	50.0	44.0	49.2	49.6	49.3	51.0	50.2	49.9	48.9	46.9	45.6	45.7	43.7	43.1	43.1	40.0	34.2	27.3	21.6	21.4	22.0	20.8
2018/01/18 17:54:52	56.9	25.9	25.9	42.8	42.8	52.2	52.2	54.2	54.2	51.2	47.6	47.8	43.6	49.8	47.3	46.4	51.2	50.2	49.8	49.3	46.3	44.5	42.9	41.1	39.2	37.5	32.4	26.6	20.9	20.5	21.0	22.0	20.6
2018/01/18 17:54:53	55.7	31.0	31.0	46.4	46.4	55.0	55.0	55.7	55.7	51.5	48.9	48.3	43.1	47.8	46.2	46.6	50.1	48.3	49.4	48.9	44.4	41.7	40.3	38.5	38.2	35.4	31.1	26.4	21.9	20.9	21.1	21.8	21.0
2018/01/18 17:54:54	53.6	28.0	28.0	44.9	44.9	53.9	53.9	52.8	52.8	47.3	43.9	44.9	40.3	48.1	46.6	45.8	45.9	46.1	47.0	46.1	42.9	40.1	39.4	38.1	36.4	35.2	31.5	26.5	22.2	21.2	21.5	22.2	21.0
2018/01/18 17:54:55	56.0	28.1	28.1	42.9	42.9	52.2	52.2	53.0	53.0	48.0	44.5	44.3	41.9	47.5	45.0	45.5	48.9	48.9	50.8	49.5	43.5	41.3	41.3	39.0	38.7	36.8	33.2	27.5	21.6	20.7	21.3	21.9	20.7
2018/01/18 17:54:56	56.8	26.6	26.6	42.0	42.0	50.1	50.1	50.5	50.5	48.8	44.9	47.1	44.5	48.2	46.5	46.5	49.1	50.9	51.3	49.7	45.2	42.2	41.6	40.2	41.3	38.1	33.6	27.2	21.1	20.4	20.7	21.8	20.6
2018/01/18 17:54:57	55.0	25.5	25.5	41.0	41.0	49.8	49.8	50.9	50.9	49.3	43.7	43.9	42.4	46.8	46.6	46.1	49.7	49.0	48.6	47.4	44.0	40.1	38.6	37.3	37.2	35.8	31.9	25.8	22.0	20.7	21.1	21.8	20.6
2018/01/18 17:54:58	53.3	26.0	26.0	40.1	40.1	49.2	49.2	51.4	51.4	48.7	43.8	43.6	41.9	47.7	44.1	45.2	47.9	46.0	47.5	46.3	41.2	38.2	36.6	35.2	34.9	32.7	28.9	23.7	20.1	20.2	21.0	21.7	20.5
2018/01/18 17:54:59	50.1	25.7	25.7	42.8	42.8	50.9	50.9	51.6	51.6	47.7	41.6	41.9	37.8	47.5	41.7	43.5	42.4	41.5	44.2	41.7	38.5	37.2	34.7	32.7	32.3	31.7	27.4	23.6	19.9	20.6	21.1	22.0	20.9
2018/01/18 17:55:00	48.1	27.1	27.1	42.9	42.9	52.2	52.2	51.9	51.9	47.7	42.6	42.9	39.9	44.6	39.7	40.1	40.9	40.9	41.0	40.0	36.5	35.3	33.4	31.8	31.4	29.7	26.9	23.3	20.4	20.5	20.9	21.8	20.6
2018/01/18 17:55:01	48.7	26.3	26.3	40.1	40.1	48.3	48.3	50.2	50.2	48.1	42.1	43.4	37.1	43.9	40.5	39.8	41.7	39.9	43.9	39.7	37.0	36.6	32.6	31.3	30.7	29.4	26.5	22.7	20.0	20.2	20.8	21.7	20.6
2018/01/18 17:55:02	50.8	27.7	27.7	41.4	41.4	50.2	50.2	53.1	53.1	50.8	44.0	43.7	39.1	44.8	40.4	39.9	45.5	41.1	43.6	42.9	38.9	39.0	35.8	34.9	36.2	35.4	34.2	29.0	23.8	20.6	21.0	22.0	20.7
2018/01/18 17:55:03	49.9	27.6	27.6	42.4	42.4	50.4	50.4	53.9	53.9	51.8	42.2	41.7	37.2	42.5	40.7	40.9	44.8	41.6	44.4	40.5	37.8	38.1	34.3	32.2	32.1	30.9	27.9	23.9	20.5	20.9	21.1	22.0	20.8
2018/01/18 17:55:04	52.8	27.4	27.4	41.4	41.4	50.8	50.8	54.0	54.0	52.5	44.3	43.8	39.2	45.3	42.2	41.8	44.2	41.4	44.8	41.4	39.5	39.7	39.0	40.6	40.2	39.8	43.7	40.0	28.2	24.6	23.3	23.3	22.0
2018/01/18 17:55:05	53.3	27.0	27.0	41.2	41.2	51.0	51.0	53.0	53.0	49.6	43.1	43.0	39.1	45.5	41.0	38.8	42.1	44.1	43.9	42.0	40.4	41.2	39.0	40.6	41.7	39.6	45.6	39.6	27.0	22.7	21.6	22.1	20.9
2018/01/18 17:55:06	49.8	26.9	26.9	41.6	41.6	48.9	48.9	49.8	49.8	48.3	44.2	43.8	39.6	43.3	40.2	38.8	44.0	42.5	41.7	39.9	38.4	38.7	36.6	35.5	35.4	34.9	32.9	27.7	22.3	20.9	21.1	22.0	20.7
2018/01/18 17:55:07	51.4	26.8	26.8	43.7	43.7	51.8	51.8	51.3	51.3	47.5	44.7	45.1	42.2	47.6	44.5	40.9	44.7	44.0	44.9	41.8	38.8	39.1	36.6	35.5	35.6	36.2	33.8	29.3	23.1	21.4	21.3	22.2	20.9
2018/01/18 17:55:08	49.9	26.9	26.9	42.7	42.7	50.5	50.5	50.1	50.1	47.2	43.7	42.5	40.8	45.2	42.7	40.7	42.5	41.7	41.2	40.7	39.5	38.3	36.4	35.9	35.5	35.5	32.3	27.7	22.3	21.2	21.2	21.9	20.9
2018/01/18 17:55:09	52.3	26.1	26.1	41.7	41.7	52.2	52.2	54.2	54.2	49.3	46.0	45.9	41.2	47.4	46.4	43.0	45.2	43.3	46.8	42.6	39.9	39.8	37.8	36.0	36.2	36.0	32.5	27.8	21.8	20.7	21.0	21.8	20.7
2018/01/18 17:55:10	51.3	27.8	27.8	42.4	42.4	51.9	51.9	52.8	52.8	49.3	46.1	46.2	41.0	46.6	45.3	42.4	44.4	44.0	44.5	40.9	39.4	38.2	36.7	36.8	36.4	35.2	30.7	26.4	21.0	20.7	21.2	21.9	20.8
2018/01/18 17:55:11	51.2	26.6	26.6	42.8	42.8	51.7	51.7	53.1	53.1	47.9	43.2	44.6	39.9	45.8	42.2	43.3	44.5	43.2	45.3	41.2	39.1	38.3	38.0	37.3	35.7	34.7	31.5	27.7	25.3	21.7	21.1	21.9	21.2
2018/01/18 17:55:12	53.2	27.2	27.2	44.7	44.7	52.7	52.7	52.5	52.5	47.1	43.9	44.3	39.3	47.6	44.3	43.8	46.8	45.6	46.9	43.8	41.8	40.5	40.4	38.8	37.3	37.2	32.6	26.7	22.1	20.7	21.0	21.5	20.6
2018/01/18 17:55:13	53.3	24.4	24.4	41.0	41.0	48.5	48.5	50.1	50.1	48.0	42.9	43.3	40.6	47.6	46.7	43.2	44.6	45.9	46.1	44.3	41.2	41.3	40.8	40.2	38.7	38.6	35.2	28.7	22.7	20.7	20.7	21.8	20.7
2018/01/18 17:55:14	53.3	26.6	26.6	43.3	43.3	51.4	51.4	51.7	51.7	48.1	44.2	45.7	41.6	47.0	46.6	47.0	46.0	45.7	45.0	44.5	42.5	41.1	39.7	38.6	37.9	37.4	34.5	28.9	25.6	22.2	21.6	22.2	20.9
2018/01/18 17:55:15	53.1	25.0	25.0	42.4	42.4	50.4	50.4	50.6	50.6	48.1	46.0	46.1	42.3	47.5	46.9	45.9	48.2	45.7	44.0	44.1	41.8	40.2	39.0	38.1	38.4	37.4	34.2	29.0	22.4	20.8	20.7	22.1	21.0
2018/01/18 17:55:16	54.8	26.9	26.9	41.9	41.9	51.9	51.9	54.2	54.2	50.2	44.9	46.7	44.3	50.3	46.6	47.1	48.4	47.6	47.7	45.3	44.1	41.6	39.8	38.4	39.3	38.8	36.3	31.0	23.8	20.9	21.1	22.0	20.6
2018/01/18 17:55:17	54.6	25.8	25.8	40.4	40.4	48.5	48.5	54.6	54.6	53.1	43.9	48.5	42.9	48.8	50.2	46.5	47.2	47.2	46.0	45.3	44.2	41.5	40.3	39.4	40.2	40.0	37.3	31.4	23.8	21.0	20.9	21.6	20.6
2018/01/18 17:55:18	58.2	25.3	25.3	39.3	39.3	46.9	46.9	55.2	55.2	56.9	48.9	49.8	51.0	51.6	54.3	50.3	51.5	50.7	49.3	49.2	47.4	44.4	42.9	42.1	43.7	44.2	41.4	35.8	28.8	24.6	22.4	22.4	21.4
2018/01/18 17:55:19	62.1	27.8	27.8	41.2	41.2	50.5	50.5	53.9	53.9	58.5	55.9	50.8	53.9	53.9	56.9	53.7	53.3	55.0	54.4	52.0	52.5	49.3	48.0	46.9	47.5	48.4	45.9	40.4	33.1	27.3	22.9	22.4	21.2
2018/01/18 17:55:20	64.3	29.2	29.2	45.4	45.4	52.9	52.9	59.2	59.2	63.4	58.7	52.1	48.5	53.6	56.5	57.4	56.7	55.5	56.3	53.3	54.3	52.7	52.1	50.0	50.1	51.0	47.7	45.5	38.0	33.8	28.6	25.1	24.7
2018/01/18 17:55:21	71.2	30.4	30.4	46.6	46.6	67.2	67.2	73.1	73.1	67.5	59.4	65.2	53.9	60.4	62.6	63.5	62.3	61.8	62.5	61.2	59.2	58.5	58.0	57.1	57.7	59.4	60.1	55.7	49.3	46.1	42.1	41.4	40.1
2018/01/18 17:55:22	59.2	28.6	28.6	45.9	45.9	58.0	58.0	62.9	62.9	57.3	50.1	53.9	48.2	55.3	53.0	54.8	50.8	50.9	49.5	51.2	47.9	46.2	44.6	42.0	43.2	43.6	42.0	36.1	28.8	24.6	23.7	23.1	21.4
2018/01/18 17:55:23	58.0	35.7	35.7	51.9	51.9	59.8	59.8	65.0	65.0	65.3	59.5	61.9	56.9	59.5	52.7	52.4	48.9	47.5	45.3	44.7	42.5	41.6	40.7	38.4	38.5	38.0	35.6	30.1	24.2	21.8	21.8	22.2	21.0
2018/01/18 17:55:24	61.6	35.8	35.8	52.1	52.1	60.9	60.9	64.4	64.4	64.5	65.1	64.4	61.7	61.5	61.5	56.9	54.8	51.6	48.1	45.6	41.7	40.3	38.9	36.6	36.8	36.3	34.3	29.8	24.5	21.9	21.4	22.3	21.0
2018/01/18 17:55:25	56.5	34.8	34.8	52.0	52.0	59.9	59.9	60.2	60.2	57.4	54.6	54.7	50.8	51.6	48.7	48.6	49.9	49.0	47.5	46.1	46.4	43.8	42.8	40.5	40.7	41.6	37.5	33.1	25.9	22.4	21.8	22.5	21.6
2018/01/18 17:55:26	53.7	29.2	29.2	50.4	50.4	57.2	57.2	55.2	55.2	51.7	48.9	47.4	44.6	50.0	47.9	45.5	47.6	47.5	43.9	42.7	42.5	41.2	39.3	38.5	38.3	38.7	35.8	31.6	25.2	22.1	21.7	22.3	21.1
2018/01/18 17:55:27	54.0	27.6	27.6	46.5	46.5	54.9	54.9	53.4	53.4	49.8	46.9	49.3	43.4	49.4	45.9	45.5	48.0	48.4	44.8	43.5	42.7	41.4	39.9	38.7	38.9	38.9	35.3	31.2	24.0	21.4	21.3	22.3	20.8
2018/01/18 17:55:28	56.5	31.1	31.1	47.8	47.8	57.5	57.5	59.8	59.8	57.0	53.5	52.0	47.2	52.5	49.0	47.8	50.2	49.2	47.1	45.8	44.8	44.6	43.0	42.1	42.5	41.6	37.3	33.4	25.8	22.0	21.5	22.3	21.0
2018/01/18 17:55:29	55.0	28.2	28.2	44.0	44.0	55.1	55.1	55.6	55.6	48.9	46.8	50.2	45.8	49.8	48.6	46.6	49.3	49.2	45.6	43.2	41.7	42.5	40.8	40.6	42.6	40.2	36.5	32.0	25.1	22.0	21.8	22.6	21.4
2018/01/18 17:55:30	54.4	29.8	29.8	45.1	45.1	52.2	52.2	52.3	52.3	49.0	46.8	49.4	45.6	48.3	49.2	50.0	49.9	48.1	44.2	42.6	41.9	39.2	39.0	39.1	40.0	39.0	35.5	31.7	25.6	22.7	22.1	23.4	21.8
2018/01/18 17:55:31	55.2	28.8	28.8	44.0	44.0	51.2	51.2	52.9	52.9	50.6	45.8	47.5	44.8	50.1	48.7	47.9	50.5	49.6	45.7	44.4	43.7	40.8	40.9	39.2	40.5	40.1	36.9	32.7	25.7	22.3	22.0	22.9	21.6
2018/01/18 17:55:32	54.8	26.1	26.1	46.5	46.5	55.0	55.0	54.8	54.8	50.6	45.7	48.6	44.2	48.6	49.1	47.3	49.6	49.3	46.3	45.5	41.6	40.1	39.5	38.2	38.3	40.1	35.4	32.3	24.6	22.3	21.6	22.9	21.7
2018/01/18 17:55:33	52.4	28.2	28.2	47.7	47.7	55.1	55.1	54.7	54.7	52.9	48.4	48.6	42.7	47.1	45.8	44.7	45.7	44.3	45.0	43.6	40.0	39.3	39.0	36.5	36.9	36.9	32.2	27.7	21.7	20.4	21.1	22.0	21.0
2018/01/18 17:55:34	51.9	29.2	29.2	47.4	47.4	56.2	56.2	55.5	55.5	50.8	47.8	48.1	43.5	46.5	46.1	45.9	45.9	44.8	42.9	41.3	39.9	39.5	37.8	36.7	36.8	36.1	31.9	26.9	21.8	20.8	21.2	21.9	20.7
2018/01/18 17:55:35	52.8	31.0	31.0	49.0	49.0	55.5	55.5	53.9	53.9	50.6	45.7	47.9	45.4	47.8	47.4	44.6	46.8	46.4	43.6	42.5	39.4	40.5	38.8	37.9	38.7	38.0	34.3	29.3	23.4	21.5	21.2	21.8	20.7
2018/01/18 17:55:36	56.0	29.1	29.1	47.7	47.7	55.0	55.0	53.8	53.8	52.1	48.7	49.3	50.3	53.0	49.1	46.0	47.2	47.8	46.7	45.6	43.4	44.2	42.1	41.3	43.3	43.9	41.6	39.0	30.9	24.6	23.4	23.2	21.7
2018/01/18 17:55:37	61.5	31.7	31.7	48.0	48.0	57.9	57.9	57.0	57.0	54.0	54.7	51.0	50.6	58.9	52.2	49.5	51.5	54.5	51.6	52.9	50.7	48.1	47.0	46.3	48.1	49.0	48.9	44.7	38.3	31.3	29.9	28.2	25.9
2018/01/18 17:55:38	60.5	35.8	35.8	49.6	49.6	57.8	57.8	57.6	57.6	55.2	56.7	56.3	50.5	55.9	53.3	52.1	55.7	52.9	50.1	51.2	46.9	44.9	46.1	45.3	47.6	47.2	47.1	40.8	35.4	26.3	23.8	23.8	22.2
2018/01/18 17:55:39	55.5	29.5	29.5	48.3	48.3	54.7	54.7	54.8	54.8	52.5	48.5	49.3	48.6	53.5	50.3	47.7	49.7	47.3	46.2	45.6	44.0	42.1	41.1	40.0	41.0	40.1	37.5	32.6	26.1	22.0	21.7	22.2	21.1
2018/01/18 17:55:40	57.4	33.4	33.4	48.5	48.5	57.5	57.5	58.0	58.0	53.1	48.8	51.1	51.1	54.8	51.9	50.4	50.9	50.0	48.4	47.2	44.2	44.3	44.0	41.9	42.9	42.7	39.4	33.2	26.6	23.5	22.6	22.9	20.9
2018/01/18 17:55:41	64.2	33.7	33.7	50.4	50.4	60.2	60.2	58.5	58.5	51.4	46.8	52.9	54.7	60.3	58.5	57.3	58.9	56.2	52.7	50.9	49.1	51.0	52.1	50.2	53.1	52.6	47.3	43.5	37.5	32.2	27.6	24.9	23.1
2018/01/18 17:55:42	66.9	32.5	32.5	48.5	48.5	59.6	59.6	59.9	59.9	53.2	50.5	54.8	54.9	61.4	60.4	60.0	60.3	58.1	58.3	57.6	55.3	52.9	52.8	52.5	53.0	54.7	51.8	46.7	40.7	35.7	32.4	30.4	28.1
2018/01/18 17:55:43	63.4	28.4	28.4	45.4	45.4	55.8	55.8	58.3	58.3	54.1	49.5	53.5	49.4	55.7	57.2	55.2	53.7	55.9	55.3	52.4	48.9	50.0	50.8	50.6	51.5	52.3	49.4	44.6	38.8	32.2	29.1	25.9	24.1
2018/01/18 17:55:44	63.3	30.9	30.9	52.2	52.2	59.9	59.9	58.5	58.5	57.2	54.5	54.8	48.7	55.1	55.6	53.1	53.3	56.9	54.8	54.5	51.2	50.1	49.3	48.9	50.4	51.7	48.9	43.4	36.2	32.2	29.8	28.2	26.6
2018/01/18 17:55:45	56.1	33.1	33.1	50.9	50.9	60.2	60.2	58.7	58.7	54.2	51.9	52.1	47.8	50.4	50.5	48.1	48.2	48.7	47.3	45.9	44.6	43.5	43.2	41.7	42.2	42.2	38.9	32.9	25.3	21.8	22.5	21.8	20.9
2018/01/18 17:55:46	58.5	32.0	32.0	49.4	49.4	59.4	59.4	58.7	58.7	53.9	51.0	49.5	45.4	50.5	51.8	50.8	55.1	50.8	49.5	48.9	47.3	45.0	44.3	41.9	41.9	41.7	39.3	34.0	28.0	24.7	22.7	22.7	21.4
2018/01/18 17:55:47	65.5	38.8	38.8	57.2	57.2	66.9	66.9	67.5	67.5	64.2	65.9	67.6	54.7	60.6	60.4	56.8	58.2	57.7	55.4	53.9	50.1	52.8	53.2	50.4	51.5	52.4	50.0	45.3	40.9	34.6	29.5	26.3	23.6
2018/01/18 17:55:48	67.0	37.6	37.6	55.9	55.9	64.5	64.5	63.7	63.7	62.0	61.2	61.1	54.1	61.1	62.2	58.7	57.1	60.4	58.9	57.4	56.6	53.9	52.1	50.3	52.2	52.8	51.8	46.7	43.9	36.4	33.2	31.1	28.3
2018/01/18 17:55:49	54.5	30.1	30.1	47.4	47.4	56.0	56.0	55.2	55.2	50.6	46.3	48.4	42.8	50.5	50.1	46.9	45.7	46.1	45.3	44.4	43.3	42.5	39.9	40.0	43.7	38.9	36.1	31.2	26.1	22.9	27.8	21.8	20.8
2018/01/18 17:55:50	53.8	29.9	29.9	50.1	50.1	57.5	57.5	57.1	57.1	53.0	50.3	52.3	45.4	49.0	49.1	46.6	45.8	45.7	44.7	43.8	40.6	39.3	39.3	40.2	43.1	37.6	35.2	29.4	22.6	21.0	22.8	21.8	20.6
2018/01/18 17:55:51	55.6	30.8	30.8	48.1	48.1	57.2	57.2	60.8	60.8	59.8	52.7	55.4	49.7	51.7	49.3	46.9	48.7	48.1	45.9	44.8	43.0	40.3	39.0	41.6	44.4	39.2	37.6	31.7	24.6	21.7	20.9	21.9	20.8
2018/01/18 17:55:52	56.7	31.5	31.5	50.3	50.3	58.7	58.7	60.7	60.7	59.0	56.4	56.1	53.5	57.3	53.7	47.7	48.7	48.1	46.4	44.5	42.0	40.5	40.9	40.9	44.6	39.5	37.3	32.8	23.7	21.4	30.5	32.2	20.7
2018/01/18 17:55:53	58.3	36.9	36.9	53.7	53.7	63.0	63.0	63.7	63.7	59.1	58.8	59.9	55.9	56.7	54.0	50.7	47.8	49.8	48.6	46.1	44.3	43.3	44.3	43.8	45.3	42.2	40.7	39.1	29.4	25.1	23.0	23.4	22.0
2018/01/18 17:55:54	67.7	37.6	37.6	54.5	54.5	64.5	64.5	67.2	67.2	66.5	63.8	63.7	57.9	59.8	60.0	57.4	56.7	61.1	57.2	57.6	53.6	52.5	52.9	54.3	55.5	56.1	56.3	55.2	46.7	41.4	36.6	36.4	33.3
2018/01/18 17:55:55	62.3	39.0	39.0	50.9	50.9	62.1	62.1	61.7	61.7	56.8	56.8	55.5	48.8	51.3	55.2	55.0	53.0	55.8	53.4	53.7	50.6	48.8	45.6	47.3	49.0	50.1	48.0	44.8	37.2	31.3	28.0	27.1	25.0
2018/01/18 17:55:56	54.5	33.7	33.7	46.5	46.5	56.6	56.6	57.1	57.1	53.0	48.9	47.0	41.5	46.5	46.9	43.9	49.6	45.0	46.6	42.1	41.6	44.1	40.9	38.3	42.6	41.9	37.2	31.9	24.7	22.0	37.2	22.4	21.2
2018/01/18 17:55:57	55.9	41.3	41.3	57.3	57.3	61.2	61.2	59.5	59.5	56.5	51.8	52.1	45.2	45.6	47.9	47.3	46.0	45.5	45.8	44.7	42.4	43.1	43.8	42.4	46.9	44.4	41.6	37.5	28.2	27.4	40.1	23.1	21.4
2018/01/18 17:55:58	62.9	39.6	39.6	56.6	56.6	66.9	66.9	65.9	65.9	59.9	63.5	59.8	50.5	53.9	55.3	54.9	55.0	55.5	53.8	53.3	52.6	50.4	48.8	47.5	47.9	49.3	48.6	44.7	38.0	34.1	32.1	30.5	28.8
2018/01/18 17:55:59	62.5	31.6	31.6	48.1	48.1	62.2	62.2	66.7	66.7	61.0	57.5	61.3	49.4	52.5	56.6	56.8	56.7	55.6	54.8	51.8	49.1	47.3	46.7	47.0	48.6	49.0	45.8	41.1	35.8	31.0	28.3	25.7	23.2
2018/01/18 17:56:00	58.1	34.7	34.7	50.2	50.2	61.5	61.5	63.4	63.4	57.9	53.7	55.3	49.5	50.6	50.3	50.6	51.1	52.4	49.1	50.7	46.2	43.3	42.2	41.2	42.6	39.9	37.4	34.2	26.4	22.4	22.1	22.6	21.4
2018/01/18 17:56:01	54.4	32.5	32.5	51.2	51.2	60.4	60.4	61.1	61.1	58.8	57.0	56.1	49.4	50.3	48.9	46.9	47.2	46.4	45.5	43.9	42.0	39.2	38.0	37.3	40.0	34.5	32.0	26.8	21.9	21.1	21.3	22.1	20.9
