DataTime                     	dB(A)	16	20	25	31.5	40	50	63	80	100	125	160	200	250	315	400	500	630	800	1000	1250	1600	2000	2500	3150	4000	5000	6300	8000	10000	12500	16000	20000
2018/01/18 16:38:02	53.9	28.0	28.0	47.9	47.9	54.6	54.6	51.5	51.5	49.1	47.8	49.9	49.1	51.2	46.6	46.3	48.0	45.7	44.7	44.8	43.1	41.3	39.2	38.2	37.4	37.5	35.5	30.2	25.6	23.3	23.6	24.1	22.4
2018/01/18 16:38:03	52.2	26.1	26.1	41.7	41.7	46.4	46.4	44.8	44.8	44.5	42.3	44.3	46.5	50.2	43.9	45.6	45.3	43.9	43.4	43.3	41.2	39.9	37.8	37.9	36.8	36.2	34.3	28.0	22.7	22.3	23.3	23.3	22.0
2018/01/18 16:38:04	53.3	25.6	25.6	40.8	40.8	47.9	47.9	50.1	50.1	46.8	43.5	45.3	45.5	48.4	45.0	44.3	46.0	44.0	44.4	45.3	44.3	42.0	39.6	38.2	37.8	38.0	36.2	30.1	23.1	22.0	22.9	23.4	21.7
2018/01/18 16:38:05	53.7	27.8	27.8	43.3	43.3	50.6	50.6	50.0	50.0	47.3	44.9	45.5	43.8	46.3	43.6	44.7	44.5	45.1	43.6	45.7	44.7	42.7	40.0	38.2	37.7	38.9	39.8	37.7	34.5	30.4	26.6	25.6	24.0
2018/01/18 16:38:06	53.9	26.3	26.3	38.6	38.6	45.3	45.3	46.2	46.2	46.0	44.0	45.0	43.1	45.8	43.0	44.7	44.5	45.0	45.5	45.9	45.4	43.4	41.0	39.6	38.5	38.2	36.4	31.9	24.6	22.3	23.1	23.2	21.7
2018/01/18 16:38:07	52.2	25.6	25.6	41.0	41.0	49.6	49.6	50.2	50.2	46.2	41.1	43.7	42.1	43.8	43.8	41.6	43.0	42.8	43.8	44.4	43.3	41.6	39.2	37.9	36.5	36.8	34.7	29.7	23.4	22.9	23.1	23.8	22.1
2018/01/18 16:38:08	52.8	25.6	25.6	39.6	39.6	46.9	46.9	45.6	45.6	43.8	42.8	44.7	41.0	44.2	43.9	40.5	43.5	42.6	43.4	44.7	44.5	43.5	41.7	38.4	37.1	36.5	34.2	29.2	22.3	22.1	22.8	23.5	22.0
2018/01/18 16:38:09	52.1	24.7	24.7	38.8	38.8	46.2	46.2	46.0	46.0	45.0	42.7	44.7	41.2	44.2	41.2	41.9	43.1	43.1	42.9	43.9	42.8	42.0	41.1	38.2	36.6	36.2	35.4	30.9	24.6	23.4	23.7	24.0	22.3
2018/01/18 16:38:10	52.2	24.1	24.1	39.1	39.1	46.6	46.6	48.3	48.3	45.6	43.3	46.0	41.7	44.9	42.9	41.3	43.4	43.5	43.7	44.1	43.1	41.8	40.1	37.4	36.3	36.7	35.6	31.3	24.7	23.6	23.7	23.6	22.1
2018/01/18 16:38:11	53.4	25.4	25.4	41.4	41.4	47.7	47.7	46.5	46.5	45.1	43.3	44.5	41.8	45.1	45.3	45.5	45.6	43.9	44.3	45.9	43.8	43.2	40.8	38.2	37.5	37.0	35.5	30.2	23.4	22.2	23.1	23.4	21.7
2018/01/18 16:38:12	55.0	24.3	24.3	43.2	43.2	51.0	51.0	50.2	50.2	45.0	42.7	47.2	44.1	47.4	46.9	47.3	46.3	47.2	45.7	46.4	45.1	44.7	42.0	39.9	40.5	39.5	37.8	32.5	24.8	22.8	23.3	23.9	22.1
2018/01/18 16:38:13	58.4	27.4	27.4	45.0	45.0	51.4	51.4	50.0	50.0	48.9	48.4	50.6	46.4	49.1	48.3	50.3	51.2	50.2	48.8	50.0	48.7	47.0	45.3	44.1	45.6	44.4	41.9	36.8	28.2	25.3	24.0	24.0	22.2
2018/01/18 16:38:14	59.5	25.5	25.5	44.5	44.5	50.6	50.6	50.9	50.9	51.2	48.8	51.3	45.7	50.1	47.4	49.9	51.5	49.9	49.9	51.2	49.3	48.4	47.6	46.4	45.4	46.0	46.1	42.4	35.2	29.4	26.0	24.8	22.9
2018/01/18 16:38:15	61.5	25.3	25.3	47.7	47.7	54.4	54.4	52.5	52.5	51.4	49.7	52.4	46.3	52.9	50.5	48.1	50.2	52.4	52.5	55.3	51.6	51.0	49.0	47.6	46.0	46.8	45.8	43.5	34.2	29.4	26.3	25.8	24.4
2018/01/18 16:38:16	62.5	26.6	26.6	50.1	50.1	56.4	56.4	54.0	54.0	53.0	51.5	51.6	47.7	53.3	49.4	48.4	51.2	55.5	53.5	56.4	53.7	52.0	48.8	45.5	44.6	45.4	45.4	44.5	36.1	28.3	26.3	26.4	24.4
2018/01/18 16:38:17	62.4	28.5	28.5	47.4	47.4	54.3	54.3	53.4	53.4	51.4	47.9	51.3	47.2	53.3	52.8	49.4	51.5	53.7	53.1	55.0	53.6	52.8	50.2	47.8	47.4	46.7	45.9	42.4	33.1	27.7	25.7	24.7	24.5
2018/01/18 16:38:18	61.5	30.3	30.3	47.2	47.2	52.7	52.7	50.7	50.7	48.0	47.9	49.1	46.6	51.5	52.6	48.7	51.9	53.6	52.5	54.6	52.8	51.8	47.8	45.4	45.2	45.3	44.3	42.0	33.3	26.7	25.0	24.6	23.8
2018/01/18 16:38:19	59.8	27.8	27.8	48.6	48.6	55.1	55.1	52.0	52.0	47.8	45.8	49.4	45.2	50.4	51.6	49.8	50.8	51.8	51.6	52.7	51.1	49.1	45.7	43.5	42.7	43.0	42.2	38.9	29.1	24.2	24.6	25.5	23.7
2018/01/18 16:38:20	57.4	26.8	26.8	47.6	47.6	54.9	54.9	54.3	54.3	49.8	46.8	51.0	49.3	50.3	48.3	48.1	48.5	50.0	48.6	48.1	47.1	45.2	44.2	43.8	43.9	43.9	41.5	37.7	27.6	24.1	24.6	24.6	23.2
2018/01/18 16:38:21	59.3	28.8	28.8	48.7	48.7	56.5	56.5	53.9	53.9	54.8	54.4	54.9	48.3	51.1	49.2	49.3	50.2	49.2	48.1	49.8	50.5	48.0	47.7	48.1	45.0	44.9	44.3	42.2	33.6	27.8	25.1	24.9	23.3
2018/01/18 16:38:22	60.9	30.2	30.2	46.7	46.7	56.6	56.6	54.7	54.7	56.0	58.2	55.9	48.6	51.9	52.5	50.2	50.7	51.6	51.4	52.3	50.8	51.8	48.4	46.6	45.8	46.6	45.2	42.7	34.7	27.2	25.9	24.9	23.6
2018/01/18 16:38:23	64.4	32.7	32.7	45.9	45.9	58.8	58.8	59.1	59.1	52.6	57.7	55.5	52.7	54.2	54.4	53.2	54.9	56.1	56.1	55.1	54.1	54.8	52.9	50.3	49.1	49.4	50.1	48.6	40.4	32.9	31.7	29.6	27.6
2018/01/18 16:38:24	70.0	36.5	36.5	47.3	47.3	62.1	62.1	63.3	63.3	55.6	62.3	61.1	56.1	60.5	57.6	60.3	57.8	58.4	59.0	61.3	61.3	60.8	58.9	55.2	54.6	55.8	55.9	56.5	50.6	44.0	40.2	41.0	38.3
2018/01/18 16:38:25	74.0	35.7	35.7	49.2	49.2	65.7	65.7	67.6	67.6	58.9	62.5	62.5	62.7	64.1	61.1	60.9	61.7	63.0	62.5	64.3	65.1	64.3	62.3	60.8	61.5	62.1	61.9	58.6	53.0	48.0	46.0	46.7	43.9
2018/01/18 16:38:26	63.6	31.2	31.2	44.8	44.8	59.2	59.2	61.1	61.1	54.1	58.1	57.9	56.8	59.4	54.5	52.7	55.4	53.2	52.5	52.8	53.7	53.7	52.8	51.1	50.2	48.7	47.6	45.0	37.6	32.1	29.6	28.8	26.4
2018/01/18 16:38:27	59.3	28.3	28.3	42.9	42.9	52.2	52.2	54.4	54.4	50.4	52.1	53.8	56.1	55.5	51.4	50.1	52.1	50.2	48.9	49.3	50.0	48.8	46.7	45.4	44.7	42.9	42.3	38.1	31.3	29.2	25.2	24.0	22.7
2018/01/18 16:38:28	57.8	27.0	27.0	42.4	42.4	52.3	52.3	54.4	54.4	48.4	51.9	54.3	50.8	52.7	50.3	48.0	48.9	48.7	47.8	48.4	48.2	47.7	45.7	44.2	44.0	42.2	40.4	36.2	28.8	24.8	24.7	24.9	23.4
2018/01/18 16:38:29	56.6	30.1	30.1	44.9	44.9	53.8	53.8	55.9	55.9	50.1	49.8	52.1	50.6	52.6	49.8	47.5	48.3	46.2	46.2	46.6	48.2	46.2	45.0	42.6	41.3	40.1	39.5	34.3	25.7	22.7	22.2	22.8	21.4
2018/01/18 16:38:30	55.2	28.1	28.1	44.2	44.2	55.3	55.3	57.7	57.7	51.3	49.6	50.9	45.8	49.4	47.6	48.4	47.4	45.4	45.0	45.9	45.5	45.0	43.4	41.2	40.0	38.1	38.3	32.5	24.3	21.7	21.9	22.6	21.2
2018/01/18 16:38:31	54.6	28.4	28.4	43.3	43.3	53.5	53.5	55.3	55.3	49.0	47.7	48.8	47.4	50.5	48.5	46.0	46.0	44.4	43.7	45.4	44.9	44.1	43.1	40.7	39.5	39.4	37.6	31.5	24.2	22.0	22.1	22.8	21.4
2018/01/18 16:38:32	54.4	33.6	33.6	47.9	47.9	53.8	53.8	54.4	54.4	49.4	49.9	50.5	50.8	48.5	45.3	48.0	46.3	43.8	42.4	43.7	43.7	45.2	45.2	38.2	37.1	39.9	33.7	28.6	23.5	21.5	21.9	22.5	21.2
2018/01/18 16:38:33	51.7	32.9	32.9	43.5	43.5	50.7	50.7	50.9	50.9	50.9	49.7	49.0	46.7	48.4	44.2	42.9	42.5	40.8	40.9	43.9	42.2	40.6	39.6	37.2	36.6	35.1	33.1	28.9	25.7	24.6	22.7	24.2	22.0
2018/01/18 16:38:34	51.0	29.4	29.4	46.2	46.2	52.3	52.3	51.8	51.8	52.0	48.2	47.1	45.4	46.3	42.6	41.2	42.4	40.5	41.0	43.4	40.4	39.4	38.8	37.3	36.4	36.0	33.8	28.9	22.2	21.6	21.9	22.6	21.0
2018/01/18 16:38:35	49.9	30.4	30.4	45.3	45.3	51.6	51.6	52.2	52.2	50.0	45.2	46.3	42.9	43.8	40.9	39.4	41.0	39.6	40.3	43.9	39.7	38.0	36.5	35.2	34.4	34.1	32.4	27.1	21.7	22.7	22.5	22.1	21.6
2018/01/18 16:38:36	49.7	29.0	29.0	46.8	46.8	53.3	53.3	51.1	51.1	49.9	48.9	44.2	40.0	42.7	41.2	40.4	41.8	39.9	41.1	41.7	39.0	38.5	37.0	35.7	34.5	34.6	32.4	27.0	22.0	21.8	22.1	22.8	21.2
2018/01/18 16:38:37	51.7	28.9	28.9	48.1	48.1	52.7	52.7	49.9	49.9	48.5	47.1	45.6	40.8	44.1	42.2	42.4	42.9	42.7	42.8	44.0	41.9	40.2	39.1	37.2	38.0	37.2	34.8	29.4	22.8	21.1	21.5	22.4	21.0
2018/01/18 16:38:38	53.0	29.1	29.1	45.9	45.9	54.1	54.1	52.2	52.2	46.7	46.3	45.6	42.4	45.8	41.5	41.0	43.6	43.7	42.9	43.9	42.7	42.6	41.2	39.0	40.9	41.5	37.5	32.0	23.8	21.9	22.0	22.6	21.1
2018/01/18 16:38:39	55.2	30.7	30.7	49.4	49.4	55.6	55.6	53.8	53.8	50.3	47.0	47.9	44.8	48.9	43.6	44.0	45.0	45.1	44.1	46.4	45.0	44.2	43.7	43.1	43.2	43.0	40.3	34.8	26.6	22.1	22.3	22.4	21.0
2018/01/18 16:38:40	55.3	30.5	30.5	47.1	47.1	52.1	52.1	51.7	51.7	49.3	48.3	50.3	46.2	47.0	44.1	44.4	45.9	45.4	45.3	47.0	45.5	45.2	43.5	41.5	41.7	41.7	40.0	34.9	25.8	21.5	21.7	22.4	20.8
2018/01/18 16:38:41	57.2	35.2	35.2	50.2	50.2	54.4	54.4	53.1	53.1	51.7	50.7	50.5	48.4	50.6	46.1	45.6	49.3	46.6	48.6	47.4	48.7	46.7	44.8	43.2	43.1	43.7	40.6	35.5	26.5	22.8	21.7	22.5	21.0
2018/01/18 16:38:42	58.0	30.6	30.6	46.7	46.7	51.8	51.8	52.1	52.1	50.7	49.2	51.1	48.6	49.9	47.5	46.4	47.1	47.3	49.3	49.6	49.6	48.3	46.3	43.9	43.5	42.8	41.7	36.2	26.7	22.0	21.7	22.1	20.8
2018/01/18 16:38:43	59.4	29.6	29.6	48.6	48.6	54.2	54.2	53.3	53.3	54.4	51.6	53.1	48.9	51.1	47.9	46.6	48.5	48.6	49.1	50.5	51.0	50.5	48.0	45.3	44.9	44.3	44.7	40.9	31.0	24.4	22.8	22.7	21.2
2018/01/18 16:38:44	61.9	32.9	32.9	51.5	51.5	57.1	57.1	54.5	54.5	54.3	52.0	53.0	49.3	53.6	48.6	48.4	50.1	49.7	51.1	52.7	53.8	53.3	49.6	47.2	47.9	48.3	49.7	45.8	35.5	28.4	25.9	24.4	21.9
2018/01/18 16:38:45	65.8	32.9	32.9	54.3	54.3	59.9	59.9	57.2	57.2	55.7	53.0	54.3	51.3	55.5	51.9	50.5	52.1	53.2	54.5	57.8	57.9	57.2	54.9	51.6	51.5	51.2	51.9	49.4	38.6	32.7	28.7	26.8	25.2
2018/01/18 16:38:46	67.0	33.7	33.7	56.8	56.8	61.3	61.3	58.1	58.1	57.1	53.0	55.6	54.7	57.6	54.7	52.1	54.8	55.8	57.4	60.2	59.3	57.6	54.8	50.8	50.3	51.8	51.4	49.5	41.3	33.0	29.7	28.7	27.1
2018/01/18 16:38:47	67.4	37.9	37.9	59.9	59.9	64.2	64.2	59.0	59.0	56.3	53.2	57.5	54.6	58.4	54.6	53.2	57.0	57.3	57.8	61.1	58.3	57.5	55.3	52.2	51.5	52.4	51.9	48.5	41.5	34.1	30.5	29.7	30.3
2018/01/18 16:38:48	67.0	41.4	41.4	61.9	61.9	66.6	66.6	61.7	61.7	58.9	56.1	58.0	54.3	59.2	54.6	53.1	56.9	56.1	57.4	59.3	57.7	57.1	55.6	52.3	52.6	53.4	53.2	50.1	43.1	35.8	31.2	29.8	29.6
2018/01/18 16:38:49	69.9	40.9	40.9	59.6	59.6	64.0	64.0	62.2	62.2	59.4	58.2	62.5	56.9	60.8	57.3	57.4	59.8	59.0	59.5	61.0	61.0	59.7	57.7	56.0	57.0	56.9	56.2	55.5	49.2	41.9	37.3	35.6	33.2
2018/01/18 16:38:50	71.1	34.8	34.8	53.0	53.0	61.2	61.2	63.0	63.0	62.3	57.1	59.5	56.5	60.4	58.5	56.9	59.8	59.5	60.6	61.5	61.1	60.6	58.6	55.0	56.1	59.3	61.0	60.6	56.4	46.1	41.3	40.1	36.7
2018/01/18 16:38:51	79.4	35.3	35.3	49.2	49.2	58.8	58.8	61.9	61.9	58.8	58.2	59.7	58.0	63.2	63.6	61.0	61.1	63.3	63.2	63.6	67.8	71.5	68.7	63.8	67.0	67.9	71.4	69.5	64.5	57.5	53.3	51.9	50.9
2018/01/18 16:38:52	79.0	37.2	37.2	50.1	50.1	58.5	58.5	62.9	62.9	59.5	57.3	60.0	57.7	64.0	58.3	60.8	60.6	61.3	61.2	63.0	66.1	70.1	65.4	65.6	66.9	69.1	71.9	70.2	63.3	55.0	49.5	47.0	47.2
2018/01/18 16:38:53	69.1	36.0	36.0	50.5	50.5	55.5	55.5	59.6	59.6	58.0	53.6	54.7	52.0	58.0	56.7	58.2	57.5	57.1	58.2	59.5	60.6	60.4	56.6	55.9	56.0	56.3	56.9	54.0	45.6	39.0	34.1	32.7	31.0
2018/01/18 16:38:54	65.7	33.8	33.8	49.8	49.8	57.5	57.5	60.1	60.1	59.1	55.5	55.9	53.4	57.9	56.2	54.7	55.0	54.5	54.4	57.6	57.6	56.8	53.0	49.8	50.7	51.6	51.6	47.2	40.0	33.0	30.4	29.3	25.3
2018/01/18 16:38:55	67.8	33.6	33.6	51.1	51.1	59.1	59.1	59.2	59.2	55.1	52.8	54.2	52.1	56.4	54.6	53.3	57.4	56.4	56.9	59.4	60.3	59.0	55.7	53.1	53.4	54.8	53.3	50.1	44.2	40.1	37.1	37.3	32.2
2018/01/18 16:38:56	66.6	32.0	32.0	48.2	48.2	57.6	57.6	56.2	56.2	57.3	59.7	56.8	54.1	56.4	56.4	52.8	54.9	54.4	54.2	57.6	57.9	57.3	54.8	53.9	53.0	53.8	54.7	50.7	42.4	36.6	33.4	32.1	29.2
2018/01/18 16:38:57	63.0	30.0	30.0	46.4	46.4	56.1	56.1	55.5	55.5	50.2	52.1	53.4	49.9	53.3	51.3	50.4	51.2	50.9	52.2	53.5	53.7	53.9	51.0	50.4	50.3	51.5	50.5	46.8	38.2	32.2	28.9	27.3	25.1
2018/01/18 16:38:58	63.4	37.1	37.1	51.1	51.1	56.4	56.4	58.4	58.4	57.7	52.7	53.9	50.2	54.1	53.6	50.9	56.4	53.2	53.2	55.2	54.4	53.5	50.2	47.7	48.8	50.4	48.3	46.3	40.4	33.6	29.8	29.9	27.8
2018/01/18 16:38:59	62.2	34.9	34.9	52.3	52.3	57.8	57.8	58.3	58.3	55.5	51.3	54.1	49.5	55.4	53.4	49.6	53.8	51.8	52.4	54.9	52.6	51.9	49.7	44.8	46.4	48.3	47.8	46.3	38.3	30.6	29.4	27.8	25.7
2018/01/18 16:39:00	60.4	31.3	31.3	48.4	48.4	54.4	54.4	55.2	55.2	52.5	51.3	53.0	48.9	55.1	52.7	48.1	52.0	50.2	50.0	53.5	51.9	48.9	46.5	43.5	45.0	46.7	45.7	41.5	31.5	27.9	26.1	23.8	22.7
2018/01/18 16:39:01	59.3	30.0	30.0	45.4	45.4	52.8	52.8	55.9	55.9	53.5	49.5	48.5	47.1	52.5	52.0	48.3	50.6	48.9	49.4	52.3	51.1	48.6	45.1	42.8	43.9	45.2	43.3	38.1	28.5	23.9	22.6	22.4	21.3
2018/01/18 16:39:02	58.4	28.3	28.3	44.3	44.3	51.4	51.4	52.9	52.9	52.0	48.2	46.9	44.9	49.9	49.3	46.5	48.2	47.7	48.6	51.9	50.8	48.4	44.3	42.2	43.1	43.2	41.2	36.4	26.1	22.4	21.9	22.5	21.2
2018/01/18 16:39:03	57.2	27.0	27.0	44.0	44.0	51.6	51.6	50.6	50.6	48.5	46.6	46.2	42.5	48.9	48.1	45.2	46.9	45.8	46.8	50.0	50.0	48.0	44.6	41.3	41.2	40.2	38.8	33.6	25.3	21.6	21.5	22.5	21.1
2018/01/18 16:39:04	56.5	26.7	26.7	41.5	41.5	51.2	51.2	51.6	51.6	49.6	47.8	46.1	42.1	49.9	50.5	45.1	45.4	45.9	47.2	48.3	48.3	47.3	44.1	40.8	41.6	40.3	38.6	32.7	24.4	21.0	21.5	21.9	20.7
2018/01/18 16:39:05	56.9	27.1	27.1	43.5	43.5	53.5	53.5	53.8	53.8	49.5	48.7	47.2	42.8	49.4	49.7	44.2	46.3	46.1	47.3	49.9	47.5	48.5	44.7	41.1	40.5	40.2	39.4	33.1	25.7	21.5	21.9	22.3	20.8
2018/01/18 16:39:06	57.9	29.8	29.8	44.5	44.5	53.4	53.4	51.5	51.5	48.6	49.0	51.6	45.2	50.4	49.2	46.1	46.6	49.3	48.6	49.8	48.6	49.3	46.9	42.1	42.0	41.4	39.6	34.7	27.6	22.5	22.6	22.7	21.0
2018/01/18 16:39:07	59.7	28.5	28.5	51.2	51.2	59.0	59.0	56.1	56.1	52.4	50.9	50.0	45.3	49.4	49.0	47.1	48.6	50.0	50.6	51.9	51.9	51.1	48.3	43.2	41.2	41.3	40.8	38.8	33.3	26.0	24.7	24.3	22.1
2018/01/18 16:39:08	63.9	29.1	29.1	54.3	54.3	60.2	60.2	57.2	57.2	56.4	53.1	53.4	45.5	50.6	50.2	48.4	52.4	51.7	53.9	56.6	57.4	54.5	52.4	48.3	46.4	47.5	47.0	43.1	38.2	33.6	30.8	30.6	28.2
2018/01/18 16:39:09	60.9	36.0	36.0	52.5	52.5	55.7	55.7	53.5	53.5	53.4	49.6	51.3	48.9	51.9	51.6	48.9	50.1	52.8	49.3	53.8	53.2	50.4	48.3	46.2	44.7	45.6	44.7	41.6	34.6	29.1	26.2	26.5	24.5
2018/01/18 16:39:10	57.1	38.8	38.8	50.2	50.2	53.8	53.8	53.1	53.1	49.6	49.3	48.4	45.3	46.9	46.8	45.4	46.7	44.7	50.7	48.8	45.9	47.4	46.4	45.6	41.4	39.1	37.3	32.1	25.9	22.6	21.9	22.7	20.8
2018/01/18 16:39:11	52.0	28.2	28.2	43.4	43.4	52.3	52.3	51.3	51.3	50.0	48.9	45.6	41.8	46.4	44.0	42.7	43.9	42.3	43.6	43.7	42.6	41.5	39.3	37.1	36.4	35.4	32.3	27.5	22.0	21.1	21.5	22.3	21.0
2018/01/18 16:39:12	57.0	30.1	30.1	46.2	46.2	52.2	52.2	51.0	51.0	50.6	48.4	49.8	46.4	49.8	48.1	46.6	46.3	50.0	49.1	49.5	46.6	46.8	44.2	40.1	40.2	42.3	38.2	35.0	29.6	23.4	21.8	22.4	21.0
2018/01/18 16:39:13	54.6	27.2	27.2	47.1	47.1	54.7	54.7	55.3	55.3	52.5	48.7	48.1	44.8	48.0	45.3	42.4	44.8	44.2	44.1	43.8	44.9	43.6	43.7	39.6	39.0	45.6	38.2	35.2	31.6	25.5	22.7	23.2	21.8
2018/01/18 16:39:14	51.7	30.9	30.9	47.4	47.4	54.3	54.3	51.6	51.6	51.0	48.2	47.1	42.0	45.4	43.5	42.6	42.3	43.4	42.9	44.2	42.0	40.2	38.7	37.3	36.9	35.3	32.3	26.9	21.1	20.5	21.3	22.2	20.7
2018/01/18 16:39:15	53.0	27.8	27.8	48.2	48.2	55.9	55.9	53.8	53.8	53.7	50.7	49.5	44.2	46.2	44.1	43.6	44.2	45.4	45.3	45.4	42.8	40.7	39.7	38.2	37.0	35.8	33.1	28.0	21.3	20.6	21.2	22.0	20.8
2018/01/18 16:39:16	54.3	30.0	30.0	45.1	45.1	54.3	54.3	55.0	55.0	53.3	51.4	50.6	44.8	49.5	46.8	45.4	47.5	47.0	45.8	45.9	43.8	41.5	39.4	38.0	37.9	38.0	37.8	34.7	25.0	21.9	21.6	22.2	20.8
2018/01/18 16:39:17	52.8	26.3	26.3	47.9	47.9	54.6	54.6	52.2	52.2	49.8	46.9	48.7	43.1	45.6	43.0	42.0	42.7	44.5	46.0	45.0	43.8	40.7	38.5	37.3	37.5	36.4	33.6	27.9	21.7	21.0	21.4	21.9	20.9
2018/01/18 16:39:18	54.1	32.0	32.0	49.5	49.5	54.5	54.5	54.5	54.5	53.7	48.9	47.2	45.1	47.6	44.2	44.0	44.0	44.8	47.3	45.4	45.3	42.8	40.7	38.9	39.1	37.5	35.6	30.8	23.8	21.4	21.3	21.9	20.8
2018/01/18 16:39:19	56.7	28.5	28.5	51.4	51.4	57.4	57.4	55.1	55.1	53.9	50.7	49.1	48.0	52.0	48.2	46.6	46.8	48.6	48.9	49.0	47.1	44.7	42.5	42.5	41.9	40.9	39.4	34.0	26.3	22.2	21.5	22.1	20.8
2018/01/18 16:39:20	62.8	27.4	27.4	50.7	50.7	56.4	56.4	55.0	55.0	55.2	52.1	51.9	49.1	54.5	50.3	49.0	52.0	53.9	54.7	54.7	53.4	50.5	50.9	50.7	50.0	48.5	47.4	43.1	35.0	28.2	24.1	23.5	21.9
2018/01/18 16:39:21	62.8	30.9	30.9	47.9	47.9	52.3	52.3	52.1	52.1	52.1	51.0	52.3	50.2	52.1	51.3	49.1	52.2	55.9	55.4	55.9	54.0	51.4	48.2	46.7	47.6	46.0	45.5	43.8	39.5	28.9	25.0	24.9	24.2
2018/01/18 16:39:22	59.4	31.1	31.1	47.2	47.2	51.1	51.1	50.4	50.4	49.9	51.5	52.2	50.0	51.8	48.5	46.1	49.2	51.3	51.9	53.8	51.0	46.6	43.3	40.6	42.2	41.5	41.3	39.6	31.3	24.1	23.0	22.5	21.4
2018/01/18 16:39:23	56.3	29.1	29.1	41.1	41.1	46.6	46.6	48.4	48.4	48.5	49.5	48.3	46.9	48.8	44.7	44.0	45.8	46.6	48.3	51.2	48.3	44.0	38.5	37.6	39.3	38.7	37.3	35.2	24.8	21.6	21.6	22.1	20.8
2018/01/18 16:39:24	54.4	24.4	24.4	41.2	41.2	49.4	49.4	49.0	49.0	47.0	46.9	47.6	45.6	46.8	42.7	44.4	44.7	45.1	45.7	48.5	46.8	42.6	37.3	35.4	37.4	37.7	35.2	31.9	23.6	21.1	21.4	22.2	20.7
2018/01/18 16:39:25	51.1	28.7	28.7	41.6	41.6	47.1	47.1	46.7	46.7	45.9	45.6	47.3	41.8	43.9	39.1	38.6	42.4	41.1	43.0	45.6	43.2	39.5	34.2	32.2	32.8	32.5	31.1	27.6	21.2	20.7	21.4	22.3	21.0
2018/01/18 16:39:26	49.5	24.6	24.6	41.6	41.6	48.2	48.2	46.5	46.5	46.3	46.6	45.5	41.4	43.1	42.3	41.2	42.4	40.8	41.0	42.5	40.8	36.2	33.9	31.9	31.8	31.1	29.8	25.7	20.9	20.5	21.2	22.2	20.6
2018/01/18 16:39:27	47.5	25.9	25.9	38.1	38.1	45.9	45.9	46.5	46.5	47.7	46.0	43.4	38.6	42.0	39.1	39.0	39.4	37.5	39.9	40.6	37.6	35.6	32.1	30.3	31.3	30.9	29.3	25.0	20.5	20.5	21.4	22.3	20.7
2018/01/18 16:39:28	48.7	26.5	26.5	39.8	39.8	49.2	49.2	50.6	50.6	52.7	52.7	46.1	40.9	43.3	39.0	37.1	38.3	37.8	40.0	41.5	37.6	36.4	37.3	31.6	32.8	33.4	29.5	26.0	20.5	20.1	21.2	22.1	20.8
2018/01/18 16:39:29	51.9	28.4	28.4	49.8	49.8	57.9	57.9	55.1	55.1	52.8	51.8	47.4	42.6	48.0	49.3	47.7	43.2	40.5	42.5	43.0	39.3	37.8	37.9	35.1	36.0	36.8	33.0	26.4	21.2	20.7	21.2	22.0	20.8
2018/01/18 16:39:30	57.7	34.3	34.3	48.8	48.8	56.2	56.2	59.8	59.8	58.0	53.9	55.5	45.0	46.2	43.5	44.2	46.4	45.3	45.3	47.7	48.2	45.8	44.0	46.1	46.5	46.9	47.2	42.4	35.7	29.5	23.9	22.7	20.9
2018/01/18 16:39:31	50.5	25.1	25.1	41.0	41.0	49.8	49.8	52.4	52.4	50.8	48.9	50.6	42.7	43.4	40.3	40.4	41.5	40.6	42.3	42.9	40.0	38.1	36.9	35.6	36.6	35.8	32.5	26.4	20.9	20.8	21.4	22.2	20.7
2018/01/18 16:39:32	47.6	23.8	23.8	35.7	35.7	47.4	47.4	51.2	51.2	46.3	47.8	49.9	38.9	40.6	37.7	37.3	38.3	38.5	40.0	40.0	36.5	35.3	33.1	32.0	31.7	31.5	29.0	24.5	21.1	20.3	21.4	22.1	20.8
2018/01/18 16:39:33	47.3	25.8	25.8	39.0	39.0	47.0	47.0	47.8	47.8	47.6	42.2	42.5	36.8	40.4	37.4	37.8	40.4	39.5	40.8	39.4	36.9	34.4	31.6	31.1	30.6	30.7	28.8	23.1	20.2	20.5	21.3	22.1	20.6
2018/01/18 16:39:34	49.2	28.5	28.5	45.8	45.8	52.3	52.3	50.5	50.5	47.5	47.0	45.9	41.0	44.6	40.0	41.4	42.5	41.0	42.0	40.6	39.5	36.0	33.9	32.9	32.5	32.4	30.4	24.1	20.4	20.8	21.1	21.9	20.6
2018/01/18 16:39:35	46.6	25.3	25.3	41.1	41.1	47.3	47.3	48.1	48.1	46.0	40.1	42.1	37.5	41.9	38.3	38.4	39.1	38.8	39.9	38.1	36.3	34.3	31.0	29.2	29.6	29.0	27.0	21.9	20.0	20.2	21.1	21.9	20.7
2018/01/18 16:39:36	45.8	24.5	24.5	40.7	40.7	48.4	48.4	49.7	49.7	46.3	40.4	41.1	38.2	41.1	36.6	37.1	38.7	37.6	37.5	37.2	36.3	33.9	30.9	29.1	29.0	29.1	26.8	22.8	20.7	20.8	21.3	22.3	20.9
2018/01/18 16:39:37	45.1	26.1	26.1	38.7	38.7	47.4	47.4	49.1	49.1	44.9	39.7	41.1	35.3	40.0	37.6	35.2	38.1	37.9	36.8	36.5	34.2	32.5	30.0	29.2	28.7	29.2	28.8	25.4	23.5	22.6	22.1	22.8	22.2
2018/01/18 16:39:38	44.7	24.9	24.9	40.8	40.8	47.5	47.5	47.2	47.2	43.8	42.4	43.1	37.5	40.8	36.7	35.1	37.8	36.8	37.1	35.6	34.8	31.8	30.1	27.8	27.6	27.8	26.5	22.8	20.9	20.7	21.2	22.0	20.7
2018/01/18 16:39:39	44.5	25.9	25.9	41.9	41.9	48.5	48.5	46.1	46.1	41.2	41.7	42.7	38.5	40.8	36.2	35.6	36.8	37.6	36.8	35.3	34.0	32.4	29.8	27.8	26.7	26.8	24.8	21.4	19.8	20.2	20.8	21.9	20.6
2018/01/18 16:39:40	46.7	25.8	25.8	41.0	41.0	48.8	48.8	48.8	48.8	45.0	40.7	41.8	37.9	40.9	39.0	37.7	38.9	39.5	39.8	38.8	36.2	34.2	31.5	29.9	28.9	28.8	26.8	22.9	20.7	20.4	21.0	22.0	20.8
2018/01/18 16:39:41	50.1	25.9	25.9	41.2	41.2	49.7	49.7	50.3	50.3	46.1	41.0	42.9	38.0	43.2	40.7	38.1	42.2	41.9	41.9	41.0	39.1	36.9	32.9	32.8	34.0	39.0	39.8	36.6	25.0	22.8	21.8	22.4	21.0
2018/01/18 16:39:42	52.5	23.4	23.4	38.1	38.1	46.9	46.9	49.1	49.1	46.9	44.2	44.8	41.4	45.1	44.0	40.0	42.7	43.4	43.4	44.1	41.3	38.6	36.4	35.7	37.7	42.0	43.6	36.6	25.7	23.4	22.0	22.5	20.9
2018/01/18 16:39:43	49.4	25.0	25.0	38.9	38.9	45.8	45.8	46.2	46.2	46.0	44.2	43.7	39.8	44.1	41.7	40.5	43.7	42.7	42.6	39.6	37.7	36.8	33.1	31.3	31.6	35.3	32.7	27.5	21.0	21.3	21.7	22.4	21.0
2018/01/18 16:39:44	48.3	26.5	26.5	41.0	41.0	47.7	47.7	48.4	48.4	44.3	42.0	43.2	41.6	43.9	41.3	40.8	41.7	42.3	40.3	39.1	36.8	35.4	31.2	30.8	30.5	33.4	31.6	26.6	20.8	20.8	21.4	22.2	20.7
2018/01/18 16:39:45	49.3	25.0	25.0	44.1	44.1	50.4	50.4	49.8	49.8	45.7	43.0	43.5	42.2	45.2	39.7	40.4	43.5	41.8	41.8	39.5	37.8	36.6	33.1	32.4	31.9	36.6	33.5	28.5	21.4	20.4	21.1	21.9	20.7
2018/01/18 16:39:46	50.3	25.9	25.9	43.9	43.9	50.8	50.8	49.8	49.8	44.8	42.0	41.9	42.6	47.5	40.7	39.5	43.4	43.0	43.2	39.7	40.0	38.0	34.1	33.6	33.6	38.4	34.2	29.1	20.9	20.9	21.6	22.3	20.9
2018/01/18 16:39:47	49.1	25.0	25.0	40.3	40.3	47.9	47.9	47.7	47.7	44.4	41.0	41.6	39.3	45.1	42.4	40.2	41.9	42.8	42.5	38.8	37.6	36.1	32.4	31.4	31.3	35.3	33.3	27.6	20.8	20.5	21.3	22.0	20.6
2018/01/18 16:39:48	48.4	25.8	25.8	39.4	39.4	49.8	49.8	51.0	51.0	44.7	42.4	42.9	39.1	46.0	39.7	37.1	40.6	41.1	41.6	39.1	37.8	35.8	32.0	31.0	30.7	34.4	31.7	26.0	20.5	20.4	21.0	22.1	20.7
2018/01/18 16:39:49	49.8	26.1	26.1	40.2	40.2	48.5	48.5	48.7	48.7	44.4	42.5	41.5	39.0	47.9	40.9	39.3	42.9	42.2	42.8	40.5	39.3	36.7	33.8	32.4	31.6	36.4	33.4	26.4	20.6	20.7	21.2	22.0	20.5
2018/01/18 16:39:50	49.3	24.4	24.4	39.2	39.2	47.9	47.9	49.5	49.5	46.1	41.7	42.7	40.2	44.5	40.1	38.3	41.7	41.7	42.8	40.6	39.5	36.5	33.3	32.1	31.5	35.1	32.6	26.5	20.9	21.0	21.2	22.8	21.0
2018/01/18 16:39:51	47.8	24.7	24.7	37.8	37.8	45.1	45.1	44.8	44.8	42.2	39.6	41.3	36.7	43.2	40.8	36.8	41.2	40.9	40.6	38.4	37.8	36.1	32.2	30.9	29.7	32.8	30.7	26.2	20.2	20.4	21.2	21.9	20.7
2018/01/18 16:39:52	47.4	24.5	24.5	36.7	36.7	46.4	46.4	48.5	48.5	42.9	37.9	38.9	36.0	41.8	39.4	38.1	41.7	40.0	39.8	38.2	35.9	36.0	32.3	30.3	29.7	34.2	31.4	25.9	20.3	20.7	21.3	21.9	20.7
2018/01/18 16:39:53	48.7	22.7	22.7	34.8	34.8	44.3	44.3	47.4	47.4	44.3	38.2	39.7	35.7	40.8	39.6	36.9	40.7	41.3	42.2	40.2	38.7	37.1	32.6	31.5	30.4	35.8	33.1	27.3	20.4	20.3	21.2	22.2	20.8
2018/01/18 16:39:54	48.5	24.2	24.2	39.8	39.8	47.8	47.8	48.4	48.4	43.6	43.3	42.8	36.2	41.8	38.6	37.0	42.2	41.3	41.6	39.4	37.6	37.3	32.7	30.2	31.2	34.6	32.0	26.8	20.9	21.1	21.5	22.6	21.3
2018/01/18 16:39:55	47.0	24.3	24.3	37.0	37.0	45.0	45.0	46.7	46.7	41.4	39.7	40.9	38.5	42.0	37.7	37.3	41.5	39.6	40.1	36.6	35.7	35.2	31.9	29.1	29.4	32.6	30.7	25.7	20.6	20.7	21.7	22.6	21.2
2018/01/18 16:39:56	47.1	23.6	23.6	39.3	39.3	47.5	47.5	48.5	48.5	42.6	39.1	40.4	36.2	40.9	38.7	36.0	39.4	39.9	39.9	37.5	35.9	34.8	33.0	30.6	31.2	33.9	32.8	28.1	21.0	21.0	21.6	22.4	20.9
2018/01/18 16:39:57	48.7	23.0	23.0	37.5	37.5	45.6	45.6	46.0	46.0	41.1	40.0	42.5	38.1	43.9	40.7	39.0	42.8	40.6	40.8	39.2	38.1	36.7	35.1	32.0	32.2	35.5	33.2	27.3	20.4	20.7	21.3	22.2	20.8
2018/01/18 16:39:58	50.5	25.4	25.4	43.5	43.5	52.0	52.0	52.7	52.7	49.1	42.8	44.8	40.7	45.1	41.8	40.0	44.2	41.2	42.8	39.4	40.1	38.6	36.0	35.3	36.1	38.4	36.6	32.3	21.5	20.8	21.2	22.0	20.8
2018/01/18 16:39:59	48.9	24.1	24.1	40.1	40.1	48.3	48.3	47.2	47.2	41.8	40.5	42.0	38.0	43.3	40.8	37.6	41.6	41.5	42.6	39.3	38.8	37.8	33.2	31.2	30.2	35.3	32.7	27.2	20.8	21.0	21.6	22.3	20.7
2018/01/18 16:40:00	48.7	25.9	25.9	39.4	39.4	45.6	45.6	44.2	44.2	41.7	40.7	41.7	36.5	42.0	39.5	37.6	42.8	41.5	42.3	40.1	37.9	37.0	32.1	30.1	29.8	34.4	31.8	26.7	20.8	20.7	21.3	22.2	20.7
2018/01/18 16:40:01	49.3	24.7	24.7	38.8	38.8	47.8	47.8	46.6	46.6	39.9	39.4	42.7	38.8	42.4	39.4	37.9	43.5	43.1	42.7	39.5	38.4	37.6	32.5	30.4	31.2	35.7	33.8	27.3	20.5	20.9	21.6	22.3	20.9
2018/01/18 16:40:02	49.3	25.6	25.6	39.1	39.1	47.8	47.8	45.4	45.4	42.2	41.0	42.0	37.0	42.0	39.3	37.9	42.7	42.4	43.2	38.5	38.7	38.2	34.3	29.9	30.1	36.9	33.3	26.8	20.5	21.1	21.6	22.3	20.9
2018/01/18 16:40:03	49.9	25.6	25.6	41.0	41.0	50.5	50.5	49.3	49.3	43.8	39.6	41.5	37.5	41.9	40.8	39.7	44.7	43.1	43.5	40.1	39.0	37.8	33.5	30.5	30.9	36.1	32.8	27.5	20.6	20.8	21.4	22.0	20.8
2018/01/18 16:40:04	49.3	25.4	25.4	40.6	40.6	50.6	50.6	49.9	49.9	44.1	40.0	40.6	36.5	42.2	40.2	39.3	43.8	42.5	43.1	40.0	37.6	37.6	31.7	29.9	30.3	35.2	34.4	27.0	20.6	20.3	21.0	22.0	20.6
2018/01/18 16:40:05	48.6	25.7	25.7	40.5	40.5	51.1	51.1	50.7	50.7	44.3	40.1	40.1	36.2	39.6	37.2	35.7	42.2	41.0	42.2	39.9	38.7	36.8	33.3	30.3	30.5	35.0	33.7	26.1	20.6	20.3	21.3	21.8	20.8
2018/01/18 16:40:06	47.9	26.8	26.8	40.4	40.4	47.9	47.9	48.4	48.4	44.6	42.6	40.5	36.4	41.3	39.4	37.7	41.0	39.9	41.2	38.5	37.0	36.3	35.1	30.5	30.6	32.8	31.3	24.9	20.4	20.4	21.4	22.1	20.5
2018/01/18 16:40:07	49.0	26.1	26.1	40.7	40.7	47.7	47.7	47.9	47.9	46.6	41.8	44.5	38.2	41.6	39.6	38.1	41.8	42.3	40.3	38.8	39.0	36.1	38.2	34.6	33.1	34.1	33.2	26.9	20.9	20.7	21.4	22.2	20.8
2018/01/18 16:40:08	50.2	25.8	25.8	39.4	39.4	49.8	49.8	50.0	50.0	45.0	43.6	44.1	39.9	42.4	41.1	39.0	41.4	43.0	43.2	40.2	40.2	38.3	38.7	34.7	34.9	35.6	33.3	27.4	21.0	21.0	21.3	22.0	20.8
2018/01/18 16:40:09	47.2	26.8	26.8	41.3	41.3	48.3	48.3	47.0	47.0	43.2	41.6	40.2	36.9	40.0	39.8	37.6	40.2	40.2	38.8	37.7	37.1	36.0	34.7	30.1	30.7	31.7	29.5	23.2	19.8	20.3	21.1	21.9	20.6
2018/01/18 16:40:10	48.8	25.2	25.2	39.9	39.9	47.5	47.5	46.5	46.5	41.1	41.0	42.2	41.0	45.0	43.4	41.4	41.1	40.5	40.0	40.7	38.7	37.5	35.5	32.4	31.4	31.3	28.6	23.1	19.9	20.0	21.0	22.0	20.7
2018/01/18 16:40:11	48.6	25.7	25.7	40.3	40.3	48.0	48.0	47.7	47.7	42.4	38.5	40.2	38.0	42.5	43.6	40.3	41.6	41.8	40.1	39.3	38.4	36.8	35.8	32.3	31.5	31.9	29.2	23.5	20.3	20.1	20.9	22.0	20.6
2018/01/18 16:40:12	47.9	24.3	24.3	38.9	38.9	46.5	46.5	46.5	46.5	43.1	39.7	38.3	36.1	42.8	41.4	37.4	39.3	40.9	39.7	38.8	38.2	37.0	35.5	31.7	30.9	31.6	29.1	23.8	20.0	20.1	21.2	21.9	20.8
2018/01/18 16:40:13	48.4	25.5	25.5	42.3	42.3	49.3	49.3	48.1	48.1	43.8	41.0	40.6	36.6	43.3	41.3	36.2	41.5	41.2	40.7	39.3	39.8	36.8	34.9	31.0	30.2	30.7	28.4	22.6	20.3	20.2	21.3	22.1	20.5
2018/01/18 16:40:14	46.2	25.2	25.2	39.7	39.7	46.8	46.8	46.0	46.0	40.2	38.2	38.9	36.9	41.1	41.1	36.3	40.8	37.9	39.0	36.6	36.2	34.3	31.3	28.2	28.5	29.0	26.9	23.2	20.3	20.6	21.4	22.0	21.0
2018/01/18 16:40:15	44.3	23.9	23.9	37.7	37.7	44.5	44.5	44.6	44.6	40.7	38.3	39.3	36.7	38.5	36.5	34.7	37.7	36.2	35.4	35.8	35.0	32.8	30.3	28.1	27.3	27.2	25.9	23.0	20.6	20.3	21.2	21.9	20.7
2018/01/18 16:40:16	45.8	28.2	28.2	41.5	41.5	47.6	47.6	45.6	45.6	44.3	42.5	42.4	36.3	40.5	40.8	37.0	38.2	38.2	37.2	36.1	36.1	34.4	32.2	29.0	28.7	28.7	25.5	21.5	19.8	20.2	20.9	21.6	20.7
2018/01/18 16:40:17	47.1	28.8	28.8	38.7	38.7	44.4	44.4	43.2	43.2	40.8	41.7	43.2	36.4	40.6	38.8	35.7	38.2	38.1	36.5	36.8	37.8	38.4	34.5	31.9	32.0	33.5	32.4	28.2	23.4	21.1	21.5	22.1	20.8
2018/01/18 16:40:18	47.9	26.5	26.5	38.3	38.3	46.6	46.6	47.0	47.0	41.7	38.7	41.9	37.7	39.4	40.0	36.4	37.0	38.2	36.1	35.5	37.4	40.7	39.0	32.6	32.6	32.6	32.4	28.9	23.8	21.5	21.3	22.1	20.7
2018/01/18 16:40:19	43.9	26.1	26.1	39.0	39.0	45.8	45.8	45.2	45.2	41.8	39.3	37.7	33.7	40.1	36.6	34.8	36.4	35.2	33.6	34.3	33.4	34.9	31.3	27.4	27.4	27.5	27.1	25.3	21.6	20.8	21.5	22.0	20.8
2018/01/18 16:40:20	46.5	24.0	24.0	39.7	39.7	46.2	46.2	44.6	44.6	39.4	38.9	41.8	34.5	39.1	38.2	36.4	37.4	36.1	36.3	36.6	35.6	37.9	33.8	31.4	32.4	33.6	34.0	29.4	24.7	21.6	21.4	22.0	20.8
2018/01/18 16:40:21	49.4	25.2	25.2	39.0	39.0	49.1	49.1	49.5	49.5	42.3	39.4	43.5	33.8	39.3	41.6	37.7	38.3	38.8	37.7	37.8	37.9	42.5	38.5	34.1	35.2	36.2	36.3	32.8	26.5	22.2	21.8	22.4	20.9
2018/01/18 16:40:22	48.3	24.4	24.4	38.4	38.4	46.7	46.7	46.8	46.8	41.6	40.0	42.2	35.4	39.2	37.9	38.3	39.0	37.4	37.6	36.6	36.8	42.0	37.3	31.7	32.5	34.1	33.3	29.9	26.4	22.6	22.3	22.4	20.9
2018/01/18 16:40:23	46.6	23.7	23.7	38.2	38.2	45.2	45.2	43.0	43.0	40.9	38.6	39.1	35.7	38.9	35.8	35.2	39.8	36.1	36.2	36.3	36.5	38.9	35.5	30.6	30.5	31.4	30.1	27.6	24.2	21.1	21.3	21.9	20.6
2018/01/18 16:40:24	49.5	24.6	24.6	38.7	38.7	46.7	46.7	46.5	46.5	42.9	37.8	39.3	37.2	40.8	38.3	39.1	38.6	37.5	38.8	37.9	40.8	43.0	38.0	33.8	34.3	34.9	34.6	31.1	27.1	22.6	21.7	22.0	20.7
2018/01/18 16:40:25	49.5	24.0	24.0	40.4	40.4	48.9	48.9	48.1	48.1	43.8	40.0	41.6	37.5	40.2	39.0	38.0	41.0	38.9	38.7	37.1	39.3	43.6	37.6	34.8	33.2	34.9	33.0	29.6	24.7	22.0	21.7	22.2	20.8
2018/01/18 16:40:26	47.8	25.5	25.5	40.6	40.6	48.0	48.0	46.8	46.8	42.3	39.1	40.1	37.9	41.9	37.5	36.9	41.3	38.5	36.2	37.2	37.4	39.4	36.8	34.5	32.4	33.9	30.7	27.1	22.5	20.8	21.2	22.0	20.6
2018/01/18 16:40:27	49.4	25.0	25.0	39.7	39.7	47.4	47.4	46.5	46.5	42.8	40.9	41.2	37.4	43.2	38.7	34.9	38.4	37.1	36.8	37.6	40.3	42.7	39.2	35.2	35.3	34.3	34.1	30.5	25.7	22.5	22.1	22.2	20.9
2018/01/18 16:40:28	49.8	24.7	24.7	38.2	38.2	45.3	45.3	45.8	45.8	42.3	38.9	38.5	33.7	40.9	38.1	36.6	38.0	37.3	37.7	38.0	39.6	44.3	39.2	35.0	34.5	35.1	33.7	31.1	25.7	22.0	21.4	22.2	20.7
2018/01/18 16:40:29	48.4	24.8	24.8	37.9	37.9	45.5	45.5	44.3	44.3	41.4	40.7	41.0	35.8	41.1	38.7	37.8	36.8	37.8	37.0	37.9	38.7	40.4	37.4	34.7	34.8	34.7	33.5	30.6	25.4	21.6	21.7	22.0	20.6
2018/01/18 16:40:30	47.3	27.4	27.4	39.4	39.4	45.4	45.4	46.4	46.4	42.5	40.4	41.6	34.9	39.8	37.4	37.6	38.4	38.0	38.4	37.1	36.7	40.0	34.9	31.8	31.2	32.3	28.9	27.5	23.0	21.0	21.1	22.0	20.6
2018/01/18 16:40:31	49.9	27.8	27.8	42.7	42.7	48.6	48.6	47.5	47.5	44.8	41.0	41.3	34.9	40.7	38.8	34.7	36.8	36.9	36.6	37.1	40.9	44.4	39.6	36.5	33.8	34.8	32.9	29.9	25.1	21.5	21.4	22.2	20.9
2018/01/18 16:40:32	46.2	27.3	27.3	41.9	41.9	49.4	49.4	48.3	48.3	43.2	40.4	39.1	34.6	41.9	39.8	34.9	38.2	36.9	39.0	35.3	35.1	35.5	32.2	30.9	30.8	31.3	33.3	28.1	24.0	21.7	21.6	22.3	20.9
2018/01/18 16:40:33	45.3	24.3	24.3	42.1	42.1	50.3	50.3	49.3	49.3	45.2	42.7	41.0	35.8	40.3	38.8	35.9	36.3	36.7	40.7	34.2	34.3	32.0	29.9	28.1	27.9	28.4	27.8	23.9	20.8	20.8	21.2	22.2	20.8
2018/01/18 16:40:34	44.2	26.4	26.4	41.9	41.9	49.2	49.2	47.2	47.2	42.2	40.5	39.8	33.5	37.5	36.9	35.0	36.7	35.6	34.8	34.2	34.0	35.7	30.9	28.4	27.7	27.4	25.6	23.1	20.5	20.6	21.0	22.1	20.6
2018/01/18 16:40:35	44.2	26.7	26.7	41.6	41.6	48.9	48.9	48.1	48.1	44.3	41.6	40.8	35.3	38.3	37.7	36.0	36.5	35.9	35.2	35.0	33.7	33.8	30.4	28.3	27.8	27.0	25.6	22.3	20.1	20.3	21.0	21.9	20.7
2018/01/18 16:40:36	44.3	26.6	26.6	42.2	42.2	50.7	50.7	50.6	50.6	45.0	41.9	41.3	34.2	39.8	37.1	36.4	37.4	36.4	35.5	35.1	33.4	32.2	30.1	28.5	28.4	27.7	25.8	22.2	20.1	20.1	20.8	22.0	20.7
2018/01/18 16:40:37	55.2	24.6	24.6	42.0	42.0	49.9	49.9	50.3	50.3	48.1	44.9	39.8	35.5	41.2	39.0	45.5	38.6	37.2	45.7	37.6	49.8	44.9	45.9	42.6	36.9	40.3	41.6	39.5	30.7	28.0	25.6	24.0	23.1
2018/01/18 16:40:38	55.5	25.2	25.2	41.1	41.1	47.7	47.7	48.8	48.8	47.2	44.0	44.8	42.2	41.8	39.8	45.9	39.9	40.7	50.1	40.1	46.4	47.0	47.5	42.0	37.0	36.6	33.5	27.9	21.5	20.6	21.1	22.1	20.6
2018/01/18 16:40:39	52.1	28.9	28.9	43.8	43.8	49.8	49.8	50.3	50.3	47.9	43.4	44.4	42.0	43.0	44.9	42.0	41.8	41.4	43.0	43.8	42.9	41.2	41.7	38.5	36.9	39.0	33.5	28.8	21.8	20.4	21.0	21.9	20.6
2018/01/18 16:40:40	53.1	27.7	27.7	45.8	45.8	52.8	52.8	52.7	52.7	50.8	45.3	44.7	44.3	45.0	45.3	43.4	43.1	42.6	43.0	44.6	44.2	43.4	41.9	39.0	38.5	39.2	35.0	30.2	23.4	21.1	21.2	22.3	20.7
2018/01/18 16:40:41	52.9	27.3	27.3	47.2	47.2	53.8	53.8	52.6	52.6	49.1	44.2	43.5	40.8	42.6	44.6	43.4	42.1	42.5	41.9	44.2	44.7	42.8	41.4	39.7	39.1	38.2	35.5	30.8	23.6	20.6	20.9	21.8	20.7
2018/01/18 16:40:42	53.0	26.5	26.5	44.4	44.4	51.2	51.2	50.2	50.2	50.1	43.9	43.3	41.5	45.6	47.9	42.8	42.4	41.9	43.0	44.6	43.4	42.6	41.5	39.6	39.4	39.0	35.1	30.2	23.7	20.9	21.2	21.9	20.9
2018/01/18 16:40:43	54.2	29.7	29.7	49.8	49.8	58.7	58.7	57.0	57.0	52.9	46.9	44.3	40.9	46.6	49.5	44.7	42.8	42.9	42.9	44.7	44.8	44.2	42.9	40.8	40.4	41.7	38.3	33.0	25.6	22.0	21.4	22.2	20.6
2018/01/18 16:40:44	55.9	26.0	26.0	42.6	42.6	49.9	49.9	52.3	52.3	52.8	47.1	46.6	46.3	47.9	47.5	46.7	46.2	44.7	46.4	48.1	47.6	45.0	44.0	42.2	41.0	41.5	39.6	34.2	26.4	22.1	21.2	22.1	20.4
2018/01/18 16:40:45	55.7	26.8	26.8	47.3	47.3	56.0	56.0	56.9	56.9	53.8	50.8	48.5	43.8	47.0	47.3	45.4	44.3	46.0	47.2	47.9	47.7	45.5	43.8	40.9	38.6	37.5	34.3	29.4	23.8	21.4	21.4	22.1	20.8
2018/01/18 16:40:46	60.2	29.8	29.8	45.6	45.6	57.4	57.4	58.0	58.0	51.0	49.6	52.2	44.3	50.3	50.5	49.0	48.9	49.4	49.7	54.3	53.1	49.5	47.7	45.7	42.8	42.0	39.3	34.1	27.8	22.9	21.8	22.2	20.8
2018/01/18 16:40:47	65.2	30.6	30.6	47.3	47.3	59.7	59.7	60.6	60.6	55.1	54.3	52.7	46.3	52.2	54.6	52.8	54.1	53.3	53.9	58.4	57.6	55.2	53.9	52.0	50.4	49.9	48.2	42.6	37.5	31.6	28.4	26.5	22.9
2018/01/18 16:40:48	67.5	31.0	31.0	46.4	46.4	58.0	58.0	57.9	57.9	54.0	53.5	52.2	48.1	54.8	55.8	54.3	55.3	55.5	57.4	61.0	60.9	57.9	55.1	51.9	50.6	50.3	48.5	45.3	39.3	32.5	29.9	28.9	25.5
2018/01/18 16:40:49	64.2	27.9	27.9	43.8	43.8	54.6	54.6	54.4	54.4	54.5	56.9	51.7	46.1	52.0	55.6	52.2	53.1	54.1	54.5	58.0	57.5	54.0	50.3	46.8	45.6	46.4	44.9	42.3	32.2	27.9	27.2	24.1	22.3
2018/01/18 16:40:50	61.6	28.2	28.2	43.6	43.6	55.1	55.1	54.4	54.4	50.8	52.7	47.4	44.9	49.9	50.5	48.5	49.8	50.4	51.4	55.9	55.3	51.4	46.5	44.7	43.9	45.0	41.1	37.1	27.2	25.8	23.8	22.8	21.2
2018/01/18 16:40:51	58.2	29.0	29.0	44.8	44.8	55.4	55.4	54.7	54.7	49.2	49.3	48.0	43.2	47.3	48.4	47.2	47.1	47.1	49.2	52.2	51.5	47.5	43.6	41.9	41.0	41.2	37.9	33.2	24.2	22.3	21.7	22.2	20.9
2018/01/18 16:40:52	56.4	27.1	27.1	43.8	43.8	52.2	52.2	50.4	50.4	51.5	51.8	46.8	41.3	46.7	46.1	44.5	45.7	45.6	47.8	50.1	49.0	45.5	43.0	40.7	39.8	39.5	36.3	31.1	22.6	20.8	21.2	22.0	20.8
2018/01/18 16:40:53	55.5	24.7	24.7	42.5	42.5	50.8	50.8	49.2	49.2	48.3	47.0	47.1	43.5	47.6	46.6	44.6	46.7	46.5	46.5	48.3	47.0	45.1	43.3	40.4	40.0	37.6	34.6	29.6	22.0	20.6	21.1	22.1	20.8
2018/01/18 16:40:54	56.1	26.4	26.4	47.8	47.8	54.5	54.5	51.7	51.7	51.1	49.7	47.3	43.4	47.3	47.5	43.9	46.1	46.7	45.8	47.8	46.7	45.9	42.7	40.2	41.2	41.0	44.5	43.6	33.4	31.1	28.1	25.4	23.9
2018/01/18 16:40:55	54.6	26.9	26.9	46.5	46.5	52.4	52.4	51.1	51.1	50.5	49.7	48.3	45.1	48.0	46.6	44.3	46.2	45.4	46.1	47.1	45.8	44.7	41.7	37.8	37.1	34.7	33.3	30.2	24.0	20.6	21.1	21.8	20.8
2018/01/18 16:40:56	56.2	25.7	25.7	39.4	39.4	48.2	48.2	49.1	49.1	49.7	49.8	47.5	45.5	48.9	46.0	44.2	46.7	45.6	46.8	48.2	48.4	47.7	44.5	40.3	38.6	37.6	35.9	30.8	25.1	21.9	21.5	22.4	21.2
2018/01/18 16:40:57	61.5	27.0	27.0	44.6	44.6	53.8	53.8	55.9	55.9	56.4	56.4	55.5	52.0	58.0	53.7	51.1	51.2	52.4	53.4	53.9	52.5	51.6	47.6	45.0	43.5	42.5	41.2	35.9	28.7	23.8	22.1	22.4	21.1
2018/01/18 16:40:58	64.4	29.0	29.0	43.5	43.5	51.4	51.4	53.4	53.4	53.9	52.3	52.9	51.4	57.2	53.8	49.8	52.7	53.5	56.4	57.7	56.5	54.7	51.7	49.1	48.0	47.4	46.3	43.7	37.1	29.8	27.1	25.3	23.7
2018/01/18 16:40:59	63.0	27.1	27.1	39.1	39.1	48.9	48.9	51.9	51.9	52.4	50.6	54.2	50.7	55.8	53.4	50.2	54.8	54.3	54.9	56.1	55.6	52.4	47.9	43.2	42.9	44.3	44.3	42.0	34.2	26.5	26.0	24.9	23.5
2018/01/18 16:41:00	59.5	26.8	26.8	39.0	39.0	52.5	52.5	55.4	55.4	50.8	47.5	50.2	49.5	51.4	49.6	46.0	49.3	51.0	50.8	53.6	51.5	49.2	44.0	40.8	40.2	41.8	41.0	37.7	28.0	24.5	23.6	22.8	21.3
2018/01/18 16:41:01	56.6	28.1	28.1	41.2	41.2	51.1	51.1	53.3	53.3	48.0	46.5	46.3	44.5	49.1	45.4	45.1	47.3	47.0	47.9	50.3	49.4	46.6	40.3	37.1	36.4	37.9	37.4	33.5	26.4	23.4	22.2	22.6	21.3
2018/01/18 16:41:02	53.2	24.0	24.0	39.8	39.8	49.1	49.1	49.5	49.5	48.2	47.8	46.8	43.8	47.1	44.1	41.5	44.0	45.0	44.4	46.8	45.2	41.9	38.2	36.2	34.8	35.3	34.0	30.0	23.7	21.8	22.2	22.4	21.6
2018/01/18 16:41:03	52.6	28.3	28.3	42.8	42.8	48.1	48.1	46.0	46.0	46.7	47.9	46.6	42.5	45.6	43.0	46.0	44.0	44.9	42.2	43.9	42.3	42.2	40.4	39.7	34.5	39.3	33.8	28.9	23.3	21.7	21.9	22.2	21.2
2018/01/18 16:41:04	49.1	26.0	26.0	39.6	39.6	46.2	46.2	45.4	45.4	45.8	45.8	43.9	41.9	44.2	43.5	42.2	42.3	40.2	38.9	40.0	39.3	37.4	35.2	35.2	31.6	32.9	30.6	27.2	23.2	21.5	22.1	22.4	21.5
2018/01/18 16:41:05	50.5	24.4	24.4	39.5	39.5	47.3	47.3	47.1	47.1	46.2	45.9	42.7	39.8	47.6	45.4	44.3	44.5	42.3	39.9	41.0	38.9	36.9	34.5	38.9	33.3	34.2	33.9	30.3	25.4	23.2	22.7	22.9	22.1
2018/01/18 16:41:06	52.4	25.0	25.0	40.7	40.7	47.5	47.5	48.0	48.0	46.8	46.5	43.5	37.4	48.4	47.5	51.0	46.1	41.9	40.5	40.4	38.1	37.7	37.4	41.4	34.9	36.5	35.5	31.5	25.7	24.5	23.7	23.3	22.8
2018/01/18 16:41:07	56.6	24.7	24.7	41.1	41.1	49.2	49.2	49.6	49.6	47.6	47.6	50.4	50.2	51.9	50.6	53.8	51.0	44.6	43.9	43.8	42.6	44.5	41.1	46.5	40.7	41.3	41.7	36.8	30.0	25.3	25.2	24.7	23.6
2018/01/18 16:41:08	58.2	25.8	25.8	41.6	41.6	47.2	47.2	46.7	46.7	48.5	46.5	45.6	52.1	52.9	49.5	55.9	53.1	45.1	44.0	45.6	43.0	45.0	43.8	48.0	42.1	44.2	46.1	42.3	32.2	26.9	25.7	25.2	26.4
2018/01/18 16:41:09	55.8	24.1	24.1	38.9	38.9	46.9	46.9	47.9	47.9	47.7	47.0	42.8	36.7	45.9	42.9	41.7	42.3	43.3	41.6	41.4	39.5	40.6	44.0	46.2	44.4	47.9	47.5	43.1	37.7	31.0	29.6	29.5	27.7
2018/01/18 16:41:10	56.1	24.0	24.0	40.8	40.8	48.1	48.1	48.8	48.8	46.8	44.4	43.8	40.0	43.7	43.0	45.2	43.0	42.6	40.5	42.6	41.1	42.6	44.5	45.1	43.7	48.7	48.0	41.5	36.4	30.5	28.3	29.6	28.7
2018/01/18 16:41:11	47.7	25.6	25.6	38.3	38.3	47.3	47.3	49.9	49.9	46.5	45.2	42.7	36.9	44.2	40.0	39.2	40.2	38.4	36.8	36.9	35.7	35.0	34.0	38.3	33.0	32.9	32.4	29.7	25.0	23.0	22.5	22.7	21.3
2018/01/18 16:41:12	47.2	24.6	24.6	39.9	39.9	47.8	47.8	49.8	49.8	47.6	47.3	42.4	36.2	45.3	39.9	39.3	40.1	37.9	37.2	36.2	34.5	34.6	32.7	36.2	31.9	31.8	32.2	27.3	23.4	21.8	21.8	22.6	21.3
2018/01/18 16:41:13	47.3	25.6	25.6	41.1	41.1	48.7	48.7	50.6	50.6	47.9	46.6	43.6	37.1	42.3	37.9	37.3	37.9	39.6	35.9	35.8	35.8	37.8	35.3	35.7	33.2	32.3	31.4	27.2	22.4	21.0	21.2	22.0	20.7
2018/01/18 16:41:14	46.7	26.3	26.3	41.4	41.4	50.0	50.0	49.8	49.8	46.9	45.2	43.5	41.4	42.9	44.0	39.1	38.1	38.5	36.9	38.4	33.8	33.6	32.0	32.2	30.2	30.0	28.8	24.8	21.1	20.9	21.5	22.2	21.0
2018/01/18 16:41:15	45.5	24.2	24.2	39.6	39.6	48.7	48.7	48.3	48.3	45.1	46.3	43.0	35.9	42.5	36.7	38.2	41.0	36.6	36.2	34.3	33.4	34.0	30.7	30.9	28.4	29.5	27.1	23.1	20.5	20.7	21.2	22.1	21.0
2018/01/18 16:41:16	46.7	27.2	27.2	38.2	38.2	48.5	48.5	49.8	49.8	46.3	45.9	43.8	36.8	41.5	40.1	39.9	44.4	36.3	36.3	35.9	34.3	33.2	31.6	30.9	29.3	29.4	28.0	24.7	21.2	20.5	21.0	22.0	20.6
2018/01/18 16:41:17	44.4	24.9	24.9	40.3	40.3	46.9	46.9	46.1	46.1	47.1	46.1	42.4	36.1	37.6	36.7	35.9	37.5	35.6	34.9	34.7	32.2	31.8	31.4	31.1	29.6	28.7	28.2	25.3	22.3	20.7	21.3	22.0	20.5
2018/01/18 16:41:18	44.6	23.7	23.7	41.3	41.3	49.2	49.2	48.4	48.4	46.6	45.8	42.9	35.8	39.1	35.6	35.8	37.5	36.9	35.2	34.8	33.0	31.9	30.1	31.6	28.9	29.7	29.0	25.4	21.4	20.7	21.1	21.9	20.6
2018/01/18 16:41:19	45.3	24.0	24.0	38.1	38.1	47.1	47.1	47.4	47.4	45.0	44.6	44.7	36.8	39.0	37.6	36.6	37.4	37.0	36.2	36.2	34.7	32.0	32.0	32.2	29.6	29.9	29.3	27.0	22.7	21.1	21.5	22.2	20.8
2018/01/18 16:41:20	45.1	24.1	24.1	37.6	37.6	45.3	45.3	46.8	46.8	47.7	46.0	43.4	36.9	39.4	36.2	38.6	36.8	36.9	36.8	34.9	34.5	32.7	30.8	30.7	28.9	29.0	27.4	23.7	21.2	20.5	21.3	22.0	20.6
2018/01/18 16:41:21	46.6	25.7	25.7	38.7	38.7	45.8	45.8	47.0	47.0	46.3	46.0	42.3	35.6	40.0	37.5	41.1	43.4	37.4	37.5	36.1	33.9	33.0	33.8	32.3	29.3	28.6	27.2	23.3	20.4	20.7	21.2	22.3	20.8
2018/01/18 16:41:22	47.2	24.8	24.8	42.0	42.0	48.7	48.7	47.4	47.4	45.3	43.5	43.2	36.4	40.0	38.4	37.1	38.8	39.9	40.2	38.8	35.6	36.1	33.6	32.6	30.9	30.9	28.8	24.2	20.7	20.7	21.4	22.2	20.6
2018/01/18 16:41:23	48.1	24.3	24.3	39.6	39.6	46.2	46.2	47.7	47.7	47.7	46.0	41.6	35.5	41.2	41.8	37.9	38.9	38.9	40.0	39.9	38.2	37.7	34.5	33.8	33.1	32.4	28.9	24.5	20.3	20.3	21.1	22.2	20.9
2018/01/18 16:41:24	45.8	24.4	24.4	36.8	36.8	44.8	44.8	47.1	47.1	47.9	46.9	43.2	35.2	39.0	39.8	36.2	37.6	37.0	35.7	36.6	35.6	35.6	32.0	31.7	29.9	29.5	27.0	22.6	20.2	20.4	20.9	22.0	20.5
2018/01/18 16:41:25	46.0	24.5	24.5	39.4	39.4	47.4	47.4	47.6	47.6	47.7	46.0	42.3	35.5	39.6	37.8	34.7	37.7	39.8	37.5	36.8	36.3	33.4	32.0	31.1	29.9	29.2	26.8	23.0	20.7	20.2	21.0	21.8	20.7
2018/01/18 16:41:26	47.0	23.7	23.7	37.4	37.4	44.9	44.9	44.7	44.7	45.7	46.0	42.3	35.4	40.3	38.9	37.6	38.1	37.0	37.0	37.4	36.9	34.7	33.6	33.5	32.0	32.4	32.0	36.6	21.8	20.4	21.2	21.7	20.6
2018/01/18 16:41:27	44.3	24.6	24.6	39.5	39.5	47.2	47.2	46.4	46.4	46.4	45.3	40.6	36.2	40.6	35.5	35.8	35.4	35.2	35.1	35.0	33.8	32.9	30.6	31.2	28.3	28.5	27.7	24.0	20.5	20.5	20.9	21.9	20.7
2018/01/18 16:41:28	47.9	24.6	24.6	40.9	40.9	49.0	49.0	49.6	49.6	54.1	55.3	49.5	39.0	42.0	39.0	38.1	39.6	39.4	39.0	36.4	35.3	36.4	32.3	32.3	31.0	30.4	28.7	24.2	20.7	20.4	21.0	22.0	20.8
2018/01/18 16:41:29	52.5	28.2	28.2	47.5	47.5	52.3	52.3	50.1	50.1	61.6	63.4	56.3	43.2	45.3	42.2	44.0	41.9	41.2	40.5	39.5	39.2	39.9	35.3	34.6	33.5	32.4	29.8	24.7	20.4	20.6	21.2	22.2	20.8
2018/01/18 16:41:30	58.1	27.5	27.5	43.4	43.4	49.5	49.5	51.4	51.4	56.9	58.3	55.0	47.2	50.1	48.3	47.2	49.0	48.5	46.9	47.5	46.4	46.2	45.8	44.5	45.8	46.5	46.2	44.0	34.7	27.1	21.5	22.1	20.7
2018/01/18 16:41:31	53.9	25.4	25.4	41.2	41.2	48.7	48.7	51.8	51.8	58.4	60.0	57.3	47.5	47.4	44.1	44.7	46.0	45.1	45.3	42.9	42.1	41.6	40.3	37.3	37.2	36.0	32.7	27.0	21.0	20.4	21.0	21.8	20.5
2018/01/18 16:41:32	53.3	28.8	28.8	51.1	51.1	59.2	59.2	57.7	57.7	55.7	59.8	60.1	49.9	47.6	43.4	45.0	44.0	44.6	43.0	41.2	41.4	39.3	37.0	36.3	35.0	34.5	31.4	25.5	20.7	20.6	21.2	22.0	20.7
2018/01/18 16:41:33	50.9	31.1	31.1	47.2	47.2	58.3	58.3	59.0	59.0	55.3	53.0	56.1	45.5	47.3	41.6	43.7	41.0	42.0	41.6	40.0	39.0	38.1	35.8	34.0	33.1	32.6	30.5	25.0	20.9	20.1	20.9	21.9	20.7
2018/01/18 16:41:34	47.5	27.4	27.4	44.4	44.4	53.4	53.4	52.9	52.9	49.9	49.3	50.5	40.0	40.4	38.3	41.5	40.2	40.0	38.4	37.0	36.2	34.5	32.7	31.8	29.0	29.2	26.3	22.6	20.1	20.7	21.3	22.0	20.8
2018/01/18 16:41:35	46.0	26.9	26.9	40.6	40.6	50.0	50.0	50.0	50.0	46.5	45.8	44.8	38.3	40.1	38.6	38.3	39.7	36.8	37.3	35.8	34.8	35.2	31.4	31.8	30.0	29.9	28.4	24.9	20.8	20.5	21.0	21.8	20.8
2018/01/18 16:41:36	45.9	24.3	24.3	39.1	39.1	48.6	48.6	48.9	48.9	44.9	46.1	46.7	36.5	39.9	38.8	38.3	38.2	37.4	35.7	36.0	35.0	35.0	32.1	32.5	29.7	28.8	26.9	24.8	21.5	21.5	21.7	22.4	21.0
2018/01/18 16:41:37	45.1	25.6	25.6	37.6	37.6	47.2	47.2	48.2	48.2	44.3	44.1	42.9	37.2	38.5	38.0	38.4	37.6	37.3	35.5	36.1	34.1	34.3	30.9	31.5	28.0	27.6	26.0	22.6	20.1	20.2	21.0	21.8	20.7
2018/01/18 16:41:38	45.0	24.3	24.3	39.3	39.3	47.8	47.8	48.1	48.1	44.6	42.4	43.9	36.3	39.8	37.6	37.7	37.1	36.1	35.6	35.6	34.9	33.6	30.5	31.4	28.9	28.1	27.0	22.8	20.4	20.3	20.7	22.0	20.6
2018/01/18 16:41:39	46.1	24.8	24.8	40.9	40.9	48.5	48.5	48.9	48.9	46.1	41.4	42.0	36.7	39.2	38.0	37.1	39.5	38.5	38.5	36.5	35.9	34.3	32.1	32.3	29.1	29.0	27.0	23.1	20.4	21.0	21.4	22.4	20.8
2018/01/18 16:41:40	46.9	25.3	25.3	42.7	42.7	50.1	50.1	49.7	49.7	46.9	46.0	43.7	38.6	41.0	37.7	38.1	39.9	39.4	38.9	37.9	35.9	35.4	32.3	32.5	29.9	29.6	27.7	24.0	21.0	20.7	21.4	22.2	20.9
2018/01/18 16:41:41	46.7	25.2	25.2	42.8	42.8	49.5	49.5	47.8	47.8	44.1	45.0	42.7	38.5	41.8	39.6	39.0	40.0	38.3	38.5	37.5	36.8	34.8	32.2	32.1	30.7	29.0	26.9	22.8	20.4	20.9	21.4	22.2	20.9
2018/01/18 16:41:42	49.1	25.6	25.6	45.1	45.1	52.6	52.6	49.8	49.8	45.5	42.8	41.5	38.5	42.4	39.9	40.5	42.7	41.0	42.4	39.8	40.0	37.1	33.3	34.0	33.3	31.4	29.6	25.8	20.7	20.2	20.9	22.0	20.8
2018/01/18 16:41:43	50.7	26.0	26.0	44.0	44.0	51.1	51.1	49.0	49.0	45.5	44.4	43.8	41.4	44.7	40.8	43.2	42.9	42.1	44.1	43.1	39.8	38.9	35.7	35.7	34.2	32.4	31.0	26.8	21.4	20.3	20.8	21.8	20.6
2018/01/18 16:41:44	54.7	25.0	25.0	44.7	44.7	52.0	52.0	50.9	50.9	44.2	44.7	46.5	40.0	46.2	43.9	43.6	44.6	45.8	48.0	48.4	45.2	43.6	40.0	39.5	38.7	37.4	35.0	30.1	23.0	20.5	21.3	22.1	20.9
2018/01/18 16:41:45	58.0	24.7	24.7	39.9	39.9	52.0	52.0	53.1	53.1	46.0	47.8	50.3	42.0	47.9	45.0	45.0	48.5	48.0	51.1	52.2	48.1	48.5	43.0	41.9	41.6	40.0	38.6	33.8	24.5	22.0	21.8	22.7	21.2
2018/01/18 16:41:46	62.0	26.2	26.2	46.5	46.5	55.1	55.1	53.3	53.3	46.7	46.4	50.3	43.7	50.3	50.5	50.5	51.5	51.2	54.0	55.5	53.0	54.7	48.1	44.4	43.2	43.7	42.8	38.5	29.9	22.6	22.1	22.4	21.0
2018/01/18 16:41:47	70.6	25.4	25.4	48.7	48.7	55.1	55.1	51.0	51.0	49.7	49.9	54.0	50.3	57.6	56.3	55.2	59.2	60.8	63.8	65.1	62.1	62.0	55.2	49.3	48.3	49.5	49.4	47.5	39.9	29.6	26.8	25.5	22.7
2018/01/18 16:41:48	73.7	23.9	23.9	46.2	46.2	54.2	54.2	52.2	52.2	53.0	53.1	57.5	53.7	60.3	59.7	59.6	62.4	63.9	67.0	68.4	64.5	63.5	60.0	55.9	55.9	54.5	56.5	54.6	47.6	37.2	31.8	31.9	29.0
2018/01/18 16:41:49	64.3	25.9	25.9	42.6	42.6	50.8	50.8	52.3	52.3	51.6	48.5	51.6	52.6	58.7	53.4	51.6	53.5	53.5	56.8	58.0	57.4	54.0	49.4	46.0	45.1	43.8	42.9	38.8	30.5	24.8	22.0	22.3	20.9
2018/01/18 16:41:50	60.8	24.5	24.5	40.9	40.9	48.4	48.4	47.5	47.5	44.4	45.0	49.1	50.8	53.2	50.2	47.0	49.5	49.2	53.6	55.7	53.5	50.1	45.9	41.8	40.9	38.5	36.9	30.7	23.6	20.8	21.2	21.9	20.6
2018/01/18 16:41:51	58.0	24.7	24.7	39.1	39.1	46.2	46.2	46.0	46.0	44.4	44.4	48.6	48.8	51.4	46.8	44.8	46.4	46.5	50.1	53.0	50.7	47.1	43.0	39.4	37.8	35.4	31.5	26.1	20.9	20.2	20.9	21.7	20.7
2018/01/18 16:41:52	56.0	23.2	23.2	37.5	37.5	44.8	44.8	46.2	46.2	44.4	43.9	45.9	45.6	48.8	45.3	44.1	45.8	45.3	48.1	50.0	48.9	45.9	41.6	37.7	34.7	33.6	29.2	24.0	20.2	20.1	20.9	21.7	20.6
2018/01/18 16:41:53	54.1	25.2	25.2	38.2	38.2	44.4	44.4	44.9	44.9	42.1	42.9	46.0	45.3	47.7	44.4	42.1	43.9	42.6	47.2	47.8	46.4	44.0	39.4	36.0	33.5	31.5	27.7	24.4	20.2	20.0	20.9	21.8	20.7
2018/01/18 16:41:54	51.3	23.6	23.6	38.7	38.7	45.6	45.6	45.4	45.4	45.0	41.8	44.3	44.5	47.7	41.2	40.6	41.9	41.3	44.7	45.0	43.1	39.9	34.6	32.7	30.6	29.2	26.5	22.9	20.2	20.4	20.9	21.7	20.7
2018/01/18 16:41:55	49.0	23.7	23.7	39.1	39.1	47.5	47.5	48.1	48.1	44.9	41.9	43.8	38.8	43.3	39.8	37.2	40.2	40.1	41.8	42.8	39.7	37.8	34.3	33.4	29.9	29.3	27.1	23.6	20.9	21.0	21.3	22.1	20.8
2018/01/18 16:41:56	47.1	23.8	23.8	39.0	39.0	47.8	47.8	47.2	47.2	42.3	41.1	41.7	35.7	40.3	37.5	35.5	38.0	39.4	40.4	39.0	37.9	36.1	32.4	32.2	30.0	29.2	26.7	22.8	20.2	20.1	21.0	21.8	20.6
2018/01/18 16:41:57	46.2	24.3	24.3	38.7	38.7	47.7	47.7	48.2	48.2	44.0	41.2	42.6	36.7	39.2	37.2	37.0	37.5	37.9	38.6	38.6	35.5	34.7	31.8	32.1	29.9	29.7	26.3	22.9	20.2	20.5	20.8	21.8	20.6
2018/01/18 16:41:58	46.5	24.0	24.0	38.9	38.9	44.7	44.7	43.8	43.8	43.2	42.1	42.6	36.6	38.3	38.1	35.9	38.3	38.3	37.5	37.8	35.5	33.7	31.8	32.6	30.3	37.7	28.0	24.0	20.4	20.3	21.0	21.8	20.7
2018/01/18 16:41:59	46.7	23.3	23.3	40.2	40.2	47.5	47.5	46.7	46.7	45.0	41.6	42.1	36.4	39.1	36.9	36.5	37.7	38.4	38.5	39.5	37.6	34.7	31.8	32.1	31.3	31.9	27.6	23.1	20.2	20.4	21.1	21.9	20.5
2018/01/18 16:42:00	55.1	23.8	23.8	41.1	41.1	48.4	48.4	49.3	49.3	50.4	48.2	44.2	40.7	47.3	42.7	42.6	43.2	44.0	44.3	45.2	43.8	41.8	42.0	43.8	43.8	45.3	43.8	42.0	34.3	26.4	22.2	22.4	20.9
2018/01/18 16:42:01	55.8	26.4	26.4	42.2	42.2	49.8	49.8	49.1	49.1	51.6	51.4	48.5	42.8	47.3	45.6	44.1	46.8	45.7	45.8	46.5	44.6	43.3	43.4	44.1	44.6	44.7	42.8	38.7	29.1	21.2	20.9	21.7	20.5
2018/01/18 16:42:02	51.6	25.0	25.0	38.1	38.1	48.3	48.3	48.6	48.6	51.0	52.6	45.8	39.6	42.7	41.0	38.0	41.7	41.8	42.3	44.0	43.0	41.8	36.9	36.8	36.9	37.3	34.3	29.1	23.8	20.6	21.1	21.9	20.4
2018/01/18 16:42:03	54.8	25.1	25.1	40.8	40.8	49.4	49.4	48.7	48.7	58.5	59.9	49.8	38.9	44.5	42.2	40.6	42.6	44.7	45.2	48.0	46.7	44.7	38.2	37.9	38.0	40.1	38.1	33.0	26.0	21.0	21.7	21.9	20.9
2018/01/18 16:42:04	57.0	29.0	29.0	48.0	48.0	55.8	55.8	53.4	53.4	57.8	57.9	52.6	43.7	47.1	43.6	44.3	45.9	47.4	47.8	51.3	49.2	45.9	40.5	38.1	38.6	41.0	41.2	37.0	29.1	23.3	21.9	22.2	20.8
2018/01/18 16:42:05	60.0	26.2	26.2	53.1	53.1	59.9	59.9	55.9	55.9	57.8	52.7	53.1	48.1	47.5	45.4	47.8	50.9	50.2	51.6	54.6	51.3	48.9	43.3	41.5	42.0	44.7	43.0	40.3	33.5	24.9	24.4	23.2	22.6
2018/01/18 16:42:06	64.9	27.2	27.2	53.2	53.2	60.2	60.2	58.2	58.2	63.4	60.4	59.8	49.3	52.7	48.7	48.3	52.6	54.2	55.8	57.9	56.4	53.7	50.6	49.8	50.6	53.4	49.7	49.3	44.2	34.5	33.7	29.9	29.4
2018/01/18 16:42:07	66.1	30.8	30.8	49.9	49.9	58.9	58.9	57.5	57.5	63.4	63.0	56.0	51.3	55.6	51.8	48.8	52.0	54.4	54.8	57.7	56.6	55.0	51.7	52.8	54.9	56.7	53.6	49.6	43.2	36.1	34.2	29.4	29.4
2018/01/18 16:42:08	58.5	26.8	26.8	40.1	40.1	53.3	53.3	54.1	54.1	56.0	59.8	54.9	49.1	53.2	48.5	46.7	47.4	46.6	46.2	50.3	50.0	48.0	44.3	45.2	45.4	46.1	42.6	39.9	31.3	25.3	23.9	23.0	21.1
2018/01/18 16:42:09	54.6	25.7	25.7	37.1	37.1	50.8	50.8	52.6	52.6	46.8	51.1	51.6	45.2	50.4	47.3	44.0	45.1	43.6	43.8	46.0	46.2	44.4	40.6	40.9	40.4	40.5	37.0	31.6	24.2	21.4	21.3	21.9	20.7
2018/01/18 16:42:10	51.5	25.5	25.5	38.5	38.5	49.6	49.6	50.1	50.1	46.4	50.1	48.9	43.1	46.6	42.7	41.6	41.2	40.8	41.4	43.4	42.6	40.9	37.8	37.7	37.2	37.1	33.9	28.0	22.1	20.8	21.3	21.8	20.6
2018/01/18 16:42:11	49.8	24.5	24.5	41.0	41.0	49.5	49.5	49.5	49.5	49.5	52.1	47.1	42.4	45.4	41.9	39.7	40.1	39.8	40.0	41.4	41.4	38.5	35.0	36.1	33.8	33.8	30.1	24.9	20.6	20.1	20.9	21.6	20.6
2018/01/18 16:42:12	48.0	24.8	24.8	41.8	41.8	49.5	49.5	49.1	49.1	50.3	48.0	42.1	38.5	42.7	40.2	37.8	40.4	38.4	38.1	39.6	39.5	36.6	33.4	35.1	31.5	31.2	28.7	23.8	20.6	20.1	21.1	22.0	20.8
2018/01/18 16:42:13	47.0	25.1	25.1	43.9	43.9	49.2	49.2	48.4	48.4	48.4	42.4	43.5	39.1	42.1	39.4	37.7	40.9	37.5	36.8	38.6	37.6	35.6	32.3	32.7	30.8	30.2	27.4	22.6	20.1	20.3	20.8	21.7	20.7
2018/01/18 16:42:14	46.6	26.5	26.5	42.9	42.9	48.4	48.4	47.2	47.2	45.2	39.2	41.6	38.0	41.1	38.9	36.9	39.4	37.9	38.8	37.0	37.4	34.5	32.4	32.9	30.4	31.0	29.4	23.6	20.5	20.2	20.8	22.0	20.9
2018/01/18 16:42:15	46.9	25.4	25.4	39.6	39.6	45.5	45.5	45.3	45.3	43.4	41.7	41.9	38.0	42.2	40.4	39.2	40.1	38.1	38.9	37.4	35.4	33.7	33.3	35.6	31.2	31.0	28.6	23.0	20.5	20.4	21.1	21.9	20.6
2018/01/18 16:42:16	45.2	25.7	25.7	37.2	37.2	44.8	44.8	46.4	46.4	43.7	39.9	39.3	36.4	41.6	37.2	35.7	36.9	37.3	36.5	36.2	35.3	33.5	31.4	32.2	29.1	29.0	26.2	22.6	20.2	20.4	21.0	21.9	20.7
2018/01/18 16:42:17	50.8	28.0	28.0	42.8	42.8	50.5	50.5	48.5	48.5	44.5	42.8	48.0	49.2	43.3	41.2	46.7	48.0	39.9	38.7	38.9	37.7	38.5	36.9	39.0	34.1	32.7	30.7	25.1	21.5	20.5	21.0	22.1	20.7
2018/01/18 16:42:18	51.1	28.2	28.2	41.0	41.0	50.2	50.2	50.6	50.6	46.9	44.0	46.8	43.4	45.4	47.6	48.2	44.0	39.2	40.0	40.9	38.6	38.8	37.3	39.1	35.4	32.9	30.6	25.0	20.6	20.4	21.2	22.0	20.5
2018/01/18 16:42:19	51.8	26.3	26.3	41.0	41.0	50.2	50.2	50.9	50.9	44.7	42.2	42.7	40.2	45.6	48.2	47.6	45.7	42.1	41.6	42.2	40.6	39.7	37.3	39.9	35.6	33.6	32.0	26.0	20.4	20.4	21.0	21.9	20.5
2018/01/18 16:42:20	52.8	26.5	26.5	42.8	42.8	49.1	49.1	47.8	47.8	45.6	43.9	46.4	43.8	45.0	49.5	45.3	46.7	45.0	43.4	43.0	42.7	41.5	38.3	39.3	36.9	35.3	31.4	25.9	20.7	20.6	21.1	22.1	20.8
2018/01/18 16:42:21	53.7	26.7	26.7	44.3	44.3	51.1	51.1	48.7	48.7	45.0	41.7	44.6	41.0	44.1	45.5	42.0	44.7	43.2	43.7	45.8	44.6	44.8	41.4	39.9	40.5	38.3	34.0	30.7	22.4	20.6	21.1	22.0	20.6
2018/01/18 16:42:22	55.3	26.9	26.9	45.8	45.8	53.7	53.7	51.6	51.6	48.6	48.1	43.8	40.5	45.6	43.5	44.4	44.1	44.8	45.8	47.7	47.0	47.3	42.1	40.2	40.9	39.0	35.4	30.6	23.0	20.8	21.0	21.9	20.8
2018/01/18 16:42:23	57.8	26.2	26.2	44.9	44.9	53.1	53.1	51.2	51.2	50.0	49.3	47.1	42.9	46.9	45.0	45.4	46.4	47.4	48.7	51.1	49.1	49.7	44.4	42.2	42.7	42.0	39.8	35.5	26.9	21.8	21.5	21.9	21.0
2018/01/18 16:42:24	64.8	31.4	31.4	49.6	49.6	58.7	58.7	56.3	56.3	53.2	52.6	50.4	47.4	53.0	50.3	50.5	53.1	54.0	56.1	59.3	57.1	55.5	49.7	46.2	46.9	48.1	47.0	42.9	36.0	27.0	25.4	23.2	23.2
2018/01/18 16:42:25	71.3	38.4	38.4	57.8	57.8	67.1	67.1	64.3	64.3	57.7	57.2	53.7	52.6	57.6	55.2	57.1	57.3	60.1	61.8	65.1	62.6	61.3	59.4	56.5	58.7	56.7	55.2	52.2	44.8	37.3	33.7	33.3	34.2
2018/01/18 16:42:26	67.8	33.7	33.7	52.5	52.5	61.2	61.2	58.6	58.6	58.6	57.8	52.7	48.9	55.7	54.9	52.3	55.6	54.2	55.6	59.6	59.1	58.5	56.4	55.0	56.9	55.1	53.2	52.6	41.1	33.0	28.5	27.1	25.4
2018/01/18 16:42:27	59.4	28.6	28.6	45.1	45.1	52.2	52.2	51.0	51.0	52.5	53.6	50.9	47.3	49.8	50.0	49.3	49.7	48.0	49.7	52.3	51.3	48.6	46.3	45.6	46.5	43.3	40.3	35.8	25.8	22.0	21.3	22.1	20.9
2018/01/18 16:42:28	59.1	29.6	29.6	47.9	47.9	54.0	54.0	51.5	51.5	47.6	45.7	48.9	45.7	49.1	46.5	46.4	48.1	48.4	49.2	53.3	49.9	49.6	47.2	45.5	43.3	42.1	39.0	33.9	25.6	21.6	21.4	22.1	20.8
2018/01/18 16:42:29	63.8	30.0	30.0	50.0	50.0	56.7	56.7	53.7	53.7	49.5	48.1	49.3	49.7	52.2	50.6	49.2	50.8	53.5	54.6	57.3	55.7	55.4	51.5	48.1	46.6	48.4	47.2	42.8	34.9	28.9	25.4	24.0	24.4
2018/01/18 16:42:30	71.0	28.3	28.3	52.1	52.1	58.1	58.1	52.5	52.5	55.9	54.1	54.8	53.9	56.1	52.7	55.1	58.1	60.1	61.5	65.1	62.8	62.0	59.9	56.2	54.0	54.9	53.7	50.7	43.1	37.6	31.5	32.2	31.9
2018/01/18 16:42:31	65.9	26.5	26.5	49.0	49.0	54.7	54.7	53.8	53.8	53.7	50.7	51.8	48.7	54.4	54.8	52.1	53.3	55.0	55.0	57.8	56.6	56.4	56.5	53.5	51.6	52.2	50.1	46.9	39.1	32.7	26.3	25.6	22.9
2018/01/18 16:42:32	58.7	26.4	26.4	43.7	43.7	52.4	52.4	52.8	52.8	52.1	51.0	50.3	46.4	51.8	51.6	47.1	50.1	50.1	49.2	50.6	50.1	48.4	47.3	44.9	42.1	40.6	37.7	32.0	24.4	21.4	21.1	22.1	20.9
2018/01/18 16:42:33	55.8	24.2	24.2	41.6	41.6	48.5	48.5	47.3	47.3	47.7	45.4	44.7	41.5	49.4	47.1	43.8	45.1	44.6	45.5	48.3	47.3	46.1	45.8	43.2	39.9	37.7	34.5	29.0	22.1	20.8	21.3	22.2	20.9
2018/01/18 16:42:34	54.4	25.2	25.2	40.5	40.5	46.6	46.6	47.0	47.0	44.9	43.8	44.7	40.2	45.9	44.4	40.9	44.8	45.1	44.2	46.6	46.2	44.8	44.0	41.2	37.9	35.9	33.1	27.1	20.9	20.6	21.0	21.9	20.5
2018/01/18 16:42:35	53.4	25.1	25.1	41.4	41.4	46.7	46.7	45.1	45.1	44.1	41.0	44.6	40.0	46.6	43.2	41.6	43.6	43.4	42.8	44.9	45.0	44.3	43.5	40.7	36.5	34.8	31.7	25.8	20.9	20.4	20.8	21.9	20.8
2018/01/18 16:42:36	52.1	26.1	26.1	41.4	41.4	48.0	48.0	47.5	47.5	45.0	43.6	45.2	40.3	46.0	43.5	40.7	41.7	40.9	41.7	43.6	44.4	43.3	41.3	38.6	34.9	33.7	30.1	24.1	20.3	20.5	20.9	21.9	20.8
2018/01/18 16:42:37	50.8	25.1	25.1	43.3	43.3	49.5	49.5	47.8	47.8	45.4	42.6	44.5	43.3	44.4	42.6	39.8	42.2	41.4	41.3	42.6	42.6	40.8	39.1	36.6	33.3	32.2	29.3	25.2	21.2	21.1	21.1	22.0	20.8
2018/01/18 16:42:38	49.3	25.3	25.3	40.0	40.0	47.1	47.1	46.8	46.8	45.6	43.5	42.3	39.4	43.9	41.4	39.1	40.6	41.0	40.4	41.5	40.7	38.9	36.7	34.1	31.6	30.9	28.2	23.7	20.1	20.7	21.2	22.1	21.0
2018/01/18 16:42:39	47.5	24.9	24.9	42.9	42.9	49.5	49.5	47.2	47.2	42.3	40.5	40.8	37.7	42.4	40.8	37.3	38.8	38.7	38.3	39.0	38.1	37.0	35.5	33.5	31.2	30.4	27.8	23.6	19.9	19.9	20.9	21.9	20.6
2018/01/18 16:42:40	46.3	24.5	24.5	40.2	40.2	48.5	48.5	48.2	48.2	43.7	40.3	39.8	35.8	41.5	38.0	37.5	38.1	37.4	37.3	37.5	37.0	35.8	33.8	32.2	30.7	29.3	26.9	23.2	20.3	20.5	21.2	22.0	20.7
2018/01/18 16:42:41	45.7	25.0	25.0	43.0	43.0	50.3	50.3	47.2	47.2	43.4	42.0	38.9	34.5	40.4	37.9	35.5	38.0	37.6	36.7	36.9	36.7	33.9	32.7	31.0	30.3	29.2	27.5	23.8	20.4	20.6	21.0	22.0	20.9
2018/01/18 16:42:42	45.8	24.7	24.7	40.8	40.8	48.3	48.3	48.8	48.8	43.0	41.5	40.3	36.9	39.1	36.6	35.8	38.3	37.8	38.4	36.8	36.3	35.0	31.7	30.9	29.6	28.9	26.5	23.0	20.1	20.4	20.9	21.9	20.8
2018/01/18 16:42:43	45.2	25.9	25.9	39.4	39.4	49.1	49.1	49.9	49.9	42.3	40.2	41.1	37.0	39.7	39.3	36.0	38.0	37.7	36.6	36.5	34.9	32.9	31.3	29.9	28.8	28.5	26.9	23.2	20.2	20.4	20.9	21.9	20.4
2018/01/18 16:42:44	45.0	25.3	25.3	38.1	38.1	46.2	46.2	47.6	47.6	43.7	40.8	40.3	35.1	39.7	37.7	36.4	37.4	37.7	37.4	36.8	34.6	32.5	30.6	28.8	28.5	27.7	25.5	22.6	20.2	20.2	21.0	21.8	20.8
2018/01/18 16:42:45	44.6	25.2	25.2	40.7	40.7	47.9	47.9	46.1	46.1	41.9	40.3	41.5	37.8	40.6	37.9	34.9	38.9	37.3	35.5	34.7	33.7	32.1	29.4	28.9	29.7	29.0	27.1	23.2	20.3	20.3	21.0	21.8	20.6
2018/01/18 16:42:46	44.1	24.5	24.5	40.3	40.3	48.0	48.0	47.7	47.7	44.4	42.8	41.7	34.9	38.1	37.6	36.2	37.7	36.3	35.1	34.8	33.4	31.3	29.7	28.6	27.8	27.8	26.2	22.9	20.4	20.5	21.2	22.2	20.7
2018/01/18 16:42:47	46.9	25.0	25.0	41.2	41.2	49.0	49.0	48.2	48.2	48.2	46.6	42.3	39.5	42.5	41.6	41.0	40.8	39.0	35.8	36.1	35.6	33.7	33.3	32.2	32.7	31.9	29.6	26.0	21.6	20.7	21.1	22.2	21.0
2018/01/18 16:42:48	46.5	25.8	25.8	39.5	39.5	48.1	48.1	49.4	49.4	45.9	43.4	42.8	39.0	41.0	38.0	38.5	40.3	37.8	37.6	37.7	36.5	34.5	33.5	31.0	29.9	29.6	27.0	24.4	20.6	20.7	21.1	21.9	21.0
2018/01/18 16:42:49	49.3	26.0	26.0	42.1	42.1	48.4	48.4	47.2	47.2	45.6	43.6	43.3	38.4	40.6	41.0	39.6	41.0	41.4	40.6	43.2	38.2	37.9	35.3	35.1	32.5	31.7	29.4	24.8	20.5	20.2	20.9	21.7	20.7
2018/01/18 16:42:50	48.9	25.9	25.9	43.3	43.3	48.5	48.5	44.9	44.9	43.7	42.5	43.4	40.2	39.9	39.0	39.5	40.6	40.1	39.5	42.2	39.6	37.9	35.6	34.4	32.4	31.4	28.8	24.7	20.6	20.2	20.9	21.9	20.7
2018/01/18 16:42:51	50.5	26.1	26.1	43.0	43.0	50.1	50.1	47.6	47.6	47.5	46.1	47.2	40.3	42.7	41.9	41.8	43.6	41.0	40.9	42.2	42.1	39.7	37.1	35.6	34.6	33.2	31.6	28.1	22.3	20.9	21.0	22.2	21.6
2018/01/18 16:42:52	49.2	27.2	27.2	44.6	44.6	49.8	49.8	45.9	45.9	43.5	40.8	41.8	38.2	42.6	42.1	38.3	41.1	39.8	40.5	41.2	40.0	37.9	37.1	34.6	34.6	34.2	29.1	26.8	21.2	20.4	20.9	22.1	21.2
2018/01/18 16:42:53	49.8	26.8	26.8	43.0	43.0	49.6	49.6	48.5	48.5	44.1	41.3	41.6	36.9	43.9	41.3	38.7	39.6	41.0	40.0	41.6	41.6	38.8	37.8	35.7	35.8	33.6	31.4	27.6	22.4	20.5	21.1	22.3	21.4
2018/01/18 16:42:54	50.4	26.5	26.5	40.3	40.3	47.3	47.3	47.6	47.6	45.2	41.4	44.9	39.1	48.9	46.9	40.5	41.3	40.7	40.1	41.4	41.2	38.6	36.7	35.1	34.9	33.3	30.9	27.8	23.7	21.3	21.4	22.8	22.4
2018/01/18 16:42:55	48.4	30.0	30.0	45.1	45.1	49.1	49.1	46.6	46.6	45.6	42.4	43.3	37.6	42.6	41.6	38.5	39.2	39.2	39.5	40.8	39.2	36.9	34.6	33.6	33.0	32.4	30.0	25.3	21.2	20.4	20.8	25.2	20.9
2018/01/18 16:42:56	49.5	29.5	29.5	44.5	44.5	50.5	50.5	49.6	49.6	46.0	43.6	42.4	38.8	41.9	41.1	41.6	39.0	39.7	40.4	40.6	41.0	39.4	36.9	35.7	34.5	34.2	30.8	26.7	21.3	20.8	21.2	26.4	21.2
2018/01/18 16:42:57	50.2	27.4	27.4	41.9	41.9	50.2	50.2	50.3	50.3	45.6	43.0	42.8	38.9	42.0	40.4	38.4	41.5	39.8	41.7	42.1	42.3	39.6	37.7	35.5	34.9	35.4	32.3	27.8	22.5	20.8	21.3	25.6	21.3
2018/01/18 16:42:58	51.8	28.1	28.1	41.6	41.6	49.5	49.5	49.5	49.5	44.7	42.3	45.2	40.1	43.5	42.6	40.8	41.9	41.8	42.9	43.6	42.9	42.4	40.1	36.9	36.7	37.6	34.7	29.3	23.1	21.0	21.3	22.4	20.8
2018/01/18 16:42:59	54.5	25.2	25.2	43.4	43.4	51.3	51.3	49.7	49.7	45.9	45.2	45.6	42.2	44.5	44.2	42.6	43.4	43.2	43.8	47.0	46.4	46.2	42.5	38.8	38.5	39.8	38.0	33.0	25.8	21.7	21.5	22.3	21.0
2018/01/18 16:43:00	56.8	25.4	25.4	45.3	45.3	52.2	52.2	50.3	50.3	45.2	44.9	46.3	40.0	44.7	44.3	44.1	45.8	45.1	46.8	49.0	48.6	48.8	45.8	41.4	40.2	41.7	40.9	36.9	29.2	22.6	22.7	22.3	21.1
2018/01/18 16:43:01	59.3	30.8	30.8	47.1	47.1	51.7	51.7	49.2	49.2	46.3	45.6	47.3	41.9	46.7	46.1	43.4	47.1	46.7	48.2	52.2	51.3	51.8	48.3	43.0	42.4	43.0	42.9	40.8	33.2	25.3	24.5	23.6	22.6
2018/01/18 16:43:02	64.0	32.4	32.4	47.3	47.3	52.2	52.2	50.5	50.5	48.1	46.7	51.1	46.2	49.9	51.0	49.2	50.9	51.0	53.6	56.7	57.3	54.6	52.5	49.0	48.6	48.6	48.2	46.0	39.4	33.8	31.0	30.3	28.0
2018/01/18 16:43:03	64.6	40.9	40.9	51.2	51.2	53.7	53.7	53.9	53.9	51.1	50.6	54.2	49.8	54.2	54.3	50.6	52.6	51.9	54.7	57.3	57.0	55.6	52.4	49.8	48.3	49.6	49.9	46.3	38.2	31.3	28.8	28.4	26.4
2018/01/18 16:43:04	64.9	36.6	36.6	48.6	48.6	53.1	53.1	53.1	53.1	51.4	53.7	56.3	51.1	54.7	52.2	50.8	53.6	54.8	57.0	58.3	58.0	54.4	50.6	47.6	47.1	48.2	46.3	43.6	38.2	32.8	30.3	30.1	29.2
2018/01/18 16:43:05	62.0	36.5	36.5	50.1	50.1	54.3	54.3	53.2	53.2	51.2	52.4	54.5	48.9	51.9	50.8	50.4	53.0	51.6	51.3	54.9	54.8	52.2	48.6	45.7	45.5	46.7	46.8	42.0	34.9	29.3	27.1	26.1	25.2
2018/01/18 16:43:06	54.9	33.3	33.3	47.2	47.2	53.2	53.2	51.3	51.3	47.9	48.4	52.8	47.6	48.3	47.3	43.7	46.8	45.2	45.8	45.5	45.8	44.6	42.9	40.1	39.8	40.5	37.1	31.9	24.9	22.0	21.4	22.2	21.1
2018/01/18 16:43:07	55.1	29.5	29.5	43.9	43.9	49.3	49.3	49.7	49.7	49.0	47.2	52.4	46.0	47.8	44.8	44.4	45.5	48.3	47.6	45.1	44.0	44.9	42.5	39.9	40.4	42.0	37.8	33.5	26.0	22.8	22.3	22.8	21.6
