DataTime                     	dB(A)	16	20	25	31.5	40	50	63	80	100	125	160	200	250	315	400	500	630	800	1000	1250	1600	2000	2500	3150	4000	5000	6300	8000	10000	12500	16000	20000
2018/01/18 18:08:25	51.1	29.3	29.3	42.5	42.5	53.3	53.3	54.1	54.1	48.8	44.6	43.8	39.6	42.9	37.5	36.5	39.5	39.4	37.3	37.8	37.8	46.6	42.0	34.2	33.6	33.9	31.9	28.0	24.4	23.5	22.9	23.3	22.4
2018/01/18 18:08:26	48.7	26.7	26.7	42.8	42.8	52.7	52.7	53.0	53.0	46.7	42.9	44.0	38.7	42.8	38.3	37.6	39.3	36.5	39.6	38.2	39.0	40.1	39.5	32.6	32.7	32.8	31.8	28.5	24.9	23.8	22.8	23.0	21.9
2018/01/18 18:08:27	51.1	30.1	30.1	44.5	44.5	56.7	56.7	56.6	56.6	46.4	42.7	42.1	38.5	41.3	36.9	38.5	41.0	40.0	36.3	36.1	36.5	42.3	46.8	32.9	30.6	33.2	29.7	27.7	22.6	21.5	21.4	22.1	21.0
2018/01/18 18:08:28	51.0	29.3	29.3	48.8	48.8	58.2	58.2	56.0	56.0	44.8	42.2	42.8	39.8	41.5	39.6	38.8	40.8	36.0	36.3	36.8	35.8	40.9	47.4	31.1	29.4	31.2	31.0	26.5	24.2	22.1	21.9	22.6	21.6
2018/01/18 18:08:28	51.4	26.8	26.8	40.0	40.0	48.8	48.8	48.8	48.8	44.0	42.0	41.1	36.4	41.5	38.0	37.5	40.3	38.2	38.1	39.3	38.1	42.8	46.3	33.0	33.2	37.7	36.6	33.8	24.0	22.2	21.9	22.7	21.6
2018/01/18 18:08:30	53.1	26.7	26.7	41.4	41.4	49.6	49.6	49.5	49.5	47.8	42.9	42.4	36.4	40.1	41.8	37.9	37.6	38.5	38.8	38.4	38.3	42.2	49.4	34.7	35.9	41.8	30.1	28.0	24.6	22.6	22.4	22.8	21.5
2018/01/18 18:08:31	50.2	25.7	25.7	44.1	44.1	51.5	51.5	49.5	49.5	46.5	42.3	42.1	36.9	40.4	38.0	37.6	36.8	37.7	37.9	38.4	38.5	42.8	43.9	33.5	33.9	33.9	34.7	30.4	26.4	24.0	23.3	23.5	22.2
2018/01/18 18:08:31	53.3	26.2	26.2	42.3	42.3	51.1	51.1	50.2	50.2	45.8	42.7	44.1	40.5	45.4	41.9	43.0	42.9	41.4	41.3	41.2	41.5	47.8	42.5	39.6	37.0	37.8	38.9	32.7	24.1	21.4	21.4	22.0	20.9
2018/01/18 18:08:33	51.8	28.3	28.3	42.7	42.7	52.1	52.1	51.1	51.1	45.7	44.1	43.8	41.4	46.0	44.6	45.1	43.8	44.0	42.2	42.2	41.1	42.5	38.8	36.9	37.3	35.8	30.8	28.1	23.2	20.7	21.0	22.2	20.8
2018/01/18 18:08:34	46.3	27.5	27.5	44.3	44.3	51.3	51.3	48.1	48.1	43.9	41.2	41.7	38.1	40.3	37.4	40.4	39.6	37.9	35.1	36.4	35.5	35.3	34.5	33.0	30.9	29.5	26.0	26.4	22.0	20.7	21.0	21.9	20.9
2018/01/18 18:08:35	45.8	25.3	25.3	46.3	46.3	54.5	54.5	52.0	52.0	45.3	43.4	42.7	40.1	40.6	36.7	36.4	37.7	36.0	35.2	36.4	36.1	34.2	34.4	32.6	30.6	30.5	27.9	25.7	22.7	21.5	21.8	22.3	21.2
2018/01/18 18:08:35	46.7	26.7	26.7	43.7	43.7	53.2	53.2	51.9	51.9	46.2	44.0	44.1	40.3	41.9	38.5	36.2	38.0	36.3	36.8	36.2	36.5	35.6	34.4	32.7	31.8	31.8	32.2	31.4	28.0	26.5	25.8	26.8	26.2
2018/01/18 18:08:36	45.5	25.5	25.5	42.3	42.3	50.8	50.8	49.9	49.9	45.7	43.9	43.3	37.5	40.4	39.4	37.2	37.4	36.5	35.5	36.2	35.1	33.9	33.3	31.1	29.3	28.8	26.3	24.3	22.7	21.1	21.3	22.3	21.0
2018/01/18 18:08:38	45.2	26.7	26.7	43.7	43.7	51.8	51.8	50.6	50.6	46.3	42.4	43.3	39.2	41.9	38.9	35.7	37.1	35.2	34.7	35.9	34.8	33.3	33.6	30.7	29.0	28.5	26.2	24.8	22.8	20.8	21.2	22.1	20.8
2018/01/18 18:08:39	50.2	28.3	28.3	47.7	47.7	55.5	55.5	53.0	53.0	47.1	42.7	45.2	39.0	41.4	37.7	38.0	37.7	37.1	37.2	39.1	39.0	46.4	35.4	32.6	31.3	30.6	28.6	25.9	23.5	22.1	21.8	22.5	21.5
2018/01/18 18:08:40	48.9	27.9	27.9	47.8	47.8	55.7	55.7	52.5	52.5	48.7	45.8	44.8	38.1	40.7	38.2	36.9	39.0	37.6	35.1	37.3	38.0	41.6	41.0	36.3	30.1	30.9	27.6	25.0	21.7	20.9	20.9	21.9	20.6
2018/01/18 18:08:40	49.5	29.5	29.5	45.3	45.3	54.8	54.8	53.3	53.3	47.9	46.5	44.2	38.6	42.4	39.3	37.0	40.3	38.2	36.7	38.4	36.8	38.3	40.5	42.6	30.6	32.6	29.7	27.3	23.8	21.7	21.6	22.5	21.2
2018/01/18 18:08:41	48.2	28.7	28.7	43.8	43.8	54.6	54.6	54.4	54.4	47.8	47.1	45.3	37.9	42.0	38.7	38.8	38.5	37.7	36.5	37.5	37.0	38.3	38.7	37.3	33.9	30.6	28.3	24.1	22.0	20.5	21.0	21.6	20.6
2018/01/18 18:08:43	46.7	25.6	25.6	44.0	44.0	53.5	53.5	53.1	53.1	48.4	48.2	46.2	38.6	40.3	37.6	36.8	38.8	37.1	38.7	35.8	35.4	36.4	34.5	32.5	32.1	28.9	27.0	23.9	21.0	20.5	21.0	21.9	20.9
2018/01/18 18:08:44	47.3	27.0	27.0	41.6	41.6	53.2	53.2	54.1	54.1	47.8	46.4	46.3	36.8	38.7	38.1	37.8	38.1	36.8	40.7	38.1	37.9	36.8	33.7	31.4	30.3	29.3	28.0	24.5	21.6	21.1	21.1	22.1	21.2
2018/01/18 18:08:45	47.3	24.1	24.1	39.6	39.6	49.9	49.9	50.9	50.9	48.4	47.3	45.2	39.3	41.8	40.7	38.7	37.9	37.8	35.0	36.8	36.7	37.5	38.3	31.8	29.8	29.5	28.8	26.0	22.7	21.5	21.8	22.7	21.4
2018/01/18 18:08:46	49.7	25.3	25.3	39.5	39.5	49.9	49.9	51.8	51.8	47.7	45.8	45.3	38.2	42.0	38.3	39.7	39.1	39.5	39.3	38.5	38.5	43.2	40.3	31.3	30.2	32.3	32.7	28.6	25.8	22.8	22.4	23.0	21.8
2018/01/18 18:08:47	50.2	27.1	27.1	38.9	38.9	46.9	46.9	49.4	49.4	48.1	43.5	48.0	46.1	49.2	44.5	39.8	41.2	39.5	37.8	37.3	40.0	41.4	39.9	34.0	32.9	33.8	32.0	28.7	25.0	23.3	22.6	23.6	22.3
2018/01/18 18:08:48	50.5	25.7	25.7	40.4	40.4	47.1	47.1	48.4	48.4	48.0	44.1	48.5	44.6	46.2	42.4	40.9	42.7	40.3	38.5	38.6	39.9	43.8	37.5	34.5	34.0	34.4	31.4	29.5	25.6	23.4	22.5	22.8	21.8
2018/01/18 18:08:49	48.7	25.6	25.6	41.2	41.2	48.4	48.4	47.6	47.6	45.8	44.3	46.6	44.3	45.8	42.3	40.7	42.6	39.0	37.2	37.9	37.4	39.3	35.4	32.9	32.2	32.8	30.7	27.9	24.5	23.1	21.9	22.7	21.4
2018/01/18 18:08:50	50.3	26.5	26.5	41.1	41.1	48.5	48.5	48.0	48.0	46.6	43.6	46.2	44.4	47.5	42.8	42.5	43.8	39.4	38.1	38.7	41.0	41.6	37.1	34.6	34.2	35.4	32.5	30.1	27.0	24.0	22.5	22.9	21.6
2018/01/18 18:08:51	53.5	25.4	25.4	40.7	40.7	49.0	49.0	48.5	48.5	46.6	44.4	47.9	43.8	48.1	43.3	42.7	42.9	40.1	39.7	41.2	43.6	48.4	41.5	37.9	36.9	37.9	37.0	32.7	27.1	24.5	22.6	22.8	21.6
2018/01/18 18:08:52	52.3	26.0	26.0	40.6	40.6	48.1	48.1	48.7	48.7	46.8	47.2	47.5	43.3	46.0	41.1	41.1	41.7	39.5	39.1	39.6	46.5	44.7	39.2	35.6	37.3	36.4	32.8	27.7	23.7	21.5	21.3	22.1	20.8
2018/01/18 18:08:53	47.0	27.5	27.5	45.1	45.1	53.2	53.2	51.7	51.7	48.1	50.2	47.7	39.2	43.2	38.0	38.1	39.2	36.5	36.8	36.8	37.0	36.8	34.7	33.1	30.4	28.1	26.3	24.0	21.1	20.7	20.9	21.9	20.7
2018/01/18 18:08:54	52.8	26.8	26.8	44.6	44.6	52.9	52.9	51.6	51.6	47.9	48.5	46.7	38.6	42.6	41.4	47.5	42.5	40.9	42.6	42.8	42.2	40.5	43.9	43.4	37.6	33.9	32.1	29.8	26.9	25.6	24.5	26.0	25.2
2018/01/18 18:08:54	52.2	28.5	28.5	44.1	44.1	53.5	53.5	54.4	54.4	52.4	45.7	47.7	41.8	45.1	42.0	44.1	41.7	40.0	40.5	40.5	41.2	41.9	44.5	41.8	36.9	35.3	34.0	30.5	28.4	25.1	23.2	23.8	22.5
2018/01/18 18:08:56	52.7	25.3	25.3	41.9	41.9	52.2	52.2	54.3	54.3	50.7	46.6	46.2	39.9	42.3	41.7	40.5	38.8	37.3	39.6	40.9	48.2	43.2	41.3	38.0	35.2	34.7	34.1	33.3	32.8	27.0	24.5	24.6	23.2
2018/01/18 18:08:57	55.7	27.7	27.7	46.2	46.2	52.5	52.5	52.6	52.6	51.3	49.5	49.1	41.8	46.6	44.8	48.2	45.9	43.9	44.7	46.0	46.3	46.8	47.0	42.2	40.4	41.1	33.2	29.3	31.5	25.8	24.0	23.4	21.7
2018/01/18 18:08:58	54.0	28.8	28.8	46.8	46.8	54.3	54.3	53.1	53.1	53.4	54.6	52.8	43.0	45.3	42.5	43.7	43.4	43.8	43.8	46.7	44.9	43.6	42.4	40.9	38.5	36.2	35.1	31.2	27.9	24.5	23.1	23.3	22.2
2018/01/18 18:08:59	53.2	27.1	27.1	44.3	44.3	51.9	51.9	51.3	51.3	50.5	50.7	51.6	46.9	49.1	45.8	45.5	43.7	45.4	41.8	40.7	42.0	45.6	40.2	39.1	37.5	36.8	32.8	28.2	23.8	22.5	21.9	22.6	21.5
2018/01/18 18:09:00	53.7	27.2	27.2	45.1	45.1	53.7	53.7	52.7	52.7	50.8	52.1	50.9	43.4	45.9	45.0	45.5	46.7	43.0	42.9	44.1	40.0	39.8	47.9	36.8	34.3	36.0	32.0	29.2	23.5	21.8	21.7	22.5	21.4
2018/01/18 18:09:01	52.0	28.3	28.3	46.3	46.3	56.1	56.1	54.8	54.8	48.7	51.9	52.3	44.6	47.5	44.6	44.3	42.9	43.3	44.7	42.4	41.1	40.0	37.9	36.5	35.1	34.2	33.4	30.8	25.2	22.2	21.8	22.4	21.4
2018/01/18 18:09:02	51.7	27.0	27.0	46.5	46.5	55.6	55.6	56.5	56.5	53.4	48.4	50.1	42.3	47.7	45.9	41.9	43.8	43.0	42.1	42.2	40.5	39.3	40.9	36.1	35.2	34.9	35.0	31.2	26.7	24.2	23.4	23.2	22.2
2018/01/18 18:09:03	51.7	28.3	28.3	47.3	47.3	55.6	55.6	54.5	54.5	50.3	48.2	47.0	41.3	44.2	42.6	41.4	43.2	39.4	39.8	40.7	39.0	45.6	42.0	34.1	33.4	35.1	35.6	32.8	28.6	24.7	24.6	24.3	24.0
2018/01/18 18:09:04	51.3	30.6	30.6	48.1	48.1	58.0	58.0	57.1	57.1	50.8	49.4	47.1	40.1	43.2	41.6	39.6	41.1	38.7	38.7	40.3	38.5	39.8	45.0	41.0	33.3	34.2	33.0	29.5	25.6	23.4	22.4	22.9	21.9
2018/01/18 18:09:05	51.9	26.0	26.0	48.8	48.8	54.9	54.9	54.6	54.6	52.0	45.7	46.6	40.5	41.9	40.9	41.4	41.5	41.0	41.0	40.0	41.4	40.6	46.4	36.5	33.6	35.4	32.0	27.3	23.7	22.0	21.7	22.2	21.3
2018/01/18 18:09:06	54.8	27.4	27.4	47.5	47.5	53.5	53.5	52.8	52.8	49.5	44.8	47.9	47.0	52.1	48.2	43.6	45.8	43.9	43.2	44.9	45.0	45.9	44.2	37.7	39.5	41.2	37.3	34.0	29.6	25.4	24.5	25.1	24.3
2018/01/18 18:09:07	55.8	27.6	27.6	46.0	46.0	51.5	51.5	49.6	49.6	48.9	48.0	50.0	45.8	52.0	48.1	44.2	43.6	44.8	42.9	45.7	46.1	46.6	45.0	40.5	41.9	45.3	39.7	36.0	31.7	28.5	24.1	23.8	22.2
2018/01/18 18:09:08	51.6	26.2	26.2	43.4	43.4	50.3	50.3	50.2	50.2	48.3	46.7	46.8	42.5	45.2	45.8	42.9	43.2	41.1	38.8	41.1	42.6	41.1	41.6	38.1	35.7	37.7	35.5	32.5	27.6	23.6	22.3	22.8	21.6
2018/01/18 18:09:08	56.2	26.7	26.7	45.0	45.0	52.5	52.5	55.5	55.5	55.7	49.4	48.2	41.7	45.9	43.6	42.5	43.6	41.5	42.8	43.8	46.7	49.3	48.1	43.9	40.7	41.7	39.3	35.6	31.0	26.2	24.7	24.2	22.7
2018/01/18 18:09:10	56.7	27.6	27.6	43.1	43.1	50.6	50.6	54.6	54.6	58.5	57.7	54.6	48.7	49.4	43.4	44.8	45.6	46.0	45.0	44.0	45.4	47.6	48.5	44.0	43.4	42.2	40.3	36.5	32.7	26.4	23.4	24.4	22.3
2018/01/18 18:09:11	55.7	26.4	26.4	41.9	41.9	49.6	49.6	51.1	51.1	51.5	51.0	51.9	47.1	50.5	44.3	45.6	45.9	43.2	41.7	43.1	45.1	48.8	45.9	40.8	42.1	41.6	40.1	36.8	33.2	25.4	23.7	24.9	22.1
2018/01/18 18:09:12	54.0	24.9	24.9	41.7	41.7	48.8	48.8	49.1	49.1	47.8	48.1	51.5	46.8	48.9	43.3	46.1	47.7	43.6	39.7	38.6	42.0	45.7	44.1	39.9	40.1	40.4	39.3	35.1	29.1	24.3	23.3	23.2	21.5
2018/01/18 18:09:13	59.3	26.1	26.1	43.9	43.9	49.6	49.6	49.6	49.6	46.5	45.1	55.2	55.1	52.9	43.0	45.0	48.0	51.7	46.4	52.3	45.3	51.5	47.1	47.6	45.6	39.9	38.0	31.5	27.7	24.1	22.7	23.0	21.4
2018/01/18 18:09:14	52.6	26.4	26.4	44.9	44.9	51.3	51.3	49.1	49.1	47.0	48.2	51.5	48.2	47.6	39.5	43.0	47.1	45.2	38.7	38.5	40.8	43.7	42.2	37.4	38.1	36.7	35.6	30.6	26.2	23.1	21.9	23.1	21.3
2018/01/18 18:09:15	52.9	24.9	24.9	42.8	42.8	49.3	49.3	48.2	48.2	45.9	45.2	49.6	46.9	51.1	42.7	42.3	47.7	44.9	41.5	42.0	41.7	41.8	40.5	36.8	38.6	37.4	37.0	32.8	29.0	25.8	24.2	24.3	22.7
2018/01/18 18:09:16	51.0	25.1	25.1	41.9	41.9	50.1	50.1	49.6	49.6	47.0	46.4	49.3	46.0	46.1	40.4	41.0	41.9	43.2	39.6	39.6	40.0	40.6	38.4	36.9	37.3	37.5	38.1	34.6	30.6	27.2	25.6	25.6	24.2
2018/01/18 18:09:17	50.2	24.6	24.6	39.4	39.4	47.9	47.9	47.2	47.2	45.5	45.4	47.6	43.4	45.1	39.9	39.5	41.0	40.8	39.5	39.8	38.3	39.1	37.6	35.7	36.7	38.4	38.2	34.4	31.0	28.5	26.3	26.1	25.3
2018/01/18 18:09:18	49.1	23.8	23.8	39.8	39.8	47.2	47.2	46.6	46.6	45.7	45.5	48.6	44.5	45.0	41.0	40.1	41.3	39.9	37.4	36.9	38.0	39.0	36.7	35.6	35.4	34.9	34.8	30.3	27.7	27.1	25.7	25.7	23.8
2018/01/18 18:09:19	48.1	27.5	27.5	43.0	43.0	52.9	52.9	51.9	51.9	46.2	46.2	49.4	45.6	44.8	39.3	38.9	39.0	37.5	34.9	35.3	36.9	39.2	35.9	33.4	33.3	33.2	32.4	28.3	24.9	23.4	22.6	22.9	21.9
2018/01/18 18:09:20	48.8	25.8	25.8	41.4	41.4	52.2	52.2	52.3	52.3	46.4	45.7	47.7	42.9	46.7	37.9	38.8	38.0	37.5	35.6	35.8	37.9	41.7	38.2	34.0	32.9	33.0	33.6	28.5	24.7	22.7	22.1	22.9	21.6
2018/01/18 18:09:21	49.4	26.3	26.3	41.8	41.8	52.6	52.6	53.6	53.6	48.1	45.9	48.9	44.4	44.8	38.2	41.4	39.2	39.9	39.2	36.1	38.3	41.1	38.8	34.8	34.0	33.8	33.2	28.3	25.1	22.3	21.7	22.6	21.5
2018/01/18 18:09:22	48.7	25.1	25.1	37.5	37.5	50.2	50.2	52.2	52.2	47.5	45.3	49.1	45.1	44.1	39.0	38.8	39.0	38.7	39.4	37.1	37.8	39.0	37.2	33.7	34.4	33.0	33.1	26.9	23.7	21.6	21.5	22.2	20.9
2018/01/18 18:09:23	48.3	24.0	24.0	38.7	38.7	50.3	50.3	51.3	51.3	47.1	46.0	47.6	41.5	43.9	40.4	38.3	39.1	37.5	37.5	37.1	38.2	39.2	36.3	32.9	35.1	33.9	32.6	27.7	23.6	22.7	21.4	21.8	20.9
2018/01/18 18:09:24	48.7	26.2	26.2	41.1	41.1	50.7	50.7	51.3	51.3	46.2	44.4	45.8	40.7	45.0	38.2	38.1	39.6	37.1	37.7	37.0	38.0	40.8	38.4	32.7	34.3	33.1	33.2	27.2	22.8	21.2	21.1	22.0	20.9
2018/01/18 18:09:25	47.8	25.7	25.7	39.9	39.9	50.5	50.5	51.0	51.0	45.8	46.3	46.3	41.2	45.9	39.4	37.8	38.7	36.2	37.3	36.2	37.6	39.0	36.4	33.1	33.3	30.6	31.6	25.3	22.0	21.3	21.2	21.9	20.9
2018/01/18 18:09:26	47.3	25.2	25.2	39.0	39.0	49.8	49.8	50.6	50.6	44.5	45.9	45.7	40.5	42.5	38.5	35.4	38.6	34.8	34.4	35.0	37.6	40.0	36.3	31.1	33.1	32.0	30.1	25.2	21.9	20.8	21.1	21.9	20.7
2018/01/18 18:09:27	48.1	25.0	25.0	38.9	38.9	49.2	49.2	50.4	50.4	45.2	45.2	45.3	40.8	43.6	38.6	36.9	37.7	34.2	34.8	35.1	38.2	41.9	37.4	31.0	33.1	32.9	29.7	24.7	21.7	21.2	21.2	21.7	20.6
2018/01/18 18:09:28	48.3	23.5	23.5	37.5	37.5	46.5	46.5	48.0	48.0	45.5	47.4	46.7	42.2	43.5	37.6	36.7	37.8	34.3	34.5	33.7	37.9	42.5	38.0	29.4	33.6	33.4	30.3	25.0	21.4	20.6	21.0	21.5	20.6
2018/01/18 18:09:29	47.6	24.1	24.1	38.3	38.3	47.1	47.1	47.2	47.2	43.7	43.1	46.6	41.0	45.9	40.9	37.4	38.5	34.7	32.8	33.6	37.4	40.2	36.6	32.6	32.6	32.1	30.1	25.6	22.4	21.3	21.0	22.1	20.9
2018/01/18 18:09:30	46.3	24.6	24.6	40.2	40.2	47.9	47.9	48.8	48.8	46.8	45.0	44.0	38.1	44.3	39.9	38.7	39.3	36.0	33.4	33.5	35.2	37.6	34.8	31.1	29.1	29.0	27.9	23.6	20.9	20.5	20.9	21.9	21.0
2018/01/18 18:09:31	47.3	25.4	25.4	41.5	41.5	49.9	49.9	48.0	48.0	44.8	43.5	43.1	38.0	43.1	38.4	38.3	39.0	36.4	34.2	35.2	34.3	40.2	38.3	32.5	32.2	30.1	30.7	25.1	21.4	20.5	20.7	21.8	20.6
2018/01/18 18:09:31	47.7	27.0	27.0	48.2	48.2	56.0	56.0	53.3	53.3	47.0	44.9	44.0	38.1	44.5	39.0	39.2	40.1	36.8	34.5	36.3	35.7	38.5	38.0	33.7	35.1	31.7	29.2	24.3	20.8	20.4	20.8	21.8	20.6
2018/01/18 18:09:33	47.2	25.6	25.6	40.6	40.6	51.6	51.6	51.6	51.6	44.3	43.0	44.5	38.6	43.1	40.0	38.5	40.0	38.2	37.0	36.6	34.7	37.5	37.1	33.7	32.2	29.7	27.2	23.1	20.8	20.6	20.7	21.9	20.8
2018/01/18 18:09:34	48.2	25.3	25.3	38.7	38.7	49.9	49.9	52.8	52.8	47.6	43.8	44.9	37.6	44.3	40.1	40.2	40.7	38.5	38.8	38.6	37.5	37.5	37.3	33.2	32.9	30.3	27.3	23.6	20.8	20.4	20.9	21.9	20.6
2018/01/18 18:09:35	47.2	26.6	26.6	42.6	42.6	52.9	52.9	52.4	52.4	44.9	42.2	42.6	37.5	44.1	40.9	38.5	40.2	38.2	36.3	37.7	34.6	36.4	36.3	33.2	32.7	30.1	27.5	22.6	20.3	20.2	20.7	21.5	20.4
2018/01/18 18:09:36	46.5	23.6	23.6	37.7	37.7	47.1	47.1	47.4	47.4	44.6	44.0	44.7	38.4	44.4	39.9	38.1	40.6	36.9	37.2	36.1	34.6	35.4	34.6	31.1	30.5	29.6	26.7	23.3	20.5	20.6	21.1	21.7	20.8
2018/01/18 18:09:37	47.0	24.0	24.0	40.0	40.0	49.1	49.1	48.0	48.0	44.6	42.9	44.9	37.3	42.8	38.7	37.7	40.5	37.3	37.6	37.2	35.4	36.8	36.9	31.8	31.0	29.5	27.0	23.0	21.1	20.3	20.9	21.7	20.6
2018/01/18 18:09:38	47.5	23.5	23.5	38.2	38.2	45.5	45.5	45.1	45.1	45.5	43.7	44.5	38.4	44.1	40.4	39.0	40.6	39.3	38.1	37.9	37.5	36.4	35.5	31.6	30.7	29.4	27.7	23.0	21.1	20.4	20.9	21.6	20.6
2018/01/18 18:09:39	46.5	24.5	24.5	38.2	38.2	46.3	46.3	46.1	46.1	45.3	43.2	43.8	38.9	41.5	39.1	37.4	38.9	38.0	35.6	38.3	36.4	36.2	34.9	31.4	29.6	27.7	26.3	22.9	20.5	20.5	20.8	21.8	20.7
2018/01/18 18:09:40	46.3	23.5	23.5	38.3	38.3	46.8	46.8	46.6	46.6	43.0	42.0	42.7	36.8	40.6	37.8	36.7	38.4	37.3	37.3	38.1	36.6	36.2	33.9	30.8	31.0	27.3	26.3	24.1	20.9	20.3	21.0	21.7	20.7
2018/01/18 18:09:40	47.8	24.0	24.0	39.8	39.8	47.6	47.6	46.3	46.3	43.3	43.1	44.3	38.3	42.5	39.1	37.1	38.7	38.3	39.3	40.2	38.9	38.4	35.4	30.9	29.7	28.3	27.3	23.5	21.0	20.7	21.0	21.9	20.8
2018/01/18 18:09:42	48.8	24.3	24.3	39.2	39.2	48.7	48.7	48.4	48.4	44.6	44.6	44.7	36.3	42.9	40.9	39.8	40.0	38.3	40.8	40.8	39.8	38.7	36.6	33.3	31.3	28.6	26.7	23.4	21.1	21.0	20.9	21.9	20.7
2018/01/18 18:09:43	48.7	24.3	24.3	39.3	39.3	48.0	48.0	48.4	48.4	46.1	45.0	45.7	39.8	43.5	39.8	39.9	40.0	41.1	42.7	39.8	38.2	36.6	35.4	31.6	30.7	28.8	27.9	25.1	23.4	22.3	21.7	22.5	21.6
2018/01/18 18:09:44	45.3	23.3	23.3	40.3	40.3	48.2	48.2	47.5	47.5	45.1	44.5	41.5	35.6	40.8	37.6	36.9	39.0	36.1	36.4	35.8	34.9	34.7	32.2	28.9	28.2	27.6	27.7	25.5	22.6	21.8	21.6	22.7	21.4
2018/01/18 18:09:44	45.9	23.9	23.9	39.4	39.4	47.5	47.5	46.6	46.6	43.0	41.9	43.2	39.2	40.2	35.0	38.2	37.5	37.7	38.6	37.3	35.1	35.6	32.9	29.6	28.0	27.3	27.5	25.4	22.7	21.2	21.6	22.3	21.5
2018/01/18 18:09:46	45.8	23.9	23.9	38.9	38.9	46.8	46.8	46.8	46.8	45.5	43.8	43.8	39.3	41.9	35.6	35.3	36.3	35.6	38.9	37.1	36.4	35.2	32.9	29.7	27.2	26.5	27.9	25.0	22.7	21.2	21.3	22.0	20.8
2018/01/18 18:09:47	46.0	24.0	24.0	37.9	37.9	45.4	45.4	45.2	45.2	44.3	41.0	45.1	39.8	41.5	37.6	38.5	38.7	37.8	36.9	35.4	34.3	35.3	33.9	30.0	30.2	29.3	30.1	26.2	22.9	21.1	21.3	22.0	21.1
2018/01/18 18:09:48	46.3	23.5	23.5	40.5	40.5	47.3	47.3	45.2	45.2	43.4	41.6	42.2	35.9	39.8	38.7	39.2	43.4	37.9	37.6	36.3	33.9	35.0	32.1	28.8	27.6	26.5	28.2	24.1	21.4	20.4	20.7	21.6	20.6
2018/01/18 18:09:49	44.9	23.7	23.7	43.0	43.0	51.3	51.3	48.8	48.8	44.1	43.4	45.1	39.5	39.6	37.0	37.0	38.0	36.4	36.0	35.0	33.6	34.0	32.5	28.4	27.5	27.5	26.8	23.3	20.8	20.3	20.7	21.9	20.5
2018/01/18 18:09:50	55.5	23.8	23.8	37.0	37.0	45.4	45.4	45.6	45.6	43.2	41.6	43.7	38.8	38.6	37.9	38.0	49.9	55.7	38.6	43.1	40.0	40.4	40.8	33.4	28.1	27.0	26.4	23.2	20.3	20.3	20.9	21.7	20.7
2018/01/18 18:09:51	52.7	25.3	25.3	39.9	39.9	47.5	47.5	45.4	45.4	45.5	43.8	44.7	39.6	39.1	37.5	39.5	45.5	49.5	42.2	44.4	42.0	42.1	41.5	34.5	29.5	29.1	27.4	24.0	21.4	20.6	20.9	21.8	20.8
2018/01/18 18:09:52	55.4	23.6	23.6	39.2	39.2	47.5	47.5	47.1	47.1	47.0	50.9	49.1	41.5	40.1	37.3	38.6	51.1	54.7	38.9	45.9	41.0	39.2	40.4	32.7	28.1	26.5	26.6	23.2	20.2	20.2	20.7	21.6	20.5
2018/01/18 18:09:53	51.9	23.0	23.0	38.4	38.4	46.3	46.3	46.5	46.5	44.2	42.9	45.0	39.5	39.4	38.6	38.3	49.3	46.0	39.4	43.6	41.9	40.3	40.4	32.3	28.2	25.4	25.6	23.2	20.0	20.3	21.0	22.0	20.7
2018/01/18 18:09:53	51.5	24.5	24.5	39.7	39.7	46.3	46.3	44.8	44.8	45.1	41.4	42.6	39.4	40.6	37.8	38.4	48.6	46.5	39.1	44.9	39.5	39.3	38.1	32.6	27.7	25.8	24.4	22.3	20.2	20.1	20.8	21.9	20.7
2018/01/18 18:09:55	47.3	23.3	23.3	39.1	39.1	45.9	45.9	45.2	45.2	44.4	41.3	42.1	38.8	39.7	37.3	36.3	40.3	40.7	36.6	40.8	36.6	36.4	35.3	31.3	27.4	25.8	23.8	21.9	20.3	20.0	20.8	21.8	20.7
2018/01/18 18:09:56	45.5	23.7	23.7	39.5	39.5	47.8	47.8	47.1	47.1	43.8	41.4	41.2	36.8	38.0	35.7	37.4	39.1	35.5	37.8	37.5	35.2	33.7	32.9	30.4	28.0	27.8	25.6	22.9	20.5	20.4	21.0	21.9	20.8
2018/01/18 18:09:57	42.9	23.8	23.8	38.2	38.2	45.6	45.6	44.9	44.9	42.8	41.1	40.1	35.7	37.3	37.1	34.2	35.9	33.3	34.3	32.9	32.5	31.7	30.1	28.0	26.1	26.0	24.6	23.0	20.8	20.7	21.3	22.3	21.2
2018/01/18 18:09:58	42.7	23.4	23.4	37.5	37.5	46.5	46.5	47.1	47.1	43.6	41.5	40.7	36.6	37.3	35.4	34.4	34.9	33.8	32.6	33.2	31.6	32.0	30.7	27.7	26.3	26.1	25.1	23.3	20.8	20.6	21.1	21.9	20.9
2018/01/18 18:09:59	52.2	23.8	23.8	36.6	36.6	45.9	45.9	46.3	46.3	43.5	42.0	42.2	37.0	39.0	36.1	37.7	48.5	49.7	38.3	44.4	38.9	39.2	38.3	34.6	28.3	26.6	25.1	22.5	20.4	20.4	20.8	21.9	20.5
2018/01/18 18:10:00	53.2	24.4	24.4	37.2	37.2	46.6	46.6	46.1	46.1	43.3	42.3	42.5	36.0	38.1	37.8	39.2	47.5	49.6	38.8	46.2	44.4	40.6	41.9	33.9	29.5	27.4	25.2	22.9	20.0	20.3	20.7	21.7	20.6
2018/01/18 18:10:01	55.1	23.3	23.3	37.4	37.4	45.7	45.7	46.7	46.7	44.4	42.6	40.9	34.5	38.3	38.9	38.5	50.0	49.8	41.2	47.8	44.9	45.0	45.7	36.1	32.6	32.1	28.5	25.1	20.7	20.6	21.0	22.0	20.8
2018/01/18 18:10:02	54.8	23.2	23.2	35.1	35.1	45.9	45.9	47.9	47.9	44.0	40.8	40.8	35.8	37.7	36.8	39.9	49.5	48.7	40.5	48.9	44.1	43.6	44.7	36.3	36.2	37.9	33.7	28.8	22.8	21.5	21.5	22.1	21.1
2018/01/18 18:10:03	53.5	23.9	23.9	38.7	38.7	46.6	46.6	46.7	46.7	43.3	41.1	42.2	37.1	38.6	37.5	37.9	46.6	45.5	39.8	46.3	44.8	43.3	42.7	38.2	39.0	38.3	36.9	30.3	24.1	21.2	21.2	22.0	20.9
2018/01/18 18:10:04	52.2	23.9	23.9	37.0	37.0	46.3	46.3	47.1	47.1	43.4	40.5	42.8	37.7	38.1	37.2	36.8	47.8	47.1	36.9	46.5	40.6	39.3	41.4	34.7	29.7	28.0	25.4	23.3	20.7	20.7	21.2	21.8	20.7
2018/01/18 18:10:05	56.0	24.4	24.4	37.6	37.6	46.8	46.8	47.2	47.2	43.9	40.8	40.9	36.6	37.3	36.3	38.3	53.6	51.2	42.1	49.0	45.5	42.6	44.3	35.8	28.9	25.4	23.1	22.0	19.8	20.2	20.9	21.7	20.6
2018/01/18 18:10:06	53.8	25.0	25.0	37.6	37.6	47.3	47.3	48.2	48.2	43.9	41.6	41.1	35.1	38.0	36.8	37.4	55.5	44.2	38.7	43.8	36.4	35.9	35.8	31.6	27.3	25.6	23.3	21.8	19.9	20.4	20.7	21.8	20.7
2018/01/18 18:10:07	51.7	23.8	23.8	36.1	36.1	43.7	43.7	43.9	43.9	42.9	41.5	41.2	36.6	37.8	37.3	39.0	49.6	47.8	38.0	43.3	39.2	39.5	37.6	34.0	29.2	25.9	23.1	21.9	19.8	20.0	21.0	21.8	20.5
2018/01/18 18:10:07	53.1	24.3	24.3	37.9	37.9	46.1	46.1	46.4	46.4	44.3	41.5	39.4	36.4	37.7	36.0	37.6	50.1	48.7	41.3	46.6	41.0	38.9	40.7	34.5	29.4	27.0	24.2	21.9	19.8	20.1	20.8	21.8	20.7
2018/01/18 18:10:08	55.8	23.4	23.4	36.8	36.8	46.8	46.8	49.0	49.0	44.2	42.8	43.0	37.1	39.6	41.0	41.1	56.4	46.5	43.5	47.1	43.1	41.0	41.4	36.6	33.0	29.5	25.8	22.4	20.1	20.0	20.8	21.8	20.7
2018/01/18 18:10:10	47.5	24.5	24.5	39.0	39.0	46.6	46.6	47.9	47.9	46.4	42.8	43.3	37.5	39.5	37.1	37.3	40.0	37.9	38.3	39.1	38.2	36.2	36.2	34.0	32.8	30.5	26.6	23.1	20.0	20.2	20.8	21.6	20.5
2018/01/18 18:10:11	53.3	24.9	24.9	44.9	44.9	52.5	52.5	49.6	49.6	46.8	46.5	48.8	43.2	40.0	39.8	41.8	48.8	49.1	40.6	44.8	43.3	40.8	41.8	35.2	31.9	29.7	27.7	24.6	20.9	20.7	21.2	21.9	20.6
2018/01/18 18:10:12	54.0	24.3	24.3	39.2	39.2	47.9	47.9	48.3	48.3	48.4	48.0	50.4	47.6	44.0	38.3	38.8	52.8	46.1	41.4	45.7	42.8	41.0	40.1	34.7	31.2	29.4	27.6	24.0	20.4	20.7	21.0	21.9	20.8
2018/01/18 18:10:13	53.8	25.0	25.0	41.7	41.7	50.5	50.5	48.9	48.9	46.9	50.0	47.2	42.5	42.1	39.9	41.1	53.1	46.7	42.3	45.2	43.2	39.5	38.7	32.9	29.2	28.0	25.6	23.1	19.9	20.2	20.8	21.6	20.6
2018/01/18 18:10:14	52.2	24.6	24.6	38.8	38.8	47.7	47.7	51.7	51.7	48.8	47.8	48.4	42.1	44.5	41.5	39.9	46.2	45.1	41.1	45.6	42.6	40.8	40.6	34.3	32.6	30.5	27.9	25.2	20.6	20.4	20.9	21.7	20.7
2018/01/18 18:10:15	46.6	26.0	26.0	38.0	38.0	48.4	48.4	51.8	51.8	48.5	47.2	49.0	40.9	44.2	41.5	38.7	39.0	36.8	35.0	36.0	34.6	34.5	33.4	32.6	30.6	29.3	27.5	23.4	20.4	20.4	20.8	21.9	20.7
2018/01/18 18:10:16	45.6	23.6	23.6	38.7	38.7	46.2	46.2	46.8	46.8	46.9	45.9	44.5	39.4	41.1	40.7	37.1	38.4	37.3	35.0	35.4	33.5	34.1	32.5	31.6	29.8	29.5	27.2	22.3	20.3	20.2	20.4	21.5	20.6
2018/01/18 18:10:17	45.7	25.1	25.1	39.2	39.2	49.1	49.1	50.1	50.1	49.2	46.2	44.0	38.4	42.7	39.8	37.6	37.4	35.9	35.7	35.6	34.6	34.6	33.2	32.1	29.5	28.0	26.0	22.5	20.2	20.1	21.0	21.8	20.6
2018/01/18 18:10:18	49.3	27.9	27.9	45.0	45.0	54.3	54.3	56.1	56.1	57.3	55.0	49.8	39.7	45.2	41.2	39.8	39.8	38.6	38.4	37.1	37.3	37.3	38.3	35.7	33.4	31.8	28.9	23.8	20.4	30.3	20.8	21.8	20.7
2018/01/18 18:10:19	50.9	24.5	24.5	42.9	42.9	52.3	52.3	58.3	58.3	60.2	56.3	48.0	41.7	47.1	40.4	40.4	40.4	37.2	37.1	37.9	40.0	40.6	41.1	37.6	35.4	33.3	30.0	24.2	20.7	28.9	20.7	21.7	20.5
2018/01/18 18:10:20	49.0	25.0	25.0	44.8	44.8	51.5	51.5	51.7	51.7	53.5	52.3	51.7	42.7	43.8	41.9	38.8	40.1	37.9	38.3	38.7	38.1	37.9	37.1	35.1	33.2	33.0	29.7	24.1	20.6	20.1	20.8	21.7	20.5
2018/01/18 18:10:21	53.9	26.3	26.3	51.5	51.5	58.2	58.2	54.7	54.7	50.9	51.3	52.7	41.8	43.6	41.8	39.5	52.9	50.3	37.2	40.8	38.6	38.8	38.3	35.5	33.1	32.6	29.8	25.2	21.1	20.8	21.0	21.9	20.9
2018/01/18 18:10:22	51.9	25.7	25.7	47.0	47.0	52.9	52.9	50.5	50.5	51.5	48.2	49.9	41.0	45.3	42.1	38.6	47.8	45.9	40.6	43.3	40.7	39.1	39.2	37.9	32.7	31.4	29.0	24.3	20.7	20.6	21.1	22.1	20.8
2018/01/18 18:10:23	48.2	25.0	25.0	43.5	43.5	50.6	50.6	51.4	51.4	52.4	51.0	49.2	40.5	43.8	39.0	38.9	40.7	37.2	37.3	38.2	37.3	38.1	36.4	33.9	32.5	30.6	28.3	23.8	20.5	20.4	20.8	21.7	20.5
2018/01/18 18:10:24	49.0	25.8	25.8	46.2	46.2	52.8	52.8	50.6	50.6	50.7	49.6	47.3	41.5	44.4	40.6	39.4	41.4	39.3	38.6	39.0	38.8	38.2	37.7	36.2	33.3	31.2	28.6	25.2	20.5	20.3	20.7	21.8	20.5
2018/01/18 18:10:25	48.8	28.6	28.6	47.9	47.9	55.7	55.7	55.0	55.0	52.1	49.3	48.4	42.3	43.6	40.6	40.3	41.8	38.1	36.1	38.4	38.6	38.6	37.4	35.8	33.7	30.4	28.8	25.5	20.7	20.4	20.9	21.9	20.4
2018/01/18 18:10:25	49.2	27.0	27.0	44.5	44.5	52.8	52.8	52.5	52.5	51.8	52.1	50.1	41.7	42.3	40.9	40.0	41.7	39.3	37.2	39.3	39.3	38.3	37.6	35.4	33.3	31.0	29.2	25.6	21.3	20.6	20.9	21.9	21.3
2018/01/18 18:10:27	49.2	29.4	29.4	42.2	42.2	53.5	53.5	58.3	58.3	56.6	54.8	49.5	42.4	42.0	41.5	39.5	41.5	37.8	37.7	38.8	38.4	38.1	36.5	34.3	33.2	31.4	29.7	25.5	21.4	20.9	20.9	21.7	21.9
2018/01/18 18:10:28	49.4	29.1	29.1	46.0	46.0	53.6	53.6	55.2	55.2	55.0	56.9	53.6	41.3	44.3	40.9	38.5	40.9	37.6	37.7	38.0	38.2	37.6	37.4	34.5	32.2	30.3	27.8	24.7	20.7	20.5	20.8	21.7	20.4
2018/01/18 18:10:29	49.4	26.0	26.0	47.8	47.8	55.4	55.4	53.5	53.5	51.9	54.1	49.6	41.4	42.9	41.3	41.0	40.1	39.6	40.7	41.1	37.4	37.1	36.8	34.6	33.8	31.1	29.2	25.6	22.5	21.1	21.1	22.0	20.8
2018/01/18 18:10:30	49.4	25.6	25.6	43.5	43.5	53.4	53.4	53.9	53.9	51.7	53.8	51.0	42.0	44.7	42.4	40.5	39.8	37.9	37.6	39.4	38.7	38.7	37.5	36.4	35.3	31.3	29.1	25.8	21.6	20.3	21.0	21.8	20.6
2018/01/18 18:10:31	50.0	26.9	26.9	41.1	41.1	53.8	53.8	55.9	55.9	52.4	56.0	53.1	44.8	43.5	43.5	41.2	41.0	39.4	39.4	40.1	39.1	38.4	37.2	35.1	32.9	31.3	29.3	25.4	20.8	20.6	20.9	21.9	20.7
2018/01/18 18:10:32	50.3	28.0	28.0	43.8	43.8	56.5	56.5	58.4	58.4	54.3	51.5	51.4	46.3	43.6	42.2	43.3	42.0	38.6	38.9	39.5	37.9	39.8	38.8	36.8	34.6	34.1	31.4	27.6	23.1	21.8	21.3	22.1	21.1
2018/01/18 18:10:33	48.4	28.9	28.9	46.8	46.8	56.2	56.2	56.3	56.3	52.1	48.5	47.1	39.1	40.6	41.6	40.4	40.1	37.3	36.8	37.7	37.7	38.4	37.5	34.9	33.3	32.1	30.2	26.9	23.5	21.8	21.2	22.1	20.9
2018/01/18 18:10:34	47.9	26.1	26.1	39.7	39.7	50.6	50.6	54.1	54.1	52.9	48.0	47.1	40.9	42.0	41.7	38.0	40.5	36.9	37.1	37.5	37.1	37.0	36.9	34.1	32.0	31.2	28.9	25.2	21.6	20.5	21.1	21.9	20.6
2018/01/18 18:10:35	47.9	27.0	27.0	41.8	41.8	50.4	50.4	50.9	50.9	48.2	48.5	46.2	39.4	42.7	41.3	38.6	41.1	37.3	36.8	37.2	37.3	37.8	36.2	34.4	33.1	31.0	30.5	25.9	21.9	21.2	21.0	21.6	20.7
2018/01/18 18:10:35	47.9	26.9	26.9	46.1	46.1	54.8	54.8	54.7	54.7	49.0	46.3	45.5	41.2	42.9	38.7	38.1	40.2	38.4	36.4	37.4	37.9	37.2	37.5	34.9	32.3	30.5	28.6	24.2	21.4	20.8	21.2	22.0	20.7
2018/01/18 18:10:37	49.3	27.5	27.5	43.9	43.9	52.0	52.0	53.6	53.6	49.9	45.6	45.5	40.9	43.3	38.8	38.6	40.2	37.9	39.6	41.0	38.1	37.5	37.5	38.3	36.5	34.0	30.7	27.2	27.5	25.8	21.8	22.3	21.1
2018/01/18 18:10:38	48.6	27.3	27.3	40.6	40.6	50.5	50.5	53.3	53.3	49.7	45.7	44.5	40.9	41.7	38.4	38.0	39.2	37.6	38.1	39.4	38.6	37.8	37.7	36.8	34.8	33.5	32.1	26.6	22.6	22.1	22.2	22.5	21.3
2018/01/18 18:10:39	49.7	25.5	25.5	39.9	39.9	51.2	51.2	53.3	53.3	49.2	45.7	45.2	38.8	41.2	38.9	38.9	39.2	40.1	40.1	41.8	41.0	39.5	38.5	36.1	34.0	33.2	31.4	27.9	24.4	23.2	22.3	22.4	21.7
2018/01/18 18:10:39	50.1	27.0	27.0	40.2	40.2	52.2	52.2	55.5	55.5	50.5	45.8	43.6	41.4	42.5	39.7	38.0	41.3	40.6	40.1	41.7	41.0	39.9	39.5	36.4	34.4	31.5	29.5	25.3	21.5	20.8	21.1	21.9	20.9
2018/01/18 18:10:41	49.0	24.7	24.7	41.9	41.9	51.5	51.5	52.7	52.7	47.1	43.4	45.0	39.0	41.9	38.1	38.1	40.4	38.8	41.5	39.3	39.1	39.8	37.8	35.3	33.1	31.5	28.9	25.6	21.4	21.7	21.1	21.9	20.9
2018/01/18 18:10:42	46.9	25.8	25.8	43.3	43.3	51.4	51.4	51.6	51.6	48.0	45.2	42.1	36.9	38.7	37.9	37.3	38.1	39.8	38.2	37.8	36.3	36.3	35.0	32.1	30.4	29.5	28.4	25.4	22.0	21.8	21.6	22.1	21.0
2018/01/18 18:10:43	46.0	26.7	26.7	42.3	42.3	50.1	50.1	51.5	51.5	46.8	42.4	43.0	36.7	38.8	38.6	37.0	38.9	36.6	37.3	36.6	34.9	36.7	34.2	31.2	28.6	27.1	25.7	23.2	20.0	20.5	20.9	21.8	20.7
2018/01/18 18:10:44	45.0	25.4	25.4	40.6	40.6	49.4	49.4	51.2	51.2	46.7	43.4	42.3	35.7	38.8	36.8	36.5	38.5	35.6	35.3	34.7	34.9	34.7	33.7	30.1	27.4	26.5	24.3	22.2	20.1	20.2	20.9	21.6	20.5
2018/01/18 18:10:45	44.1	25.1	25.1	39.4	39.4	50.1	50.1	52.1	52.1	46.8	41.7	41.4	37.2	38.1	36.1	35.5	36.9	33.9	35.3	35.4	33.5	33.6	31.5	29.0	26.7	25.2	23.6	21.9	20.0	20.1	20.7	21.8	20.6
2018/01/18 18:10:46	52.1	25.3	25.3	39.7	39.7	50.2	50.2	52.1	52.1	48.3	43.8	42.7	37.8	38.6	36.1	37.6	49.1	41.8	38.4	47.1	36.9	38.9	43.3	35.1	27.9	26.3	24.3	22.2	20.1	20.3	20.6	21.6	20.5
2018/01/18 18:10:47	45.0	24.7	24.7	41.1	41.1	51.7	51.7	52.9	52.9	47.6	43.6	41.6	37.5	40.6	37.1	36.0	39.4	34.6	33.7	38.0	32.7	33.6	33.0	28.1	26.4	25.9	24.7	22.5	20.6	20.3	20.9	21.9	20.6
2018/01/18 18:10:48	52.4	24.0	24.0	41.2	41.2	50.8	50.8	52.3	52.3	48.0	44.7	41.6	37.5	37.9	36.0	35.9	51.1	49.2	42.2	41.7	35.5	38.1	38.3	31.5	27.5	26.2	25.1	23.4	20.8	20.6	21.1	22.0	20.6
2018/01/18 18:10:49	51.5	23.3	23.3	41.4	41.4	49.6	49.6	50.8	50.8	46.6	45.1	44.1	37.3	38.7	35.8	35.7	53.4	41.6	39.3	37.5	33.9	34.0	32.6	29.2	27.1	28.1	26.6	23.6	20.8	20.5	20.8	21.7	20.4
2018/01/18 18:10:50	45.1	24.9	24.9	41.4	41.4	50.9	50.9	52.5	52.5	49.0	46.6	45.1	39.2	40.0	40.7	38.5	39.4	36.1	34.7	33.9	32.9	32.5	31.1	29.2	27.6	27.6	25.7	23.3	20.2	20.6	20.8	21.7	20.7
2018/01/18 18:10:51	46.1	26.8	26.8	43.0	43.0	50.6	50.6	51.5	51.5	48.6	45.6	44.2	38.1	39.2	38.4	39.1	41.7	37.3	37.0	35.1	33.8	33.8	33.0	31.1	29.5	29.7	27.1	24.0	21.0	20.5	21.0	21.8	20.7
2018/01/18 18:10:51	50.5	25.4	25.4	42.3	42.3	49.9	49.9	51.4	51.4	49.0	44.9	44.2	39.4	42.4	39.5	38.6	47.1	41.7	39.2	45.1	39.0	37.1	36.8	31.9	30.3	31.0	30.2	26.9	21.7	21.1	21.2	22.0	20.9
2018/01/18 18:10:53	50.5	24.4	24.4	42.5	42.5	50.0	50.0	48.3	48.3	46.3	44.9	41.4	38.2	41.4	39.6	41.1	41.8	45.1	46.6	41.6	37.6	35.1	33.4	31.9	30.7	32.1	28.3	25.3	21.4	21.2	21.2	22.1	20.7
2018/01/18 18:10:53	49.9	26.1	26.1	42.9	42.9	49.3	49.3	48.8	48.8	47.3	44.1	45.5	40.9	46.5	44.4	44.6	45.2	41.1	38.9	40.7	37.2	40.2	32.6	33.4	31.2	30.4	28.4	27.6	24.3	25.3	27.0	25.9	21.9
2018/01/18 18:10:55	46.6	25.1	25.1	40.5	40.5	47.7	47.7	48.1	48.1	46.5	43.8	44.6	40.8	41.5	40.1	39.0	41.1	38.1	37.6	36.0	35.1	34.5	32.1	31.3	28.8	29.6	32.1	30.2	22.2	20.8	21.1	21.9	21.1
2018/01/18 18:10:56	55.5	24.0	24.0	38.8	38.8	46.2	46.2	47.4	47.4	47.8	47.0	49.1	42.9	46.8	44.2	46.8	55.0	45.5	44.7	46.7	43.7	42.8	38.7	35.6	35.5	37.3	34.8	31.3	25.0	22.3	21.8	22.2	21.0
2018/01/18 18:10:57	53.3	23.8	23.8	39.1	39.1	46.6	46.6	47.0	47.0	48.2	49.4	48.6	38.9	43.5	40.1	44.4	52.6	47.4	41.9	42.9	39.5	38.8	36.2	32.8	31.3	31.5	33.4	29.0	23.9	22.5	22.5	23.1	21.8
2018/01/18 18:10:58	53.9	25.9	25.9	38.5	38.5	47.9	47.9	49.1	49.1	46.3	44.2	44.6	42.2	44.0	41.2	41.9	50.8	49.5	47.6	44.8	38.9	39.0	36.7	33.7	31.9	32.8	32.9	28.6	24.4	23.7	23.0	23.8	22.5
2018/01/18 18:10:59	48.4	23.2	23.2	37.0	37.0	46.5	46.5	48.3	48.3	45.7	43.0	43.2	38.4	42.0	45.2	42.2	42.9	38.9	39.1	38.6	36.6	36.5	33.8	32.8	32.1	32.0	31.7	28.2	24.6	23.6	23.1	23.4	22.2
2018/01/18 18:10:59	51.2	23.8	23.8	38.6	38.6	46.8	46.8	47.9	47.9	46.1	45.0	43.9	40.1	45.0	39.4	38.2	49.4	43.5	40.9	42.7	38.9	38.8	37.0	32.8	31.2	31.7	29.5	27.7	25.0	23.3	22.6	23.1	22.2
2018/01/18 18:11:01	50.8	24.4	24.4	36.9	36.9	44.2	44.2	45.9	45.9	45.1	44.1	42.7	37.1	43.3	41.8	38.7	48.7	43.4	39.7	42.5	40.8	38.7	36.0	31.8	30.1	28.9	28.2	25.6	23.1	23.0	22.1	22.6	21.5
2018/01/18 18:11:02	47.7	24.2	24.2	39.4	39.4	49.0	49.0	48.6	48.6	45.0	42.8	43.3	39.6	42.5	39.7	38.9	40.6	38.6	37.3	38.9	39.1	36.2	34.7	32.4	31.8	31.7	29.0	27.0	23.6	21.6	21.4	22.2	21.3
2018/01/18 18:11:03	48.4	23.8	23.8	41.2	41.2	49.9	49.9	48.0	48.0	44.9	45.0	43.7	40.7	43.1	37.4	35.8	39.4	37.5	38.9	37.4	38.3	37.5	35.9	37.1	34.6	35.8	35.1	27.9	23.6	21.5	21.3	22.2	21.3
2018/01/18 18:11:04	46.3	24.8	24.8	39.4	39.4	48.0	48.0	47.5	47.5	43.0	42.2	43.4	41.9	43.6	36.3	37.7	39.4	38.4	36.3	35.4	35.1	36.6	32.8	30.1	30.3	29.4	29.3	28.4	21.4	20.8	20.9	21.8	20.6
2018/01/18 18:11:05	45.4	24.2	24.2	38.4	38.4	47.7	47.7	47.9	47.9	46.1	43.8	42.9	37.2	40.7	36.1	34.8	36.8	40.3	36.3	34.3	31.6	31.9	31.9	30.4	31.1	31.5	30.3	28.8	26.4	22.8	21.8	22.5	21.3
2018/01/18 18:11:06	45.4	23.7	23.7	37.3	37.3	42.8	42.8	43.8	43.8	43.7	41.5	40.6	39.4	43.7	40.9	37.0	38.5	37.4	34.5	33.4	32.5	32.8	31.0	30.0	30.0	31.9	33.1	29.3	24.6	21.4	21.6	22.3	20.8
2018/01/18 18:11:07	43.2	25.3	25.3	38.9	38.9	45.9	45.9	44.6	44.6	43.3	41.7	40.9	35.7	38.0	38.4	34.8	35.7	33.7	33.2	34.4	31.4	30.4	29.0	28.1	27.7	27.8	29.7	26.3	22.1	21.0	21.1	22.1	20.9
2018/01/18 18:11:08	45.5	23.1	23.1	37.1	37.1	44.7	44.7	44.1	44.1	43.7	41.1	39.9	36.8	39.6	37.5	37.2	44.0	34.9	34.4	34.0	32.8	32.1	32.2	30.2	27.5	29.3	29.7	26.4	22.5	21.7	21.3	22.2	21.0
2018/01/18 18:11:09	47.5	25.0	25.0	38.2	38.2	46.6	46.6	44.9	44.9	43.3	40.8	40.7	40.8	42.8	38.6	42.4	40.9	40.0	39.2	37.8	36.7	33.2	33.6	31.0	32.9	32.9	30.9	27.1	23.1	21.2	21.3	22.6	20.9
2018/01/18 18:11:10	48.8	24.1	24.1	39.0	39.0	46.7	46.7	45.1	45.1	43.8	44.5	45.3	37.9	41.4	38.6	37.7	39.4	36.9	38.2	35.6	36.5	37.7	33.7	42.8	33.2	34.9	32.0	29.2	24.4	22.0	21.7	22.4	20.9
2018/01/18 18:11:11	49.2	26.0	26.0	39.5	39.5	46.4	46.4	45.9	45.9	45.2	44.4	45.7	40.0	44.5	43.9	44.8	44.6	40.3	36.6	36.8	35.6	35.2	33.9	33.4	35.1	35.7	36.2	32.8	27.0	24.6	25.3	29.2	23.6
2018/01/18 18:11:12	49.3	25.4	25.4	38.0	38.0	45.4	45.4	45.0	45.0	44.6	45.2	46.3	41.7	42.5	42.1	43.5	39.8	38.1	35.3	34.4	34.6	34.6	34.6	36.0	39.3	39.4	39.5	35.9	31.4	27.0	25.4	28.0	23.9
2018/01/18 18:11:12	49.3	24.6	24.6	37.5	37.5	44.4	44.4	44.9	44.9	45.3	45.3	44.1	40.3	42.4	37.4	37.7	40.7	38.4	36.9	36.6	35.6	35.7	34.6	35.7	38.7	40.1	40.3	35.0	31.0	28.3	26.1	25.9	24.6
2018/01/18 18:11:14	52.5	25.4	25.4	39.0	39.0	46.6	46.6	46.5	46.5	44.9	42.9	43.7	37.6	40.8	52.0	51.0	43.8	37.8	45.6	34.5	34.1	34.7	36.4	35.6	37.3	37.2	37.1	35.4	33.4	32.6	27.9	26.4	24.8
2018/01/18 18:11:15	56.1	24.6	24.6	40.6	40.6	47.6	47.6	45.4	45.4	44.2	43.1	42.6	43.9	50.6	43.3	47.5	54.3	49.8	45.7	46.9	40.6	44.0	42.6	38.9	38.3	36.6	37.1	33.3	29.2	26.5	25.3	25.4	23.7
2018/01/18 18:11:16	51.1	25.0	25.0	37.5	37.5	44.6	44.6	43.7	43.7	45.5	42.5	42.4	38.9	45.4	46.6	44.7	47.3	41.3	43.3	37.3	39.9	38.6	35.6	34.8	35.6	37.9	34.5	31.3	27.1	24.9	24.5	24.3	23.1
2018/01/18 18:11:17	47.5	25.8	25.8	37.4	37.4	45.7	45.7	45.4	45.4	44.6	43.3	41.4	40.3	44.3	43.3	39.8	40.8	37.8	34.1	37.0	35.6	35.7	33.1	34.0	34.5	34.5	33.2	29.9	25.9	24.0	23.4	23.0	21.9
2018/01/18 18:11:18	48.5	25.7	25.7	42.0	42.0	50.1	50.1	48.6	48.6	46.3	44.7	41.7	37.6	42.6	38.3	38.8	41.9	35.5	34.9	37.9	38.6	36.6	34.5	37.3	38.0	35.8	34.3	30.2	26.1	24.4	23.5	23.3	21.9
2018/01/18 18:11:19	56.7	26.2	26.2	42.4	42.4	50.1	50.1	48.8	48.8	47.8	43.6	45.3	45.3	50.8	44.8	47.6	50.6	45.5	43.0	50.2	46.3	43.2	39.5	43.7	40.8	45.7	43.9	38.8	31.7	28.4	25.7	23.6	22.2
2018/01/18 18:11:20	53.8	26.5	26.5	42.1	42.1	50.5	50.5	50.6	50.6	48.6	47.4	47.9	45.0	47.6	40.0	44.9	44.9	44.1	42.2	46.6	45.7	43.7	40.5	40.4	38.3	35.6	35.0	30.6	26.9	23.7	22.1	22.4	21.4
2018/01/18 18:11:21	46.9	33.4	33.4	43.3	43.3	49.4	49.4	49.0	49.0	45.8	44.3	45.8	42.1	42.8	37.8	37.5	40.9	36.2	37.5	38.1	35.5	34.6	34.2	33.2	31.2	30.9	29.2	27.0	24.2	22.1	21.5	22.2	21.1
2018/01/18 18:11:22	46.0	31.0	31.0	45.2	45.2	50.0	50.0	47.6	47.6	43.8	42.6	42.5	38.3	40.0	38.9	37.3	36.6	36.2	39.4	36.3	34.8	34.9	33.6	32.4	30.4	28.9	27.9	26.7	24.1	22.4	21.4	22.0	20.6
2018/01/18 18:11:23	45.4	29.5	29.5	46.6	46.6	51.7	51.7	49.1	49.1	45.0	43.0	43.1	38.7	39.7	40.4	40.3	35.2	34.8	34.5	35.4	34.2	33.5	32.9	31.8	31.1	29.9	28.8	27.0	24.0	21.5	21.4	21.8	20.8
2018/01/18 18:11:24	46.7	29.9	29.9	45.0	45.0	52.9	52.9	52.4	52.4	45.3	40.0	42.3	39.0	42.6	42.1	41.1	37.0	35.0	35.4	36.9	35.7	34.4	34.1	35.0	33.1	30.4	28.8	26.6	23.1	21.9	21.3	22.2	21.0
2018/01/18 18:11:25	47.2	28.7	28.7	45.7	45.7	55.2	55.2	55.5	55.5	47.8	44.6	44.9	41.3	44.1	41.1	39.4	38.4	37.5	37.5	38.5	35.6	35.2	33.8	33.3	31.1	30.2	28.8	27.1	23.2	21.4	21.8	22.3	21.0
2018/01/18 18:11:26	48.7	28.3	28.3	42.7	42.7	54.8	54.8	55.9	55.9	48.0	46.7	46.4	42.3	43.4	41.1	40.9	42.2	38.2	39.1	39.5	38.0	37.4	36.2	34.4	32.1	30.8	28.9	27.1	24.5	22.2	21.8	22.7	21.4
2018/01/18 18:11:27	48.4	25.4	25.4	40.7	40.7	53.6	53.6	55.8	55.8	49.9	45.6	45.3	41.5	43.7	43.3	40.6	37.7	38.2	38.0	40.1	38.8	37.3	36.3	33.9	30.3	29.6	28.4	25.1	22.7	21.4	21.1	22.0	20.9
2018/01/18 18:11:28	48.9	29.6	29.6	43.2	43.2	56.8	56.8	58.2	58.2	50.9	45.0	45.7	40.6	45.0	41.4	40.3	41.1	39.3	37.6	40.3	39.2	37.2	37.1	34.7	31.0	29.8	28.9	26.9	24.4	22.0	22.0	22.4	21.2
2018/01/18 18:11:29	48.3	27.2	27.2	42.4	42.4	54.5	54.5	55.7	55.7	47.4	44.4	43.9	40.2	44.1	42.3	41.8	41.8	38.1	37.8	39.5	37.8	37.0	35.5	33.8	31.3	30.3	28.6	25.6	22.8	22.0	21.7	22.4	21.3
2018/01/18 18:11:29	49.2	27.8	27.8	39.8	39.8	52.0	52.0	54.6	54.6	48.6	43.6	43.6	39.6	44.8	46.5	42.4	39.0	38.1	37.4	39.4	40.3	38.1	37.5	34.6	31.7	30.5	28.2	24.9	22.1	21.4	21.4	22.2	21.0
2018/01/18 18:11:31	51.3	25.0	25.0	43.2	43.2	52.9	52.9	57.0	57.0	52.0	44.8	45.4	41.9	46.4	48.0	47.9	40.7	39.6	40.5	41.5	41.1	38.7	38.6	36.3	33.6	36.2	33.5	31.8	25.2	23.3	22.6	23.0	21.4
2018/01/18 18:11:32	52.2	26.3	26.3	40.1	40.1	54.1	54.1	59.0	59.0	55.0	47.5	48.0	43.1	48.0	47.5	44.6	41.5	40.1	42.0	42.7	44.4	41.1	40.0	37.0	33.4	33.7	30.9	28.9	23.7	22.1	21.6	22.2	21.0
2018/01/18 18:11:33	52.7	30.3	30.3	43.0	43.0	57.8	57.8	61.3	61.3	56.3	48.9	48.4	44.7	48.1	49.1	44.3	40.6	40.9	41.2	42.7	44.5	42.1	40.8	38.4	34.5	34.6	32.1	26.5	21.8	21.1	21.3	22.1	20.7
2018/01/18 18:11:34	53.1	32.0	32.0	48.4	48.4	59.4	59.4	59.0	59.0	55.7	50.9	49.4	47.2	47.4	50.1	45.2	42.7	42.4	41.3	43.3	44.2	43.1	40.7	39.6	34.8	32.3	29.1	25.4	21.6	21.0	21.2	22.1	20.7
2018/01/18 18:11:35	55.6	28.6	28.6	44.4	44.4	54.8	54.8	56.0	56.0	56.0	52.6	54.8	52.6	53.2	49.9	49.2	47.7	43.7	44.3	44.9	44.4	46.2	43.8	41.6	36.9	34.7	31.6	27.7	21.8	20.5	20.9	21.7	20.7
2018/01/18 18:11:36	54.6	28.6	28.6	44.0	44.0	53.7	53.7	55.7	55.7	56.8	52.3	51.4	47.5	51.5	50.6	49.1	47.7	43.3	44.1	45.7	44.3	42.8	41.8	38.3	37.1	34.3	30.4	26.2	22.1	21.1	21.1	22.2	20.9
2018/01/18 18:11:37	52.4	25.4	25.4	42.8	42.8	50.9	50.9	53.3	53.3	49.8	46.4	49.9	47.9	46.8	47.5	43.1	43.3	40.8	41.8	44.2	43.0	41.9	39.9	39.1	36.3	35.1	31.0	26.5	22.9	21.1	21.3	22.1	21.0
2018/01/18 18:11:38	53.4	25.5	25.5	41.3	41.3	48.7	48.7	51.2	51.2	50.5	47.3	49.7	48.2	50.0	51.1	45.2	44.0	43.7	41.6	44.0	41.7	42.9	41.1	39.8	38.8	37.3	33.3	27.0	22.8	20.8	21.4	22.2	20.9
2018/01/18 18:11:38	53.0	25.4	25.4	39.7	39.7	48.9	48.9	56.6	56.6	55.7	46.7	48.1	46.5	46.6	49.8	45.4	42.8	43.5	42.9	45.1	41.5	41.9	41.3	38.8	36.8	35.4	31.5	25.7	21.7	20.8	20.8	22.0	20.8
2018/01/18 18:11:39	51.5	25.6	25.6	40.6	40.6	52.0	52.0	57.5	57.5	58.8	53.0	46.8	46.7	46.1	42.2	41.5	41.9	40.3	41.6	43.1	40.9	40.9	41.1	37.4	32.7	31.5	27.8	23.1	20.6	20.2	20.8	21.7	20.4
2018/01/18 18:11:41	51.0	24.4	24.4	40.2	40.2	50.1	50.1	55.2	55.2	60.3	57.3	47.0	42.0	44.8	43.3	39.9	40.1	38.8	38.4	42.6	41.3	39.3	39.6	36.4	32.3	30.2	26.6	22.7	20.2	20.0	20.8	21.6	20.5
2018/01/18 18:11:42	49.6	26.2	26.2	39.6	39.6	47.3	47.3	54.7	54.7	55.9	53.5	47.5	41.4	44.8	41.4	37.0	39.4	37.8	39.0	40.5	39.8	39.5	38.8	35.6	31.7	29.8	26.8	23.5	20.8	20.5	20.8	21.8	20.5
2018/01/18 18:11:43	49.0	27.9	27.9	41.8	41.8	50.0	50.0	56.5	56.5	54.9	46.1	47.9	43.1	45.6	41.4	38.1	41.2	37.2	37.9	39.0	38.5	38.7	38.1	35.7	32.7	29.9	26.2	23.1	20.2	20.1	20.9	21.8	20.6
2018/01/18 18:11:44	49.0	26.3	26.3	38.6	38.6	51.8	51.8	58.6	58.6	55.8	45.4	50.0	43.8	45.3	41.7	38.3	40.0	39.3	37.6	38.4	38.7	38.5	36.8	34.8	33.1	30.3	26.5	23.3	20.8	20.8	20.9	21.8	20.7
2018/01/18 18:11:44	54.2	27.9	27.9	41.4	41.4	57.5	57.5	63.0	63.0	59.0	48.1	53.5	51.8	56.9	44.3	42.4	45.6	43.9	42.4	41.7	41.6	41.5	42.3	40.7	39.4	36.1	29.8	25.6	21.3	20.6	20.8	21.9	20.5
2018/01/18 18:11:46	55.8	34.7	34.7	47.6	47.6	66.3	66.3	69.3	69.3	60.9	50.9	53.5	57.2	58.5	42.9	46.2	47.8	45.1	39.6	41.3	42.2	42.5	42.3	41.6	38.1	33.8	29.9	25.1	21.3	20.4	20.7	22.0	20.6
2018/01/18 18:11:47	52.5	33.8	33.8	45.3	45.3	63.9	63.9	66.5	66.5	57.8	50.0	49.0	51.5	51.5	43.0	44.3	41.7	40.2	39.1	42.1	41.9	40.6	40.1	38.7	34.9	31.6	28.0	23.5	21.0	20.1	21.0	21.7	20.4
2018/01/18 18:11:48	52.2	31.4	31.4	44.4	44.4	59.7	59.7	61.4	61.4	53.0	47.3	47.0	46.1	45.8	41.2	40.4	39.4	39.4	39.2	40.3	43.1	46.5	40.7	37.1	34.2	35.8	27.9	23.9	20.8	20.7	21.0	21.9	20.5
2018/01/18 18:11:49	49.5	29.4	29.4	47.1	47.1	59.0	59.0	58.7	58.7	49.0	44.8	45.7	45.4	46.9	41.9	39.8	40.0	37.0	38.4	39.4	39.3	40.2	38.7	35.8	31.8	33.3	27.1	24.0	20.7	20.6	20.8	21.8	20.6
2018/01/18 18:11:50	47.4	25.9	25.9	43.9	43.9	51.0	51.0	49.9	49.9	46.2	43.3	48.7	42.4	44.3	41.4	42.3	39.9	35.7	36.4	38.0	36.5	36.4	34.0	33.0	29.2	29.6	27.1	23.4	20.9	20.3	20.7	21.6	20.4
2018/01/18 18:11:51	47.5	30.8	30.8	47.5	47.5	51.8	51.8	49.5	49.5	44.6	42.4	46.4	43.6	46.3	41.1	42.7	42.3	39.5	35.8	36.5	35.1	34.7	32.4	32.5	28.4	29.1	28.4	22.3	20.4	20.2	20.8	21.7	20.5
2018/01/18 18:11:52	46.4	32.0	32.0	49.0	49.0	53.0	53.0	47.7	47.7	43.1	43.3	45.7	41.3	43.5	42.5	42.2	40.6	36.3	35.7	35.7	34.6	34.5	31.7	29.8	27.8	25.5	24.0	21.9	20.0	20.3	20.5	21.8	20.5
2018/01/18 18:11:53	48.6	26.7	26.7	42.6	42.6	49.1	49.1	47.7	47.7	44.5	42.8	46.5	42.9	46.2	46.2	46.2	42.6	39.3	36.5	35.9	36.2	36.0	32.7	30.7	28.6	27.7	28.0	24.3	20.9	20.5	20.9	21.6	20.7
2018/01/18 18:11:54	46.4	24.6	24.6	38.3	38.3	45.2	45.2	45.0	45.0	43.8	41.1	45.4	40.7	43.3	46.2	44.1	37.5	33.3	35.0	34.3	34.2	33.1	30.7	28.4	26.6	25.7	23.3	22.2	21.6	20.8	20.9	21.8	20.6
2018/01/18 18:11:55	47.3	25.2	25.2	39.9	39.9	49.2	49.2	49.3	49.3	45.4	43.4	47.0	41.9	43.9	45.0	43.7	42.5	36.4	36.9	35.3	34.7	33.8	31.1	30.3	27.8	28.7	27.0	25.3	21.5	22.5	21.1	21.8	20.6
2018/01/18 18:11:56	49.3	26.6	26.6	39.9	39.9	47.8	47.8	47.9	47.9	47.0	44.8	46.3	41.9	47.4	44.9	45.7	45.0	36.1	36.8	36.7	35.8	34.3	37.4	37.0	34.0	31.9	27.9	27.0	23.7	21.9	21.2	21.9	21.0
2018/01/18 18:11:57	48.3	25.6	25.6	40.1	40.1	49.5	49.5	48.5	48.5	44.0	40.8	45.9	42.3	45.3	46.3	44.9	42.5	38.3	37.3	35.4	36.0	34.3	32.7	32.3	31.7	30.8	29.2	26.5	22.5	21.7	21.3	22.1	20.9
2018/01/18 18:11:58	47.6	26.0	26.0	39.9	39.9	50.1	50.1	48.9	48.9	42.0	41.7	46.8	41.7	43.8	44.0	43.2	39.1	38.5	39.5	35.8	36.0	34.8	32.2	31.2	30.7	31.2	31.5	26.8	22.7	22.1	22.0	22.9	21.7
2018/01/18 18:11:59	45.1	25.5	25.5	40.4	40.4	50.5	50.5	50.1	50.1	44.9	42.4	45.2	40.1	40.5	38.3	40.2	36.9	37.6	36.4	34.4	33.5	32.3	30.6	29.3	28.6	27.7	26.9	25.2	23.0	22.2	21.8	22.5	21.4
2018/01/18 18:12:00	50.0	27.1	27.1	38.7	38.7	49.4	49.4	49.6	49.6	45.6	42.6	43.7	40.5	44.5	41.2	40.5	46.4	41.0	38.3	45.5	35.5	35.5	34.2	32.0	29.8	29.0	27.8	26.0	24.4	23.0	22.8	23.3	22.6
2018/01/18 18:12:01	46.5	25.0	25.0	38.8	38.8	50.1	50.1	49.6	49.6	43.3	43.2	41.3	40.2	40.6	39.1	39.3	41.6	38.0	36.9	38.1	34.3	35.4	32.9	31.2	29.8	27.7	26.8	24.0	23.4	21.8	22.1	23.8	22.3
2018/01/18 18:12:01	46.9	26.2	26.2	40.6	40.6	51.1	51.1	50.8	50.8	45.6	42.0	43.4	39.9	42.9	39.2	38.7	39.7	38.6	39.2	35.2	35.9	35.0	32.9	31.2	31.8	31.2	32.8	28.2	23.6	22.8	22.1	22.5	21.2
2018/01/18 18:12:02	49.5	26.8	26.8	41.8	41.8	51.1	51.1	50.0	50.0	44.7	44.3	43.0	41.0	45.0	41.6	38.1	46.7	41.3	37.4	40.7	37.3	37.8	35.6	33.2	32.5	31.9	33.0	31.5	29.0	27.4	26.0	25.8	24.0
2018/01/18 18:12:04	46.5	26.4	26.4	39.7	39.7	50.7	50.7	50.1	50.1	44.5	42.8	43.4	38.3	41.1	37.0	36.3	37.8	36.6	36.1	35.2	36.2	35.6	34.0	33.3	35.1	33.3	31.7	27.3	24.1	22.9	23.2	24.0	22.8
2018/01/18 18:12:05	51.5	27.0	27.0	41.8	41.8	51.3	51.3	50.3	50.3	45.0	44.3	46.9	41.3	43.2	41.7	41.6	45.0	40.1	41.7	45.5	42.9	38.5	37.3	37.6	36.0	32.8	32.1	29.5	26.3	25.7	26.5	27.4	26.1
2018/01/18 18:12:06	50.0	25.7	25.7	40.6	40.6	49.7	49.7	48.9	48.9	44.6	44.9	46.5	41.5	44.3	41.2	43.0	45.7	42.3	41.5	40.3	38.5	37.3	36.6	35.5	33.2	31.6	29.5	25.8	22.8	22.2	21.6	22.2	21.0
2018/01/18 18:12:06	49.4	26.8	26.8	43.7	43.7	52.4	52.4	50.9	50.9	43.9	43.4	43.7	42.0	45.0	40.7	42.6	43.8	41.0	39.9	39.4	39.7	38.5	36.2	34.8	32.8	31.6	29.3	26.9	22.5	21.3	21.5	22.2	20.7
2018/01/18 18:12:08	53.7	25.7	25.7	44.0	44.0	52.2	52.2	50.7	50.7	44.5	46.0	49.3	46.6	49.4	45.1	44.1	45.1	45.3	39.5	43.0	44.0	44.2	41.4	43.5	38.7	39.3	33.9	28.4	23.1	20.8	20.9	21.7	20.5
2018/01/18 18:12:09	51.9	29.7	29.7	49.5	49.5	54.5	54.5	50.1	50.1	48.0	48.2	50.4	45.0	47.5	41.4	40.9	42.5	43.6	40.8	39.6	41.0	41.0	42.2	41.8	37.9	35.4	31.2	26.9	22.3	20.8	21.1	21.9	20.7
2018/01/18 18:12:10	50.2	31.6	31.6	53.8	53.8	61.4	61.4	57.5	57.5	47.7	45.0	48.3	43.6	44.8	40.5	43.3	44.5	42.5	38.4	37.8	38.6	38.5	39.8	37.4	35.2	33.5	28.9	25.7	21.1	20.7	21.0	21.6	20.6
2018/01/18 18:12:11	50.7	33.7	33.7	49.6	49.6	61.5	61.5	60.8	60.8	49.5	46.7	47.0	43.1	44.0	39.4	37.4	45.7	42.0	39.4	41.8	39.0	39.6	40.1	36.1	34.4	31.3	27.6	23.6	20.7	20.3	20.7	21.5	20.4
2018/01/18 18:12:12	51.2	33.3	33.3	45.7	45.7	63.0	63.0	65.4	65.4	56.5	46.6	50.5	45.9	47.6	40.9	41.2	43.9	39.6	38.3	40.4	38.5	40.0	40.5	37.2	36.0	32.5	28.3	23.7	20.2	20.3	21.0	21.7	20.7
2018/01/18 18:12:13	48.6	26.0	26.0	37.5	37.5	57.2	57.2	63.5	63.5	58.9	44.2	48.3	40.3	44.4	38.3	38.5	39.4	39.6	35.0	36.1	37.0	36.2	36.7	34.2	31.7	28.9	25.5	22.7	20.4	20.3	20.8	21.7	20.6
2018/01/18 18:12:14	50.2	24.6	24.6	38.5	38.5	52.1	52.1	58.3	58.3	53.3	43.1	47.7	39.6	43.0	36.6	38.7	49.0	42.1	38.7	41.1	37.1	37.3	36.0	32.4	30.5	28.2	26.0	23.0	20.7	20.4	20.8	22.2	20.6
2018/01/18 18:12:15	46.8	25.4	25.4	37.4	37.4	52.9	52.9	58.5	58.5	53.6	43.4	45.3	37.7	41.8	39.5	37.6	39.8	36.4	34.9	36.6	36.6	35.2	34.4	32.7	30.0	28.1	25.3	22.5	20.3	20.4	20.9	21.9	20.8
2018/01/18 18:12:15	53.3	26.1	26.1	38.6	38.6	52.6	52.6	58.7	58.7	54.7	45.0	48.2	41.3	42.7	39.8	39.7	54.4	41.9	39.8	41.5	37.6	37.1	35.9	33.7	31.1	28.0	24.4	21.9	20.0	19.9	20.8	21.6	20.5
2018/01/18 18:12:17	48.1	24.7	24.7	39.0	39.0	51.1	51.1	56.2	56.2	51.8	44.3	47.5	41.3	42.1	39.5	38.1	40.5	41.8	40.8	37.7	36.3	35.8	34.2	33.6	29.5	27.7	25.3	22.1	20.2	20.0	20.6	21.7	20.4
2018/01/18 18:12:18	46.7	25.9	25.9	40.0	40.0	55.7	55.7	59.1	59.1	51.6	45.9	45.4	41.2	42.3	38.5	36.8	38.5	35.1	35.7	37.2	35.7	35.3	34.2	32.1	31.1	31.1	28.0	24.1	21.0	20.7	22.8	22.0	20.6
2018/01/18 18:12:19	50.8	24.3	24.3	38.6	38.6	55.1	55.1	59.2	59.2	53.1	44.4	44.6	41.5	40.8	39.2	36.7	51.2	39.1	38.2	41.1	36.6	36.2	33.9	31.2	28.6	26.5	24.8	22.8	20.4	20.5	20.9	22.1	20.8
2018/01/18 18:12:20	46.9	25.9	25.9	40.6	40.6	49.6	49.6	53.9	53.9	50.8	44.8	44.6	42.5	41.7	38.2	37.5	38.6	40.7	37.6	36.6	37.0	35.1	33.4	31.9	28.3	28.6	26.0	23.1	21.3	20.5	20.9	21.7	20.6
2018/01/18 18:12:21	53.0	25.4	25.4	38.6	38.6	50.9	50.9	55.9	55.9	51.6	43.8	46.5	42.5	43.9	41.7	41.1	53.8	44.8	39.2	39.7	36.6	38.6	35.5	32.1	28.9	26.8	25.3	22.7	20.5	20.3	20.9	21.8	20.6
2018/01/18 18:12:22	45.1	28.9	28.9	43.0	43.0	54.8	54.8	54.9	54.9	45.7	43.0	42.5	42.1	42.4	37.1	35.9	40.7	35.9	34.5	35.2	34.0	32.5	30.7	27.7	25.9	25.8	26.1	23.2	20.9	20.4	20.6	21.8	20.5
2018/01/18 18:12:23	43.6	24.2	24.2	39.6	39.6	47.7	47.7	46.6	46.6	44.0	41.0	40.0	38.8	40.1	35.6	37.1	35.6	32.4	33.1	34.4	36.2	31.9	28.8	27.1	25.9	24.9	24.0	22.4	20.4	20.3	20.7	21.7	20.6
2018/01/18 18:12:24	46.2	24.0	24.0	38.4	38.4	46.1	46.1	46.1	46.1	44.0	41.8	42.3	38.9	42.8	36.0	36.6	40.7	35.1	32.9	34.9	34.1	35.7	36.9	31.0	29.1	32.8	30.8	30.0	24.8	21.8	21.5	22.6	22.0
2018/01/18 18:12:24	48.6	23.8	23.8	40.3	40.3	47.4	47.4	45.6	45.6	44.8	41.2	43.6	39.9	42.0	37.9	38.0	48.6	37.3	37.8	37.2	35.0	33.2	31.9	30.3	30.0	34.7	29.1	25.8	22.7	21.1	21.2	22.0	20.8
2018/01/18 18:12:26	44.1	24.1	24.1	39.9	39.9	48.1	48.1	48.0	48.0	43.7	40.9	43.2	39.2	40.1	37.3	35.9	37.0	33.4	33.1	34.3	33.4	32.8	31.3	30.2	29.5	28.3	27.6	25.5	22.4	21.6	21.6	22.4	21.2
2018/01/18 18:12:27	43.7	24.3	24.3	39.1	39.1	48.5	48.5	49.8	49.8	45.3	42.9	41.6	38.1	39.1	36.8	36.1	35.7	32.7	31.9	34.4	33.2	32.9	31.5	29.6	28.8	27.1	25.7	22.8	21.0	20.5	21.0	21.9	20.8
2018/01/18 18:12:28	44.6	24.7	24.7	39.7	39.7	47.3	47.3	47.5	47.5	45.5	42.7	43.3	39.6	40.4	35.4	34.3	35.0	32.8	32.2	35.0	34.9	35.1	32.5	31.3	30.2	29.8	29.3	23.6	21.5	20.8	20.8	22.0	20.6
2018/01/18 18:12:29	48.3	24.7	24.7	40.4	40.4	48.8	48.8	50.5	50.5	49.2	43.8	44.1	42.0	41.8	39.2	38.4	38.1	36.1	35.9	38.3	37.9	39.0	38.0	37.0	35.8	32.9	28.5	25.1	21.7	20.9	20.9	21.7	20.5
2018/01/18 18:12:29	46.4	24.4	24.4	38.0	38.0	48.9	48.9	51.9	51.9	47.4	41.6	42.9	41.0	42.0	36.8	37.7	39.7	37.2	35.4	36.7	36.2	35.0	35.8	32.7	31.2	27.8	25.9	23.2	21.2	20.5	21.0	21.6	20.6
2018/01/18 18:12:31	44.4	23.6	23.6	36.8	36.8	46.9	46.9	50.0	50.0	46.5	42.3	43.0	40.2	42.7	37.9	36.2	36.0	34.7	33.8	33.8	32.9	33.7	32.1	29.9	28.3	27.0	25.1	23.5	20.9	20.7	21.2	21.8	20.7
2018/01/18 18:12:32	45.4	24.0	24.0	36.2	36.2	47.0	47.0	51.5	51.5	49.9	43.9	44.4	41.3	43.4	39.5	37.5	38.1	35.7	35.1	35.0	34.7	34.1	30.8	29.0	27.9	26.5	25.6	23.2	20.6	20.7	20.9	21.9	20.6
2018/01/18 18:12:33	43.1	23.9	23.9	37.2	37.2	45.0	45.0	46.9	46.9	45.2	43.0	41.2	37.7	40.9	37.0	34.6	36.9	33.9	33.2	33.4	32.1	30.8	29.8	26.9	25.5	25.1	24.4	22.3	20.6	20.5	20.8	21.9	20.5
2018/01/18 18:12:34	43.1	24.6	24.6	36.3	36.3	46.1	46.1	48.1	48.1	45.8	42.8	41.2	38.4	40.8	38.2	32.6	35.2	33.6	33.3	33.4	32.7	31.2	29.1	27.0	25.9	25.1	24.0	22.2	20.5	20.7	20.8	21.8	20.6
2018/01/18 18:12:35	45.2	24.1	24.1	37.2	37.2	45.9	45.9	48.2	48.2	46.6	41.7	43.1	37.5	40.0	35.8	35.6	36.0	35.0	35.4	36.4	34.5	32.6	34.4	35.7	26.6	25.6	24.9	23.1	20.7	20.4	20.8	21.8	20.8
2018/01/18 18:12:36	45.5	25.6	25.6	39.9	39.9	46.1	46.1	45.9	45.9	45.5	41.6	41.7	38.0	40.0	37.4	35.5	36.2	33.9	35.1	36.8	35.2	35.4	35.4	34.0	28.0	26.3	25.3	23.4	20.5	20.5	20.9	21.7	20.7
2018/01/18 18:12:37	45.7	24.1	24.1	39.0	39.0	46.6	46.6	46.1	46.1	44.2	41.6	40.7	37.5	39.7	36.9	34.5	35.0	34.9	37.0	38.3	36.6	34.8	33.7	34.1	27.1	26.0	25.0	22.7	20.5	20.3	20.7	21.7	20.6
2018/01/18 18:12:38	46.1	23.9	23.9	41.5	41.5	48.9	48.9	47.8	47.8	44.3	43.5	43.2	38.6	40.0	38.5	35.8	36.6	36.8	37.5	38.0	36.3	35.3	34.0	31.5	29.9	28.2	27.5	24.7	22.1	21.6	21.5	22.3	21.1
2018/01/18 18:12:38	46.1	24.5	24.5	40.8	40.8	47.8	47.8	46.4	46.4	44.2	43.1	42.5	38.7	40.9	38.4	38.3	36.9	36.5	38.6	37.9	35.2	34.2	33.5	30.8	29.4	28.2	27.7	26.2	24.2	22.2	22.4	23.0	24.0
2018/01/18 18:12:40	47.1	26.2	26.2	40.0	40.0	48.1	48.1	47.1	47.1	46.1	43.7	46.6	41.5	44.1	43.3	39.2	39.0	35.8	38.2	37.2	35.8	35.8	33.8	32.1	29.3	29.8	29.9	24.9	21.8	20.9	20.9	21.9	20.6
2018/01/18 18:12:41	45.5	25.0	25.0	38.4	38.4	45.9	45.9	45.5	45.5	44.3	41.3	43.7	38.2	40.7	35.7	37.6	39.2	36.7	37.3	36.6	34.7	32.5	31.1	29.0	29.2	29.9	29.8	27.5	23.3	22.2	21.7	22.2	21.2
2018/01/18 18:12:42	43.4	23.8	23.8	39.6	39.6	47.1	47.1	45.3	45.3	44.1	42.2	41.3	36.6	38.9	34.0	33.4	35.0	33.8	33.7	34.8	32.8	32.5	30.3	28.2	26.9	27.6	28.4	25.8	22.5	21.6	21.5	22.2	20.7
2018/01/18 18:12:43	50.9	24.9	24.9	41.3	41.3	50.2	50.2	48.7	48.7	43.9	41.7	41.1	36.3	39.2	33.6	36.2	51.4	38.9	36.4	44.3	34.8	34.1	33.5	29.3	27.9	28.4	28.1	24.3	21.8	21.2	21.1	21.7	20.5
2018/01/18 18:12:44	47.8	25.5	25.5	45.3	45.3	51.3	51.3	49.3	49.3	45.2	42.1	41.8	38.5	41.2	37.5	39.2	44.6	37.4	37.9	40.4	35.8	34.9	35.2	31.8	28.5	28.8	27.2	25.2	22.1	21.4	21.4	22.2	20.7
2018/01/18 18:12:44	45.4	24.3	24.3	41.8	41.8	48.5	48.5	46.6	46.6	43.8	42.3	42.5	38.8	39.9	37.6	36.7	38.9	35.0	37.4	36.7	33.9	32.5	32.2	29.9	29.0	29.9	30.4	28.9	25.0	22.4	21.9	22.0	20.9
2018/01/18 18:12:46	51.8	25.0	25.0	40.4	40.4	47.5	47.5	46.4	46.4	43.7	42.9	43.3	38.7	39.9	34.8	36.5	52.6	45.2	37.1	41.5	34.7	34.6	33.9	31.1	29.0	31.1	32.3	29.1	26.3	24.1	22.4	22.8	21.3
2018/01/18 18:12:47	47.6	24.2	24.2	39.8	39.8	47.9	47.9	48.2	48.2	46.2	42.2	41.0	38.3	41.2	36.4	38.6	45.4	37.3	36.9	38.1	35.5	36.9	35.1	30.8	29.2	29.0	30.2	26.7	23.9	21.8	21.5	22.2	20.8
2018/01/18 18:12:48	47.0	26.4	26.4	40.6	40.6	49.9	49.9	48.8	48.8	44.7	43.2	42.6	38.7	42.3	39.7	35.9	40.7	37.3	36.7	37.6	36.1	35.6	35.1	32.2	31.2	31.8	32.4	29.3	25.6	23.4	22.7	22.4	21.2
2018/01/18 18:12:49	48.9	24.6	24.6	39.4	39.4	49.2	49.2	50.5	50.5	46.3	41.8	43.7	41.2	42.4	39.8	37.9	38.8	39.1	38.0	38.7	38.2	37.9	37.9	38.0	35.5	36.0	33.2	30.5	26.2	23.6	22.8	22.8	22.5
2018/01/18 18:12:50	49.2	24.1	24.1	37.0	37.0	46.0	46.0	46.9	46.9	43.3	42.1	43.1	38.1	41.1	40.7	43.9	41.6	36.0	33.6	37.1	35.0	34.6	33.2	33.9	37.6	40.7	38.3	37.6	35.8	31.3	27.7	27.5	25.6
2018/01/18 18:12:51	48.7	24.9	24.9	36.9	36.9	48.1	48.1	49.0	49.0	45.2	43.9	43.8	39.3	42.2	38.7	40.7	38.4	36.9	36.5	36.7	36.0	36.9	35.2	35.0	35.4	38.2	39.1	36.6	31.4	30.1	30.8	32.4	30.2
2018/01/18 18:12:52	48.1	24.3	24.3	39.8	39.8	47.9	47.9	48.6	48.6	45.1	42.8	43.9	38.7	40.8	42.3	40.8	41.3	42.9	37.9	38.5	36.3	33.7	34.1	30.3	31.3	31.9	31.9	30.0	28.5	27.9	26.8	26.8	26.1
2018/01/18 18:12:53	48.7	25.5	25.5	41.0	41.0	49.6	49.6	50.4	50.4	47.4	43.9	43.0	40.5	42.1	39.6	40.9	41.7	42.9	38.1	38.6	36.6	35.5	34.3	32.3	33.0	35.4	35.1	33.4	30.1	29.1	27.9	27.1	25.7
2018/01/18 18:12:54	46.5	26.3	26.3	42.5	42.5	50.7	50.7	50.0	50.0	45.1	42.4	44.3	41.0	42.4	37.4	38.8	40.6	38.7	35.6	37.0	35.0	32.5	32.7	32.5	31.0	31.1	31.4	28.7	26.6	26.7	24.9	24.5	23.3
2018/01/18 18:12:55	47.8	27.6	27.6	42.7	42.7	52.5	52.5	52.5	52.5	46.5	41.9	44.8	41.2	42.7	38.2	38.2	39.1	37.8	38.6	38.2	38.7	36.1	35.4	32.5	32.4	33.3	32.5	28.8	25.2	24.8	23.3	23.5	22.7
2018/01/18 18:12:56	45.3	28.7	28.7	43.2	43.2	52.0	52.0	51.0	51.0	44.9	41.6	43.6	37.5	40.2	36.8	38.8	40.9	36.0	35.4	35.1	33.2	33.0	31.5	30.1	28.9	29.1	29.1	25.8	24.5	23.4	22.9	23.3	22.2
2018/01/18 18:12:57	44.8	27.7	27.7	44.5	44.5	53.2	53.2	52.6	52.6	46.8	42.4	44.2	38.2	40.1	35.9	35.8	37.0	35.3	34.9	36.1	34.6	32.5	31.2	29.6	29.1	28.4	27.7	24.4	22.1	21.4	21.3	22.0	21.0
2018/01/18 18:12:58	46.8	27.4	27.4	42.5	42.5	52.6	52.6	53.2	53.2	46.4	43.2	44.0	39.8	40.2	36.9	37.4	37.0	37.0	37.2	37.1	37.3	35.4	34.1	31.7	32.5	32.2	33.2	30.2	26.2	24.3	23.5	24.6	23.3
2018/01/18 18:12:59	46.2	28.6	28.6	45.1	45.1	53.4	53.4	52.7	52.7	46.8	44.2	43.8	39.4	39.6	37.2	37.3	37.8	37.3	35.2	36.7	36.8	35.0	34.1	31.3	29.7	29.0	30.8	29.2	25.5	24.9	23.3	22.7	21.3
2018/01/18 18:13:00	48.0	31.2	31.2	48.3	48.3	57.6	57.6	55.7	55.7	47.1	43.3	43.1	37.9	42.0	38.0	37.9	38.6	39.2	35.8	39.6	36.7	36.0	35.8	33.0	32.4	34.0	35.3	35.7	29.1	25.3	23.7	22.5	21.1
2018/01/18 18:13:01	47.5	31.2	31.2	46.5	46.5	56.6	56.6	54.9	54.9	47.0	42.6	44.6	38.9	39.4	40.1	39.0	39.9	37.8	36.8	37.8	37.5	36.4	36.6	32.5	32.2	32.8	27.6	25.4	22.2	21.3	21.3	22.4	20.9
2018/01/18 18:13:02	49.1	27.9	27.9	45.2	45.2	54.0	54.0	52.4	52.4	45.8	44.0	42.9	39.7	42.9	38.7	37.0	44.6	37.7	39.0	40.4	38.8	36.6	36.2	34.1	32.8	35.2	35.1	32.6	28.1	25.3	23.5	23.5	22.2
2018/01/18 18:13:03	49.8	28.4	28.4	51.2	51.2	58.3	58.3	54.5	54.5	49.1	45.9	45.1	39.7	42.3	39.1	41.1	41.3	41.1	37.7	39.4	40.7	36.3	38.3	36.5	37.1	36.3	35.6	32.2	27.9	23.3	22.1	22.6	21.2
2018/01/18 18:13:04	49.6	27.1	27.1	48.2	48.2	55.1	55.1	53.5	53.5	51.8	51.0	46.7	41.3	41.4	41.3	41.5	39.3	38.1	38.2	40.5	39.8	37.3	37.1	36.5	37.2	34.2	35.2	33.2	28.4	25.8	24.6	23.8	22.0
2018/01/18 18:13:05	49.7	29.3	29.3	45.6	45.6	54.7	54.7	54.5	54.5	50.4	48.5	47.7	40.1	41.7	41.3	40.0	41.3	39.7	39.5	40.2	39.2	37.6	37.6	36.6	38.1	35.0	33.7	29.1	25.1	23.4	23.4	23.0	21.4
2018/01/18 18:13:06	49.6	27.9	27.9	44.4	44.4	53.2	53.2	54.2	54.2	49.8	45.9	47.1	39.0	41.0	41.2	40.8	43.4	42.3	41.0	40.8	38.2	36.2	36.0	35.4	35.3	33.5	31.3	27.9	24.1	22.7	22.5	22.6	21.6
2018/01/18 18:13:07	48.2	26.4	26.4	43.9	43.9	53.1	53.1	54.0	54.0	49.6	45.0	42.5	37.5	39.7	37.2	36.9	40.5	36.6	36.6	36.6	36.5	36.3	35.9	36.1	36.5	35.7	37.6	32.1	28.3	27.0	24.8	24.7	22.6
2018/01/18 18:13:08	47.8	27.0	27.0	45.8	45.8	54.4	54.4	54.0	54.0	47.1	45.3	46.6	40.4	41.7	38.2	39.8	38.6	37.6	37.2	35.6	36.7	36.1	35.7	34.6	34.9	34.8	34.8	32.4	27.9	24.5	23.9	24.9	24.7
2018/01/18 18:13:09	46.7	28.2	28.2	43.9	43.9	53.6	53.6	54.8	54.8	48.6	43.8	42.9	36.6	40.4	35.9	34.8	38.0	35.2	35.7	35.7	34.5	34.2	33.7	33.0	35.4	36.2	34.1	32.5	26.6	25.9	25.3	25.2	23.9
2018/01/18 18:13:10	47.4	28.4	28.4	42.9	42.9	53.4	53.4	55.2	55.2	49.7	45.0	43.5	37.8	42.8	37.3	39.5	40.1	38.6	36.3	37.9	36.0	37.4	35.2	31.9	31.6	31.1	30.6	27.6	24.6	23.5	23.1	23.2	24.3
2018/01/18 18:13:10	48.5	29.2	29.2	45.7	45.7	56.3	56.3	57.1	57.1	50.7	45.7	45.9	38.2	43.2	40.7	39.6	39.2	39.0	38.9	38.7	37.2	38.1	37.6	34.4	33.1	32.2	30.6	26.4	23.8	22.4	22.0	22.8	21.9
2018/01/18 18:13:12	48.0	27.6	27.6	42.9	42.9	52.2	52.2	52.8	52.8	47.3	45.5	45.7	38.0	41.4	40.1	38.3	39.8	40.3	37.0	39.5	37.8	35.9	37.3	33.2	32.7	31.7	29.3	25.3	23.2	22.0	21.6	22.5	21.2
2018/01/18 18:13:13	45.0	25.2	25.2	43.3	43.3	51.5	51.5	52.8	52.8	48.7	43.7	42.6	37.0	38.0	37.0	35.6	37.8	36.2	33.3	35.9	34.7	33.2	33.0	30.8	29.7	28.9	27.7	26.3	24.5	22.6	22.1	22.4	21.2
2018/01/18 18:13:14	45.6	26.5	26.5	41.1	41.1	50.8	50.8	54.0	54.0	50.4	44.5	44.8	37.3	41.3	36.6	36.3	37.3	35.7	35.5	36.0	35.4	33.8	33.4	31.5	30.0	28.5	28.1	25.6	23.5	23.1	21.6	22.0	21.2
2018/01/18 18:13:14	45.2	25.4	25.4	40.4	40.4	50.3	50.3	52.7	52.7	48.9	43.2	42.1	36.3	40.7	36.4	35.3	38.1	35.8	35.3	36.0	34.2	33.9	33.5	30.9	29.0	27.6	27.6	25.8	24.3	22.9	21.4	21.9	21.1
2018/01/18 18:13:16	43.6	26.4	26.4	43.1	43.1	53.1	53.1	53.6	53.6	48.5	45.3	42.0	36.2	36.8	35.3	35.4	35.5	32.5	31.8	32.8	33.5	32.2	31.5	30.3	28.5	27.0	26.8	24.5	22.3	21.4	21.4	22.0	20.8
2018/01/18 18:13:16	46.7	28.3	28.3	41.9	41.9	52.7	52.7	55.3	55.3	50.0	44.0	49.1	37.2	40.8	37.4	35.3	37.0	35.3	34.4	36.9	35.0	35.2	36.6	36.1	32.1	28.9	26.9	24.2	21.7	21.4	21.1	22.3	21.1
2018/01/18 18:13:18	47.4	24.6	24.6	41.9	41.9	52.2	52.2	53.8	53.8	47.5	42.8	41.6	35.3	42.9	35.7	35.1	39.0	38.0	39.4	40.2	35.9	38.2	35.3	31.8	29.7	27.1	26.9	23.0	20.6	20.3	20.7	21.9	20.5
2018/01/18 18:13:19	45.9	26.3	26.3	42.7	42.7	52.6	52.6	53.3	53.3	47.2	44.2	41.8	34.9	37.8	35.2	37.7	38.4	39.0	34.7	33.7	37.0	36.0	31.6	34.3	29.7	27.6	25.4	23.3	21.4	21.0	21.1	22.0	20.6
2018/01/18 18:13:20	46.2	27.2	27.2	43.0	43.0	52.2	52.2	52.3	52.3	47.9	45.3	42.4	37.9	39.0	34.6	38.7	40.5	36.5	36.0	34.6	35.7	35.1	35.1	33.2	28.8	29.9	28.8	26.5	24.6	23.7	22.3	23.2	22.6
2018/01/18 18:13:21	46.8	26.7	26.7	41.4	41.4	51.3	51.3	52.7	52.7	47.6	42.7	42.3	35.8	39.2	38.2	39.4	43.8	35.4	33.4	34.9	35.7	34.6	37.5	31.7	29.9	29.1	28.3	25.3	22.3	21.6	21.6	22.2	21.3
2018/01/18 18:13:22	53.2	25.8	25.8	39.9	39.9	50.1	50.1	51.6	51.6	47.5	44.7	43.0	38.6	40.3	39.3	39.4	43.6	40.1	42.1	41.9	40.1	44.6	44.4	43.5	41.4	39.2	37.8	32.2	25.1	22.1	21.5	22.1	20.8
2018/01/18 18:13:23	47.8	23.8	23.8	42.6	42.6	50.8	50.8	50.4	50.4	46.7	43.6	38.9	39.4	40.4	36.3	37.4	38.9	38.2	36.9	37.3	34.9	38.3	38.4	36.2	34.8	34.3	32.0	25.9	22.5	21.2	21.3	22.0	20.8
2018/01/18 18:13:24	49.4	25.0	25.0	40.0	40.0	49.5	49.5	49.5	49.5	45.8	42.6	40.6	36.4	38.5	37.4	35.6	38.4	38.8	38.2	39.3	38.8	39.2	38.6	38.3	38.7	37.2	35.5	29.4	23.8	21.6	21.4	22.1	20.8
2018/01/18 18:13:24	43.5	24.7	24.7	41.2	41.2	50.4	50.4	50.7	50.7	45.4	41.3	41.2	35.9	39.0	37.5	35.6	35.1	33.5	33.5	33.2	33.5	33.8	29.5	28.5	25.8	26.0	25.3	23.5	21.5	20.8	21.1	22.1	21.3
2018/01/18 18:13:26	42.7	24.4	24.4	39.4	39.4	48.9	48.9	50.3	50.3	46.7	43.0	40.2	35.5	36.7	33.7	32.7	35.6	34.7	32.6	35.1	31.9	30.8	28.2	26.8	25.4	24.2	23.3	21.9	20.6	20.2	20.9	21.8	20.6
2018/01/18 18:13:27	47.8	25.1	25.1	40.6	40.6	50.8	50.8	51.8	51.8	48.6	42.8	46.5	39.3	39.1	40.5	47.1	42.9	36.7	33.0	35.1	39.3	34.3	32.9	27.3	26.4	26.0	24.1	24.2	21.1	20.6	20.7	21.8	20.6
2018/01/18 18:13:28	46.7	25.1	25.1	41.4	41.4	50.7	50.7	52.4	52.4	50.1	44.7	44.9	37.7	43.4	36.5	41.9	38.4	34.3	33.0	34.7	37.9	34.8	37.2	30.0	30.7	29.4	28.7	28.4	25.7	24.3	23.2	23.2	21.9
2018/01/18 18:13:29	43.3	26.4	26.4	40.8	40.8	52.1	52.1	53.7	53.7	48.6	42.9	42.0	36.8	39.7	35.0	34.9	36.2	32.4	32.7	34.1	33.2	31.0	29.8	27.1	25.6	26.0	24.3	23.0	21.5	21.6	21.4	22.9	21.6
