DataTime                     	dB(A)	16	20	25	31.5	40	50	63	80	100	125	160	200	250	315	400	500	630	800	1000	1250	1600	2000	2500	3150	4000	5000	6300	8000	10000	12500	16000	20000
2018/01/18 17:59:40	53.7	32.9	32.9	50.6	50.6	59.7	59.7	58.7	58.7	55.6	54.1	53.7	46.6	48.5	48.4	43.4	44.6	46.1	41.4	41.7	35.6	37.9	40.3	40.5	42.7	42.4	41.4	37.2	30.3	24.9	21.8	22.5	21.0
2018/01/18 17:59:41	55.3	35.5	35.5	50.8	50.8	60.8	60.8	60.9	60.9	57.7	53.5	53.7	45.1	49.3	49.5	43.7	44.6	47.2	42.5	43.5	36.3	41.5	42.2	42.8	44.2	44.7	44.6	40.2	31.4	26.6	22.1	22.4	21.1
2018/01/18 17:59:42	56.8	36.0	36.0	50.5	50.5	60.6	60.6	60.9	60.9	56.3	57.1	58.6	47.4	49.1	47.5	46.3	48.0	51.5	45.3	43.5	39.8	44.1	43.8	43.1	45.2	44.0	42.4	39.6	31.5	26.8	23.5	23.6	22.3
2018/01/18 17:59:43	58.3	38.3	38.3	51.6	51.6	63.1	63.1	63.0	63.0	54.7	52.3	56.3	47.3	51.8	50.6	47.7	48.4	48.8	47.2	46.0	41.5	47.2	46.9	46.6	47.3	46.8	45.5	43.5	34.0	29.0	24.2	22.8	21.3
2018/01/18 17:59:44	58.5	36.2	36.2	51.7	51.7	62.6	62.6	62.2	62.2	54.1	53.0	53.6	49.2	54.2	50.7	49.6	49.0	50.0	48.1	45.8	41.4	43.8	45.8	47.5	47.8	47.0	46.0	43.4	33.6	30.7	25.7	23.1	21.5
2018/01/18 17:59:45	63.7	37.1	37.1	50.0	50.0	60.9	60.9	62.4	62.4	57.1	53.6	58.9	54.1	57.9	54.2	51.6	54.5	53.6	51.4	50.7	46.7	48.5	51.0	52.8	54.4	53.8	52.0	51.8	43.5	39.3	34.0	29.0	27.0
2018/01/18 17:59:46	68.2	40.2	40.2	52.1	52.1	62.3	62.3	63.2	63.2	59.1	62.0	63.3	53.8	58.5	57.1	54.7	58.3	56.9	56.3	55.9	52.4	52.1	53.2	55.5	58.1	59.8	59.1	56.7	50.6	46.3	42.1	38.5	35.3
2018/01/18 17:59:47	69.8	40.2	40.2	55.8	55.8	68.6	68.6	69.9	69.9	66.3	66.5	65.4	59.1	62.0	59.9	61.3	58.8	58.7	60.1	59.9	56.9	54.5	55.4	55.2	57.3	60.0	61.0	55.8	49.3	45.1	41.7	39.6	37.8
2018/01/18 17:59:48	70.0	38.0	38.0	59.3	59.3	67.7	67.7	67.1	67.1	66.0	65.6	67.4	59.9	62.1	59.5	54.9	56.5	59.9	60.1	61.0	59.2	56.5	55.3	54.6	56.5	59.5	61.2	55.8	47.4	44.8	40.9	39.7	37.4
2018/01/18 17:59:49	62.8	39.3	39.3	56.7	56.7	66.5	66.5	65.8	65.8	61.8	59.9	59.3	54.1	59.6	55.0	51.5	54.2	53.8	54.0	51.4	47.9	50.3	51.0	51.5	52.3	48.9	44.9	41.8	33.3	26.7	23.5	22.9	21.3
2018/01/18 17:59:50	66.6	37.0	37.0	57.1	57.1	65.7	65.7	63.5	63.5	56.8	56.8	58.8	54.7	60.9	55.6	53.9	56.7	57.8	57.2	55.2	50.3	54.0	55.6	56.3	55.9	55.1	52.7	51.1	42.0	39.7	36.6	35.6	35.5
2018/01/18 17:59:51	71.1	37.9	37.9	60.9	60.9	67.7	67.7	64.6	64.6	58.6	57.6	60.5	58.5	63.0	60.8	59.3	61.7	62.1	63.6	61.8	58.8	58.1	58.4	58.3	58.7	58.9	59.2	55.0	47.2	42.9	41.1	38.1	37.2
2018/01/18 17:59:52	65.5	41.7	41.7	57.8	57.8	64.1	64.1	65.2	65.2	61.6	57.4	59.9	56.2	59.0	55.0	52.5	55.6	55.4	57.9	59.0	54.3	52.3	52.0	49.7	51.8	51.7	51.9	46.2	37.1	34.6	31.7	30.0	28.7
2018/01/18 17:59:53	57.1	39.8	39.8	57.5	57.5	63.0	63.0	62.0	62.0	56.9	53.2	53.1	46.6	52.9	49.8	47.2	48.2	46.9	46.3	47.2	43.9	44.5	45.7	44.8	45.3	45.0	41.6	39.5	29.5	28.4	28.2	26.7	25.2
2018/01/18 17:59:54	57.6	39.7	39.7	59.5	59.5	70.2	70.2	69.9	69.9	59.0	55.0	53.9	49.1	54.0	49.7	48.1	46.9	46.4	45.5	45.2	43.1	44.3	45.6	44.9	48.0	44.6	42.0	38.8	29.3	28.8	27.2	25.2	22.8
2018/01/18 17:59:55	59.2	46.5	46.5	59.5	59.5	74.1	74.1	75.3	75.3	65.0	56.6	58.5	49.1	54.0	52.0	48.4	48.8	46.9	45.1	45.8	42.3	45.5	45.6	46.2	48.4	46.5	42.8	40.1	32.7	31.5	28.5	26.7	23.6
2018/01/18 17:59:56	59.0	44.7	44.7	60.9	60.9	71.7	71.7	70.0	70.0	58.2	56.3	58.4	50.0	53.4	51.1	49.3	51.8	46.8	46.9	46.1	43.3	45.3	47.1	47.1	47.9	47.5	43.8	42.5	35.8	34.5	31.1	27.8	25.6
2018/01/18 17:59:57	63.7	36.0	36.0	65.0	65.0	71.1	71.1	65.4	65.4	60.1	62.1	60.1	51.9	56.5	54.2	53.4	63.1	52.3	50.1	48.6	46.3	48.2	49.7	49.5	49.7	49.3	48.2	48.2	40.2	37.6	32.7	31.2	28.8
2018/01/18 17:59:58	72.1	42.9	42.9	66.7	66.7	74.8	74.8	71.8	71.8	68.1	65.8	69.2	62.1	64.0	67.1	64.2	62.0	64.9	59.3	57.2	59.0	58.6	59.0	60.2	60.5	61.0	60.2	56.0	50.6	46.4	43.3	41.6	39.7
2018/01/18 17:59:59	75.8	46.4	46.4	66.1	66.1	75.2	75.2	72.8	72.8	69.2	65.5	65.2	60.0	63.3	64.5	65.7	66.5	69.9	64.6	64.5	62.8	60.9	61.2	63.6	63.0	65.3	65.7	62.2	57.5	54.1	53.0	52.7	51.7
2018/01/18 18:00:00	71.5	45.7	45.7	62.8	62.8	73.4	73.4	72.1	72.1	64.9	64.9	65.5	65.6	67.4	60.9	58.1	63.0	64.3	62.2	59.4	57.3	56.5	58.3	59.8	60.0	61.4	58.0	54.9	50.1	47.2	45.3	46.5	45.4
2018/01/18 18:00:01	73.0	56.7	56.7	72.9	72.9	84.4	84.4	83.1	83.1	70.0	66.0	64.6	64.2	65.4	60.4	58.7	62.5	61.5	60.6	60.5	60.7	59.8	60.2	59.7	61.8	64.2	62.3	60.3	52.9	49.2	48.4	47.4	47.0
2018/01/18 18:00:02	68.7	51.5	51.5	67.5	67.5	79.9	79.9	79.3	79.3	67.5	65.8	64.5	58.5	61.3	57.6	57.7	57.7	57.3	59.3	55.6	52.0	54.3	55.7	56.4	59.1	58.8	57.0	52.2	46.2	46.3	41.1	39.5	34.2
2018/01/18 18:00:03	72.5	44.9	44.9	64.9	64.9	73.0	73.0	71.3	71.3	66.5	64.2	66.3	60.0	63.2	59.4	60.1	61.3	58.8	61.7	59.9	58.3	57.2	59.0	58.6	61.5	64.3	64.5	58.1	55.4	53.8	52.5	52.8	49.1
2018/01/18 18:00:04	66.0	41.8	41.8	60.8	60.8	70.3	70.3	70.1	70.1	67.2	62.1	61.0	56.2	58.1	56.8	56.5	58.5	56.8	59.1	55.8	52.7	51.9	52.1	52.5	53.4	53.5	51.4	46.9	41.6	38.1	33.3	29.8	26.8
2018/01/18 18:00:05	68.3	37.2	37.2	54.9	54.9	63.7	63.7	64.2	64.2	60.5	59.3	62.3	55.8	58.6	57.2	57.2	64.2	59.7	58.9	54.5	51.2	53.6	54.8	54.1	57.4	57.3	56.6	54.6	51.2	43.7	38.8	36.6	34.3
2018/01/18 18:00:06	70.1	39.8	39.8	60.2	60.2	68.6	68.6	66.2	66.2	59.3	59.4	64.0	58.7	64.4	60.6	58.6	62.0	60.0	59.8	59.6	58.8	56.4	57.5	56.4	58.6	58.5	59.1	56.5	51.7	45.5	43.3	43.3	41.4
2018/01/18 18:00:07	65.9	39.6	39.6	57.7	57.7	67.2	67.2	67.4	67.4	60.6	58.7	58.7	54.8	61.4	60.9	55.5	56.5	56.5	56.4	54.4	51.4	54.8	54.8	53.9	53.9	52.0	52.4	48.6	44.5	40.7	36.7	34.2	32.9
2018/01/18 18:00:08	67.5	38.1	38.1	57.4	57.4	66.0	66.0	67.1	67.1	62.5	59.5	60.7	55.6	62.5	61.6	56.0	57.7	56.6	59.3	59.2	56.7	54.1	55.1	52.5	53.8	55.1	54.3	49.8	46.0	39.6	37.9	36.4	33.0
2018/01/18 18:00:09	65.3	36.7	36.7	54.3	54.3	64.3	64.3	66.1	66.1	61.4	60.3	65.0	56.8	58.9	58.8	56.4	56.1	56.3	53.9	53.1	52.1	53.2	52.7	53.5	54.5	53.6	51.1	45.2	41.9	33.6	30.7	26.9	25.4
2018/01/18 18:00:10	70.2	38.1	38.1	54.3	54.3	65.3	65.3	68.0	68.0	62.8	61.1	66.3	61.7	61.8	59.9	57.4	59.7	58.7	59.6	60.7	59.3	59.3	57.4	56.2	58.4	59.2	59.2	55.7	49.8	45.7	42.8	39.8	34.9
2018/01/18 18:00:11	65.6	36.0	36.0	52.5	52.5	64.3	64.3	67.9	67.9	63.9	60.5	62.5	56.9	57.9	57.0	52.0	56.7	56.2	56.1	57.3	57.2	53.5	52.9	49.4	52.8	51.9	48.8	42.3	35.6	32.2	27.9	26.7	24.6
2018/01/18 18:00:12	65.5	36.4	36.4	54.5	54.5	64.4	64.4	64.9	64.9	61.3	59.6	59.4	54.4	60.1	58.6	53.5	56.7	55.6	57.7	56.7	56.9	53.9	52.4	50.6	51.4	50.6	48.1	42.5	37.1	31.5	29.3	27.2	30.7
2018/01/18 18:00:13	66.2	35.5	35.5	57.8	57.8	65.0	65.0	64.7	64.7	63.6	62.2	60.0	52.9	60.3	57.5	54.8	56.4	56.6	58.4	57.8	57.4	54.2	52.9	50.7	52.3	52.2	50.4	44.2	38.6	34.5	30.4	32.9	31.1
2018/01/18 18:00:14	66.9	38.2	38.2	56.5	56.5	61.8	61.8	60.6	60.6	61.7	61.4	58.6	53.3	59.2	58.2	56.1	56.9	57.2	57.9	60.0	56.4	55.3	53.8	52.5	53.4	53.7	51.9	45.0	42.0	37.0	32.9	32.3	31.8
2018/01/18 18:00:15	67.5	33.4	33.4	52.3	52.3	60.1	60.1	61.0	61.0	60.9	59.6	56.1	51.9	57.7	57.2	53.8	55.9	56.9	57.1	56.5	58.1	52.7	52.3	52.3	53.4	57.1	59.8	54.3	50.4	47.9	43.7	42.9	40.4
2018/01/18 18:00:16	64.2	35.4	35.4	50.1	50.1	63.9	63.9	70.1	70.1	66.4	60.3	55.5	50.3	55.9	58.0	52.1	52.3	55.3	53.2	54.7	54.5	52.8	51.0	49.0	50.8	52.5	52.3	46.8	43.5	39.9	38.2	38.3	35.6
2018/01/18 18:00:17	63.0	34.8	34.8	52.0	52.0	60.1	60.1	62.7	62.7	59.7	56.8	57.7	50.8	56.8	56.1	52.2	53.8	56.4	54.7	53.8	54.1	51.1	49.7	46.8	46.4	46.5	45.1	41.6	36.4	35.1	30.8	27.8	24.9
2018/01/18 18:00:18	62.1	32.1	32.1	54.1	54.1	61.3	61.3	61.1	61.1	58.5	54.5	55.2	49.7	56.1	55.1	52.6	53.3	56.2	53.2	52.3	49.1	48.5	48.4	48.2	48.8	50.2	47.2	44.0	38.2	35.9	30.2	27.5	24.3
2018/01/18 18:00:19	62.5	29.3	29.3	51.6	51.6	58.8	58.8	61.5	61.5	59.7	55.3	57.5	52.2	58.1	55.5	52.4	56.1	54.1	53.5	52.8	48.9	48.8	49.1	48.7	49.0	50.9	48.5	42.0	40.2	33.2	29.4	26.9	23.8
2018/01/18 18:00:20	69.1	35.2	35.2	56.5	56.5	63.8	63.8	67.2	67.2	66.0	59.6	63.6	58.5	60.3	58.2	56.5	58.9	59.9	59.9	60.7	57.2	54.9	53.5	55.8	53.8	58.0	60.6	53.3	46.2	41.1	36.0	33.2	30.9
2018/01/18 18:00:21	67.0	38.1	38.1	58.2	58.2	63.6	63.6	68.2	68.2	69.2	60.4	66.9	63.7	59.1	58.1	55.8	57.6	58.1	59.4	59.8	56.8	53.5	50.6	50.7	51.3	51.0	51.5	46.5	40.3	37.6	30.6	29.5	29.8
2018/01/18 18:00:22	64.9	33.6	33.6	54.2	54.2	62.3	62.3	66.5	66.5	68.6	61.6	63.9	61.6	59.1	56.9	54.0	59.3	57.1	55.7	57.2	53.0	49.3	47.6	47.5	50.4	50.0	48.0	42.9	37.0	35.3	28.6	25.5	23.6
2018/01/18 18:00:23	63.1	37.9	37.9	58.9	58.9	67.5	67.5	69.0	69.0	67.6	64.5	64.6	58.1	58.9	54.8	51.6	55.2	58.1	53.8	53.4	49.4	47.0	46.2	45.5	49.0	47.2	44.5	41.3	36.1	33.6	30.8	27.2	23.8
2018/01/18 18:00:24	61.4	35.9	35.9	56.0	56.0	64.8	64.8	64.6	64.6	59.3	57.7	61.2	55.1	55.3	54.1	52.0	52.7	55.4	55.7	50.9	47.3	46.1	45.4	44.2	47.9	46.2	43.1	40.7	35.3	33.6	28.3	25.2	22.4
2018/01/18 18:00:25	61.3	34.3	34.3	54.4	54.4	62.8	62.8	64.1	64.1	61.3	60.6	65.9	51.6	57.2	56.0	53.0	51.6	54.1	52.6	50.3	48.3	47.3	47.2	44.1	45.9	46.4	43.0	39.8	33.2	35.9	26.2	23.7	21.7
2018/01/18 18:00:26	67.4	34.7	34.7	55.8	55.8	64.9	64.9	65.1	65.1	59.6	57.8	68.7	57.4	59.4	58.0	55.8	58.3	58.2	59.6	58.5	58.5	56.0	53.3	49.8	51.2	53.8	52.4	48.8	42.0	38.5	32.5	29.3	28.1
2018/01/18 18:00:27	66.8	32.5	32.5	53.6	53.6	62.4	62.4	62.8	62.8	60.0	56.9	61.5	55.8	60.3	58.4	57.3	59.9	58.2	57.6	57.6	53.9	55.5	56.7	53.3	50.3	52.8	51.5	46.3	39.1	37.3	31.1	28.7	25.9
2018/01/18 18:00:28	68.5	37.0	37.0	56.9	56.9	65.2	65.2	62.2	62.2	54.7	54.2	59.5	54.8	58.3	55.3	53.7	56.6	60.9	61.7	57.1	57.5	53.9	56.9	55.1	57.4	58.3	54.5	49.0	42.0	37.4	34.0	31.9	30.3
2018/01/18 18:00:29	68.5	32.7	32.7	52.7	52.7	60.3	60.3	58.9	58.9	55.6	53.8	57.4	56.7	58.7	58.1	55.6	58.4	57.9	60.6	59.7	57.3	54.3	56.4	54.4	57.2	58.4	55.9	51.9	43.8	39.5	35.3	32.7	30.0
2018/01/18 18:00:30	64.7	32.2	32.2	52.3	52.3	59.9	59.9	57.4	57.4	54.4	54.0	54.7	50.8	54.4	54.6	53.5	56.6	56.0	56.1	53.4	52.3	51.7	53.3	53.4	53.8	53.7	49.5	42.7	38.6	34.7	29.6	26.5	24.1
2018/01/18 18:00:31	60.1	30.2	30.2	48.3	48.3	56.2	56.2	55.7	55.7	54.8	52.4	54.1	50.6	54.3	51.9	50.2	51.6	53.1	51.7	50.7	47.8	47.2	48.6	45.9	47.6	47.4	43.2	37.2	32.9	27.8	24.8	24.0	22.4
2018/01/18 18:00:32	60.4	32.4	32.4	52.8	52.8	60.5	60.5	58.3	58.3	58.3	54.6	54.0	51.1	53.2	53.2	48.6	52.2	55.8	53.0	50.7	47.3	46.8	47.3	45.7	44.6	45.8	41.6	37.6	32.0	28.2	24.8	24.7	23.4
2018/01/18 18:00:33	65.2	34.9	34.9	57.2	57.2	64.8	64.8	61.8	61.8	57.9	54.0	58.1	52.5	56.1	54.3	53.0	58.2	59.2	58.4	57.8	54.2	52.2	51.0	48.4	48.2	48.0	47.8	45.0	36.2	30.9	28.4	27.1	27.9
2018/01/18 18:00:34	65.5	31.8	31.8	51.3	51.3	58.7	58.7	58.3	58.3	61.2	57.8	57.5	55.8	59.4	56.8	53.4	56.8	56.3	57.8	59.0	56.3	53.7	51.1	48.2	47.0	48.6	49.8	46.9	38.0	33.5	29.7	26.5	27.0
2018/01/18 18:00:35	62.8	32.6	32.6	49.5	49.5	55.8	55.8	56.5	56.5	57.7	55.8	57.8	53.7	57.4	55.4	53.4	55.4	53.7	54.1	54.9	51.8	50.1	51.0	49.1	47.8	47.3	45.7	39.8	34.7	29.9	26.4	24.6	22.7
2018/01/18 18:00:36	62.7	31.0	31.0	48.4	48.4	54.4	54.4	56.9	56.9	57.3	54.5	55.0	50.5	54.7	52.8	52.5	54.3	52.4	54.4	55.7	54.2	50.8	50.2	48.8	46.2	45.6	42.9	39.5	33.2	28.3	25.9	24.1	22.8
2018/01/18 18:00:37	62.4	29.6	29.6	49.3	49.3	55.6	55.6	58.8	58.8	55.7	50.2	55.3	50.0	54.1	53.2	52.4	56.2	55.3	55.8	52.5	50.7	50.2	49.9	48.3	47.3	46.4	42.8	38.6	32.6	29.1	24.2	23.4	22.9
2018/01/18 18:00:38	62.3	33.3	33.3	51.8	51.8	57.3	57.3	56.9	56.9	56.2	54.5	55.6	50.7	56.6	55.9	51.5	54.5	53.3	52.6	53.2	50.8	51.4	51.6	49.1	48.3	47.5	43.7	38.2	32.9	28.1	25.8	23.1	23.4
2018/01/18 18:00:39	63.0	35.0	35.0	50.9	50.9	57.1	57.1	56.8	56.8	56.5	55.1	55.1	50.9	60.2	56.4	53.1	53.3	53.2	53.1	52.3	51.9	52.4	53.3	49.6	49.1	48.5	45.6	40.5	34.5	29.4	24.7	23.5	34.7
2018/01/18 18:00:40	64.8	32.3	32.3	49.1	49.1	58.1	58.1	58.8	58.8	56.6	56.1	59.5	56.3	60.2	57.6	54.7	56.6	55.8	54.2	55.4	53.9	52.8	54.0	51.1	52.2	51.1	49.1	43.6	38.9	32.9	28.5	26.7	25.2
2018/01/18 18:00:41	67.0	35.2	35.2	50.5	50.5	57.3	57.3	58.3	58.3	57.4	56.2	60.0	52.8	57.9	58.5	57.5	58.0	58.0	58.8	58.0	56.5	53.7	53.1	52.2	53.7	54.4	55.8	50.4	43.0	39.7	34.9	31.8	29.4
2018/01/18 18:00:42	65.8	34.6	34.6	49.5	49.5	59.9	59.9	61.2	61.2	61.3	57.1	57.3	50.5	55.3	50.6	51.8	55.7	54.8	54.4	56.0	54.8	55.3	52.5	51.9	55.0	54.3	55.8	50.7	41.9	38.4	34.5	32.9	56.8
2018/01/18 18:00:43	61.6	29.8	29.8	47.7	47.7	57.7	57.7	61.3	61.3	60.3	56.1	57.0	52.1	54.0	51.7	51.3	53.5	51.0	50.9	52.5	50.8	50.2	49.3	48.7	48.0	49.4	48.6	44.4	39.6	33.5	32.0	29.1	29.1
2018/01/18 18:00:44	59.4	35.0	35.0	50.6	50.6	58.8	58.8	60.8	60.8	57.4	53.6	55.8	51.0	53.6	51.4	50.4	51.4	49.2	51.5	49.8	48.0	46.9	45.6	44.1	46.6	47.6	45.8	40.6	34.5	30.6	28.5	25.6	24.4
2018/01/18 18:00:45	58.5	35.0	35.0	50.1	50.1	57.6	57.6	57.0	57.0	54.4	52.0	56.2	49.9	53.2	51.9	50.0	50.3	49.5	50.6	48.3	45.1	45.1	45.2	44.4	45.1	47.1	43.7	37.5	31.5	28.2	24.6	23.9	22.4
2018/01/18 18:00:46	60.6	33.4	33.4	50.4	50.4	58.1	58.1	58.5	58.5	56.2	51.1	57.1	50.5	54.0	53.8	50.6	54.1	50.2	51.7	51.8	46.8	46.7	47.2	46.3	47.1	50.1	47.0	40.6	36.0	30.7	27.7	26.7	23.5
2018/01/18 18:00:47	65.3	34.2	34.2	51.6	51.6	60.1	60.1	60.7	60.7	56.7	55.9	56.8	49.6	56.9	54.4	53.3	56.2	55.5	58.9	56.3	48.7	50.1	50.1	52.7	53.2	55.9	53.4	46.5	42.8	36.4	32.9	28.4	26.5
2018/01/18 18:00:48	65.2	32.5	32.5	51.5	51.5	58.4	58.4	59.3	59.3	56.8	58.0	59.9	53.4	58.1	56.9	54.6	57.6	55.1	57.2	56.1	50.8	50.3	51.4	53.7	52.8	54.9	51.4	44.0	42.1	34.6	33.5	27.4	25.3
2018/01/18 18:00:49	65.3	28.6	28.6	47.2	47.2	56.7	56.7	58.2	58.2	55.3	56.0	57.4	51.8	57.9	56.7	53.3	56.5	56.1	57.9	57.1	52.9	51.1	52.3	51.6	52.2	54.0	52.3	47.0	41.0	35.0	31.4	27.1	27.9
2018/01/18 18:00:50	70.0	35.2	35.2	51.5	51.5	59.9	59.9	64.0	64.0	61.7	56.9	63.3	56.9	62.5	62.9	57.1	59.8	58.7	61.2	62.0	58.9	57.4	57.0	54.7	57.3	58.7	58.1	54.2	46.2	39.4	35.7	32.9	32.8
2018/01/18 18:00:51	62.3	30.4	30.4	49.0	49.0	58.3	58.3	60.0	60.0	55.3	56.9	58.9	51.4	58.3	55.3	52.1	53.0	53.0	53.3	53.9	49.6	50.2	50.1	48.3	48.4	51.3	46.2	39.8	33.3	27.8	24.5	23.8	22.3
2018/01/18 18:00:52	62.9	30.9	30.9	52.4	52.4	59.7	59.7	62.0	62.0	59.4	50.7	57.0	51.8	55.4	53.7	52.4	53.8	54.1	53.6	55.1	53.5	52.2	49.9	48.8	48.7	48.9	46.5	42.6	36.7	32.3	31.7	31.0	29.5
2018/01/18 18:00:53	64.3	31.3	31.3	48.9	48.9	57.7	57.7	57.6	57.6	56.5	51.7	55.4	52.8	57.6	57.6	55.6	55.5	56.1	57.6	55.3	55.1	51.5	49.8	47.7	48.5	49.9	47.1	42.2	36.2	33.3	31.7	28.6	26.8
2018/01/18 18:00:54	66.8	29.0	29.0	46.3	46.3	55.8	55.8	55.6	55.6	51.9	53.1	58.9	55.5	60.3	58.9	58.0	57.8	58.6	60.6	58.9	56.9	53.2	52.2	50.7	51.4	52.5	48.8	42.5	38.5	32.0	28.0	26.8	23.2
2018/01/18 18:00:55	72.7	32.0	32.0	49.3	49.3	58.7	58.7	58.5	58.5	55.4	56.4	61.4	60.6	64.4	61.2	63.4	61.6	62.8	68.2	65.0	62.6	58.4	56.8	56.6	57.2	58.2	57.5	51.3	47.3	40.6	35.3	35.2	28.6
2018/01/18 18:00:56	71.2	32.5	32.5	49.0	49.0	61.1	61.1	63.7	63.7	60.7	58.9	62.2	59.3	62.2	57.9	58.5	61.0	60.8	64.3	65.9	63.3	58.2	55.0	53.8	54.2	53.9	53.4	48.9	41.9	38.4	33.5	31.8	27.9
2018/01/18 18:00:57	62.8	30.9	30.9	46.2	46.2	59.0	59.0	60.7	60.7	53.6	53.0	55.5	54.4	57.7	54.4	51.9	53.4	52.4	53.7	53.6	50.2	48.5	48.3	56.6	43.9	45.8	42.7	34.3	28.1	24.0	22.1	22.5	34.1
2018/01/18 18:00:58	62.6	33.2	33.2	50.4	50.4	57.4	57.4	62.1	62.1	60.3	53.0	57.2	51.2	55.3	53.0	51.9	54.6	53.2	54.7	55.7	53.5	51.0	49.3	48.2	45.7	45.9	43.5	39.4	31.6	26.3	23.6	23.3	22.3
2018/01/18 18:00:59	62.9	30.1	30.1	47.8	47.8	55.5	55.5	57.6	57.6	55.8	53.5	56.4	53.9	56.4	54.0	51.8	52.8	53.8	53.8	56.9	54.1	51.5	48.9	46.1	44.7	47.8	45.2	39.4	31.9	28.4	25.3	24.7	23.5
2018/01/18 18:01:00	60.2	29.9	29.9	45.2	45.2	53.1	53.1	54.3	54.3	53.0	53.6	55.5	50.8	55.1	52.6	51.3	52.6	50.8	51.1	52.8	49.8	48.4	48.1	45.5	43.8	44.3	41.6	34.9	30.0	25.2	22.8	22.7	21.4
2018/01/18 18:01:01	59.6	30.5	30.5	43.8	43.8	52.8	52.8	54.1	54.1	51.9	51.0	55.7	53.2	55.1	50.1	50.7	52.1	50.5	51.5	52.3	48.2	47.5	47.4	44.7	43.8	43.2	40.2	33.6	28.1	23.5	22.1	22.4	21.2
2018/01/18 18:01:02	63.8	32.9	32.9	45.5	45.5	57.8	57.8	60.0	60.0	53.9	54.1	55.4	51.3	57.6	56.3	52.2	53.9	55.0	54.8	58.3	54.8	52.0	49.4	46.8	47.0	46.6	44.6	39.9	33.2	29.6	25.6	24.8	23.3
2018/01/18 18:01:03	62.6	29.2	29.2	48.5	48.5	57.8	57.8	58.5	58.5	53.0	51.6	54.4	52.0	56.4	55.9	52.5	53.8	54.7	56.1	55.3	52.1	49.4	49.6	45.9	45.2	46.0	44.7	39.0	31.8	28.8	24.3	22.9	21.3
2018/01/18 18:01:04	59.2	33.0	33.0	46.2	46.2	56.6	56.6	58.5	58.5	52.3	51.3	52.6	50.2	55.7	52.8	50.1	51.0	50.0	51.0	50.9	47.7	46.8	47.9	44.4	44.9	43.2	40.7	33.4	30.3	23.9	22.4	22.3	20.8
2018/01/18 18:01:05	59.3	30.7	30.7	47.6	47.6	55.9	55.9	56.6	56.6	53.5	50.8	52.4	51.5	57.0	52.8	48.4	51.2	52.6	50.4	49.3	47.1	46.8	47.8	44.9	44.7	43.9	41.5	34.6	31.5	24.4	22.4	22.3	20.7
2018/01/18 18:01:06	60.0	34.9	34.9	49.3	49.3	59.7	59.7	59.9	59.9	51.3	49.0	53.2	50.9	54.4	52.9	51.2	52.4	53.5	51.5	49.4	47.3	48.0	47.7	45.2	47.8	46.1	44.1	37.2	34.6	27.2	26.9	27.8	24.4
2018/01/18 18:01:07	63.3	31.2	31.2	48.8	48.8	61.2	61.2	63.0	63.0	56.7	53.6	56.5	51.7	56.2	53.2	53.3	53.6	55.0	53.6	53.1	54.0	50.8	51.8	49.4	51.6	51.0	46.8	43.7	36.9	30.2	25.0	24.1	22.5
2018/01/18 18:01:08	66.6	30.6	30.6	47.9	47.9	58.4	58.4	61.3	61.3	56.9	52.0	55.8	53.2	58.3	54.7	53.0	59.6	57.4	59.2	59.2	57.3	54.0	53.3	49.6	52.4	52.0	50.3	48.0	43.3	36.4	30.7	27.6	25.8
2018/01/18 18:01:09	63.7	30.7	30.7	49.2	49.2	57.9	57.9	57.6	57.6	53.5	54.0	56.9	52.9	60.2	55.3	52.9	57.6	56.3	56.1	54.7	53.4	49.9	50.0	47.4	48.0	49.6	47.2	43.3	38.0	34.3	25.6	23.7	22.4
2018/01/18 18:01:10	60.6	33.4	33.4	51.0	51.0	60.6	60.6	59.8	59.8	54.5	55.9	54.7	49.2	56.6	56.5	53.6	53.7	53.4	51.3	49.6	49.6	47.6	47.8	45.9	45.7	44.3	40.6	34.7	30.7	23.6	21.9	22.2	21.2
2018/01/18 18:01:11	65.0	38.4	38.4	55.8	55.8	66.4	66.4	64.6	64.6	52.6	52.2	58.0	54.3	58.3	53.7	54.3	56.2	56.6	55.1	57.7	55.0	53.4	52.9	52.9	51.7	49.2	47.7	43.0	39.2	30.5	28.6	27.1	24.6
2018/01/18 18:01:12	66.2	30.2	30.2	48.9	48.9	57.8	57.8	57.2	57.2	56.6	57.1	56.6	56.8	60.7	54.9	54.3	57.8	57.8	58.1	59.2	56.0	53.9	52.5	52.5	51.5	50.4	49.3	43.9	39.0	32.3	29.1	26.3	23.7
2018/01/18 18:01:13	66.9	31.8	31.8	50.1	50.1	58.9	58.9	57.9	57.9	55.3	55.6	57.1	52.7	55.5	55.9	55.7	57.2	57.1	57.4	56.0	51.9	61.5	56.0	52.0	51.5	49.4	46.7	40.2	34.9	30.3	25.5	26.0	27.1
2018/01/18 18:01:14	66.9	32.7	32.7	53.0	53.0	60.7	60.7	59.0	59.0	53.1	52.2	56.1	52.4	58.0	56.7	54.2	57.7	58.4	56.6	57.6	58.4	57.4	56.3	53.2	52.4	51.6	50.4	45.6	41.1	40.8	37.0	37.4	41.9
2018/01/18 18:01:15	68.7	31.7	31.7	52.7	52.7	58.8	58.8	56.8	56.8	54.7	55.1	56.5	48.9	59.2	58.3	55.4	59.0	58.6	60.4	58.8	56.4	57.9	59.9	56.1	56.9	56.6	52.6	45.0	40.5	35.7	30.9	29.9	31.4
2018/01/18 18:01:16	74.7	35.0	35.0	55.0	55.0	59.9	59.9	59.5	59.5	58.7	56.6	61.4	54.9	63.4	62.4	59.7	64.9	64.9	67.9	67.1	64.6	62.7	62.9	61.2	60.8	61.5	60.0	52.4	47.5	42.6	36.0	32.0	28.8
2018/01/18 18:01:17	64.0	34.2	34.2	51.1	51.1	55.8	55.8	57.8	57.8	57.6	54.4	55.5	51.4	57.4	54.5	50.9	53.7	54.1	55.8	58.5	53.3	53.1	52.5	48.1	47.9	46.6	44.8	38.7	30.3	27.5	24.8	24.2	24.3
2018/01/18 18:01:18	60.2	32.8	32.8	46.6	46.6	53.0	53.0	53.5	53.5	50.2	46.5	51.0	47.1	54.2	50.5	48.4	54.8	53.4	54.4	50.8	49.4	46.7	47.7	44.3	41.2	41.9	41.4	35.7	28.4	25.8	23.8	24.0	23.2
2018/01/18 18:01:19	60.1	33.2	33.2	48.7	48.7	56.4	56.4	54.7	54.7	50.0	48.5	50.1	45.0	52.9	50.9	51.2	57.9	51.4	48.7	49.7	44.8	49.4	50.2	44.2	42.0	41.7	40.1	36.9	31.5	28.9	28.0	26.5	25.5
2018/01/18 18:01:20	56.2	34.0	34.0	48.7	48.7	59.1	59.1	60.9	60.9	58.9	57.7	58.1	49.0	51.4	47.6	49.3	51.2	48.0	46.0	43.7	42.3	42.5	42.6	39.7	41.2	41.6	39.9	35.7	27.5	24.7	23.1	22.8	21.7
2018/01/18 18:01:21	54.8	34.1	34.1	50.9	50.9	57.8	57.8	60.1	60.1	59.1	56.0	53.6	45.5	51.4	45.3	48.3	49.6	48.1	44.8	41.0	37.9	39.1	42.7	40.5	38.1	41.6	38.2	35.4	29.9	25.6	22.9	22.6	21.4
2018/01/18 18:01:22	55.3	32.3	32.3	48.8	48.8	57.8	57.8	58.6	58.6	57.6	54.6	54.0	50.5	52.8	48.6	47.2	52.9	46.8	44.8	42.5	40.6	39.9	39.3	38.7	38.7	40.0	37.6	34.5	28.2	24.5	22.2	22.3	21.1
2018/01/18 18:01:23	55.9	26.9	26.9	43.5	43.5	53.1	53.1	55.0	55.0	52.0	50.2	52.1	48.3	51.0	50.8	50.1	48.6	48.1	46.1	44.7	43.9	42.9	44.8	41.3	39.4	41.9	37.9	34.7	26.7	23.8	21.9	22.2	21.2
2018/01/18 18:01:24	57.9	27.6	27.6	43.0	43.0	50.8	50.8	51.2	51.2	49.9	49.5	51.3	45.3	49.7	51.3	56.1	50.8	51.1	49.8	47.8	41.8	43.0	42.9	40.7	42.6	43.3	39.2	38.4	32.0	27.3	24.3	23.1	21.9
2018/01/18 18:01:25	55.5	28.6	28.6	48.1	48.1	56.4	56.4	56.4	56.4	49.5	46.8	50.1	45.6	50.5	49.3	49.1	47.7	51.3	44.2	42.6	40.0	42.0	42.7	40.7	40.6	41.4	38.1	40.6	33.3	31.9	25.4	24.3	21.5
2018/01/18 18:01:26	58.6	29.1	29.1	52.8	52.8	59.5	59.5	57.3	57.3	51.3	50.2	50.6	47.1	51.3	52.0	48.6	46.2	56.8	45.2	44.6	40.4	44.5	46.9	41.5	43.9	44.3	46.4	34.8	33.1	31.4	24.8	23.0	21.2
2018/01/18 18:01:27	58.6	29.8	29.8	47.8	47.8	57.7	57.7	57.6	57.6	51.1	53.9	56.4	51.6	56.5	54.9	48.9	50.8	51.0	51.0	46.8	45.0	43.7	45.7	41.8	44.5	45.0	42.8	36.8	30.7	26.6	23.3	22.8	21.2
2018/01/18 18:01:28	61.2	28.1	28.1	45.0	45.0	54.8	54.8	61.0	61.0	60.0	53.1	56.0	50.6	60.1	56.5	52.2	53.8	50.6	52.8	52.1	46.6	46.8	49.4	46.6	48.5	47.0	42.7	40.5	32.1	26.9	23.2	23.3	21.5
2018/01/18 18:01:29	67.9	39.7	39.7	54.8	54.8	67.5	67.5	67.3	67.3	57.5	56.5	56.0	52.9	58.9	56.9	51.6	57.8	65.6	55.4	57.0	52.5	50.6	54.6	55.5	56.9	54.4	49.9	46.3	39.8	33.7	30.3	29.6	28.7
2018/01/18 18:01:30	69.2	32.8	32.8	47.7	47.7	61.7	61.7	63.1	63.1	56.7	57.3	59.8	58.6	62.6	61.0	58.1	59.3	60.4	61.6	61.6	57.1	54.9	56.8	55.7	56.6	56.8	54.1	49.5	45.3	39.3	34.9	32.3	30.3
2018/01/18 18:01:31	69.7	28.6	28.6	45.4	45.4	53.2	53.2	58.8	58.8	62.5	59.5	63.4	55.9	61.9	62.6	56.8	61.1	62.0	59.0	60.2	59.9	57.8	56.8	56.9	55.8	57.1	56.9	53.0	46.2	40.9	36.0	35.4	34.1
2018/01/18 18:01:32	65.8	26.3	26.3	46.5	46.5	53.7	53.7	54.5	54.5	58.2	56.1	57.3	47.4	59.7	55.4	56.0	60.9	58.4	61.6	51.9	51.8	53.4	49.9	47.6	48.7	52.3	46.0	40.2	31.0	27.5	23.9	23.6	21.8
2018/01/18 18:01:33	58.7	29.6	29.6	43.7	43.7	54.6	54.6	54.7	54.7	49.9	49.8	48.9	45.9	54.5	53.3	52.2	51.3	51.3	51.9	46.3	46.8	46.7	46.4	44.4	41.4	42.2	36.9	37.5	27.0	24.7	23.3	22.6	21.0
2018/01/18 18:01:34	57.1	27.9	27.9	42.7	42.7	52.9	52.9	53.4	53.4	49.7	51.8	51.6	47.4	54.1	48.2	47.4	51.1	48.1	48.3	44.6	42.9	42.6	47.5	44.2	44.4	42.6	40.6	38.9	29.1	26.6	24.1	23.2	21.5
2018/01/18 18:01:35	54.8	27.2	27.2	44.4	44.4	54.7	54.7	55.1	55.1	50.6	51.8	51.2	47.1	51.7	49.9	46.5	47.6	48.0	45.0	43.2	41.1	41.2	42.6	42.0	42.2	39.6	34.8	32.4	26.4	23.8	21.5	22.2	20.9
2018/01/18 18:01:36	57.2	28.0	28.0	43.2	43.2	54.1	54.1	58.2	58.2	53.3	52.1	55.7	46.8	49.5	51.2	49.6	49.9	50.1	48.8	47.7	43.8	44.0	46.0	44.3	42.4	40.6	34.9	31.3	25.4	23.2	21.6	22.2	20.6
2018/01/18 18:01:37	60.9	26.7	26.7	44.0	44.0	52.4	52.4	58.6	58.6	59.9	53.5	57.2	51.5	52.8	53.8	55.5	53.6	53.7	52.2	51.2	48.0	48.6	49.1	46.9	46.2	46.0	40.1	33.6	29.0	25.3	22.3	22.6	21.0
2018/01/18 18:01:38	62.5	33.2	33.2	45.6	45.6	57.5	57.5	59.4	59.4	56.0	53.6	54.8	49.9	54.4	55.7	51.8	53.7	54.3	53.5	53.0	50.9	51.0	50.8	50.3	49.4	49.9	44.9	39.5	33.5	30.3	25.3	23.5	21.4
2018/01/18 18:01:39	69.6	36.4	36.4	49.9	49.9	64.2	64.2	64.7	64.7	54.3	55.0	57.1	54.5	59.9	60.6	60.5	59.2	60.4	61.3	60.7	59.7	59.2	58.5	56.0	56.3	55.8	51.9	48.3	44.2	39.2	34.1	31.8	28.9
2018/01/18 18:01:40	76.9	39.0	39.0	51.2	51.2	70.1	70.1	73.0	73.0	65.8	67.7	68.2	59.5	64.0	66.6	63.7	68.0	67.2	69.2	71.0	66.2	63.7	63.4	61.6	62.1	63.0	63.0	58.6	54.5	49.2	47.2	43.8	42.4
2018/01/18 18:01:41	67.6	36.8	36.8	48.7	48.7	66.7	66.7	70.1	70.1	64.2	59.8	59.2	54.5	58.2	59.1	56.8	56.4	58.1	60.9	62.0	57.2	55.0	54.4	51.6	50.7	49.7	45.8	41.7	36.3	30.0	27.2	25.8	23.6
2018/01/18 18:01:42	60.4	28.4	28.4	43.4	43.4	56.8	56.8	58.3	58.3	53.0	56.2	56.7	49.9	55.9	55.8	50.5	52.4	52.0	52.0	53.1	49.6	48.3	47.8	44.4	44.0	42.3	38.6	35.1	28.9	24.3	22.3	22.6	21.2
2018/01/18 18:01:43	59.5	37.7	37.7	53.7	53.7	64.1	64.1	66.7	66.7	64.1	61.1	61.4	52.7	55.0	52.7	50.2	52.4	51.0	50.9	51.8	45.3	45.2	44.1	42.2	42.2	43.1	37.4	33.8	28.1	25.5	22.4	22.2	21.0
2018/01/18 18:01:44	58.0	33.0	33.0	52.9	52.9	61.2	61.2	65.2	65.2	66.6	60.6	60.7	52.8	53.9	52.1	46.1	48.2	49.6	47.0	49.0	43.5	44.3	43.5	41.1	39.6	44.8	39.4	36.0	28.9	25.7	21.6	21.9	20.7
2018/01/18 18:01:45	55.5	25.3	25.3	39.7	39.7	52.4	52.4	55.3	55.3	49.1	48.7	51.1	42.8	49.5	48.6	46.6	49.2	49.5	47.4	48.2	43.1	41.7	41.7	39.0	38.7	37.7	33.5	29.2	25.0	21.8	21.3	21.9	20.6
2018/01/18 18:01:46	55.9	26.9	26.9	40.6	40.6	52.7	52.7	55.1	55.1	50.5	49.4	51.8	44.7	50.2	51.2	52.9	46.0	48.2	48.4	48.1	42.4	42.1	41.8	38.4	37.9	35.2	31.4	30.2	24.3	21.8	21.4	22.2	20.9
2018/01/18 18:01:47	58.3	25.3	25.3	40.0	40.0	51.3	51.3	54.3	54.3	49.8	46.4	51.5	46.8	50.9	48.5	54.3	55.0	49.8	49.8	49.3	44.3	45.4	44.9	42.3	41.0	41.1	34.3	31.3	28.7	24.3	22.2	22.5	21.1
2018/01/18 18:01:48	55.6	26.5	26.5	41.2	41.2	51.2	51.2	51.9	51.9	47.3	45.9	49.1	46.0	49.7	48.8	48.4	50.1	47.1	47.3	47.7	42.1	42.9	43.6	39.2	39.1	40.2	38.6	27.9	25.2	22.8	22.0	22.2	20.8
2018/01/18 18:01:49	55.6	25.6	25.6	41.8	41.8	50.3	50.3	50.2	50.2	48.2	46.7	48.3	45.0	49.3	47.7	45.9	46.8	47.7	48.8	48.3	42.8	44.2	44.1	38.8	38.0	38.9	36.6	31.6	26.8	25.8	21.8	22.1	20.7
2018/01/18 18:01:50	55.8	26.1	26.1	39.0	39.0	49.4	49.4	50.6	50.6	47.1	44.1	49.7	43.6	48.6	49.9	50.0	48.4	49.0	48.4	47.7	43.2	42.4	42.3	39.1	38.6	39.3	36.0	32.0	27.3	26.1	21.5	22.0	20.7
2018/01/18 18:01:51	54.7	26.6	26.6	39.8	39.8	50.1	50.1	51.9	51.9	48.6	45.8	47.8	41.8	47.3	45.8	47.5	50.7	46.5	46.9	48.0	41.1	42.5	40.8	36.9	35.0	35.1	31.2	29.1	23.1	22.0	21.3	22.1	20.9
2018/01/18 18:01:52	52.2	25.7	25.7	40.7	40.7	50.2	50.2	49.9	49.9	45.8	45.1	48.0	43.9	47.3	45.3	44.4	48.8	44.1	42.6	45.9	37.7	37.0	37.5	34.1	32.7	32.3	28.8	27.5	22.7	21.3	21.1	22.0	20.9
2018/01/18 18:01:53	51.4	25.4	25.4	39.2	39.2	49.2	49.2	50.4	50.4	47.4	46.5	48.5	44.3	47.7	47.1	44.4	45.4	45.1	40.9	43.2	37.6	36.0	38.5	34.8	33.6	34.6	31.0	31.3	24.1	22.4	21.5	22.0	21.0
2018/01/18 18:01:54	51.5	24.7	24.7	38.2	38.2	47.6	47.6	49.0	49.0	45.5	43.6	47.1	43.2	47.3	46.8	44.6	45.9	45.9	42.3	41.8	37.1	37.2	37.9	34.6	34.6	35.1	32.4	28.6	25.1	22.6	22.0	22.5	21.1
2018/01/18 18:01:55	52.3	24.5	24.5	40.4	40.4	49.3	49.3	49.0	49.0	46.2	44.3	46.6	42.8	47.4	46.8	45.1	47.5	47.6	42.2	42.2	39.8	36.9	38.5	35.4	35.5	36.0	31.6	29.2	24.5	22.8	21.5	22.0	20.8
2018/01/18 18:01:56	54.1	25.5	25.5	39.2	39.2	47.4	47.4	48.0	48.0	46.0	44.3	47.1	42.3	47.7	46.5	47.1	46.6	46.8	42.2	46.2	43.7	41.4	42.8	37.7	37.3	42.0	35.3	32.6	28.2	25.3	22.3	22.8	21.2
2018/01/18 18:01:57	51.4	24.1	24.1	39.9	39.9	49.4	49.4	50.4	50.4	47.0	44.5	48.5	43.9	49.8	47.2	45.4	44.7	44.9	40.1	40.5	38.4	36.3	37.3	35.1	35.0	38.2	34.3	29.8	25.3	23.8	21.7	22.3	21.0
2018/01/18 18:01:58	52.3	25.3	25.3	38.8	38.8	48.8	48.8	49.9	49.9	46.7	44.5	46.2	41.2	48.7	47.0	45.9	46.2	47.7	43.0	41.1	38.0	36.5	35.8	34.2	35.9	40.1	34.8	30.6	26.2	23.7	22.0	22.4	21.0
2018/01/18 18:01:59	53.5	26.9	26.9	40.8	40.8	50.7	50.7	50.9	50.9	47.6	46.1	47.9	43.5	48.3	48.8	49.5	46.4	47.9	43.2	43.7	39.2	36.4	37.7	38.1	38.7	39.9	35.4	32.8	27.7	24.7	22.1	22.6	21.0
2018/01/18 18:02:00	58.9	24.8	24.8	40.9	40.9	50.6	50.6	52.9	52.9	50.1	48.4	52.2	48.4	51.0	49.1	51.0	58.4	53.3	47.7	45.4	40.4	42.7	39.6	37.9	42.3	44.4	38.0	36.4	29.2	27.0	23.9	23.7	22.2
2018/01/18 18:02:01	55.2	27.5	27.5	41.5	41.5	52.4	52.4	54.0	54.0	51.5	48.3	49.9	45.5	50.3	49.2	50.2	48.6	48.8	42.4	43.2	40.0	39.0	41.3	44.0	40.4	43.4	41.1	36.5	30.8	26.7	22.8	23.1	21.6
2018/01/18 18:02:02	56.0	27.2	27.2	41.6	41.6	52.4	52.4	55.2	55.2	51.7	49.7	50.0	45.7	48.1	46.9	48.0	50.5	50.3	46.9	44.4	40.7	42.3	43.2	42.0	40.1	44.1	40.4	37.7	31.3	28.5	26.3	25.9	24.1
2018/01/18 18:02:03	58.6	25.6	25.6	42.8	42.8	56.8	56.8	59.3	59.3	52.3	52.4	53.8	45.3	51.6	48.0	47.4	49.9	50.2	47.7	47.8	44.2	44.5	49.9	45.7	44.8	49.5	43.6	36.6	28.6	26.7	23.3	23.5	22.2
2018/01/18 18:02:04	58.5	29.2	29.2	44.8	44.8	57.7	57.7	61.7	61.7	55.5	49.1	52.2	49.9	56.3	50.6	47.4	52.9	52.6	47.9	48.3	46.1	43.3	45.1	42.7	43.8	46.2	42.8	37.0	29.7	27.4	24.0	23.6	22.0
2018/01/18 18:02:05	62.9	28.4	28.4	45.9	45.9	55.7	55.7	60.1	60.1	54.8	49.8	54.2	48.8	53.6	51.5	56.8	54.6	53.4	52.0	56.8	48.6	47.2	50.9	48.1	49.3	52.3	47.4	42.6	34.7	30.1	26.3	24.9	22.5
2018/01/18 18:02:06	63.3	26.1	26.1	48.3	48.3	59.6	59.6	62.4	62.4	58.0	54.5	56.1	48.0	55.1	54.9	54.3	54.6	55.9	55.6	55.0	50.7	47.8	50.5	49.0	50.0	51.7	46.9	43.8	37.3	34.2	30.5	30.4	26.8
2018/01/18 18:02:07	69.2	30.6	30.6	49.0	49.0	59.2	59.2	60.2	60.2	57.9	57.8	61.2	56.7	61.7	60.1	59.0	61.3	61.6	62.3	60.6	57.6	54.0	56.1	54.3	55.6	56.8	54.2	48.3	45.7	37.5	32.6	29.5	26.5
2018/01/18 18:02:08	75.2	33.2	33.2	54.9	54.9	62.9	62.9	60.3	60.3	61.6	59.6	64.3	56.0	63.3	61.3	71.5	65.5	65.0	66.9	69.5	66.1	60.3	57.9	57.9	59.1	59.9	59.1	54.3	47.6	43.0	37.6	34.2	31.4
2018/01/18 18:02:09	70.6	34.3	34.3	54.5	54.5	62.5	62.5	61.1	61.1	61.4	59.9	60.7	54.6	62.8	61.3	59.4	63.7	60.8	61.3	65.1	57.7	55.6	57.5	57.2	56.3	57.2	55.3	47.8	40.8	32.5	29.1	27.1	24.5
2018/01/18 18:02:10	72.1	35.1	35.1	54.5	54.5	63.6	63.6	63.2	63.2	61.5	58.7	60.5	55.3	64.6	65.0	67.9	62.3	62.6	62.8	65.1	61.3	58.9	58.6	56.7	56.8	57.0	56.8	51.6	46.3	39.6	33.9	32.2	30.5
2018/01/18 18:02:11	64.9	33.3	33.3	50.9	50.9	61.1	61.1	65.8	65.8	65.0	58.3	61.0	55.0	60.4	59.0	56.5	55.8	56.2	55.8	58.3	55.2	51.3	49.9	48.8	47.2	48.6	44.8	40.2	32.5	26.4	23.9	23.8	22.8
2018/01/18 18:02:12	61.8	30.4	30.4	48.6	48.6	56.4	56.4	53.5	53.5	48.6	48.3	54.5	50.5	55.8	55.6	50.0	52.5	51.8	51.1	53.0	51.6	47.0	52.3	48.9	50.0	48.8	43.7	37.2	29.5	25.9	22.7	23.2	21.9
2018/01/18 18:02:13	68.9	32.9	32.9	49.2	49.2	56.4	56.4	55.5	55.5	54.4	53.7	57.3	51.1	57.5	58.0	57.0	60.3	59.5	58.4	60.7	60.5	54.1	58.7	55.7	56.1	56.4	53.6	44.3	40.5	33.4	28.4	25.7	23.6
2018/01/18 18:02:14	72.3	32.3	32.3	48.5	48.5	56.6	56.6	62.1	62.1	60.8	54.5	55.9	53.6	58.8	59.5	57.8	62.4	60.8	63.6	66.4	65.7	58.6	57.3	58.3	56.0	57.7	56.4	49.5	43.3	40.4	34.3	35.3	31.3
2018/01/18 18:02:15	58.3	30.9	30.9	46.0	46.0	49.3	49.3	50.3	50.3	48.3	48.1	50.9	47.7	52.0	53.3	49.2	52.2	50.4	48.8	50.2	49.6	45.3	44.3	41.6	42.0	41.8	38.7	33.6	26.3	25.1	22.4	22.6	21.1
2018/01/18 18:02:16	58.7	35.0	35.0	50.1	50.1	58.9	58.9	60.7	60.7	54.9	51.1	53.7	46.9	51.9	61.1	51.5	51.2	51.0	45.3	47.1	44.2	41.2	41.1	41.1	39.8	42.5	39.0	35.2	29.6	27.2	24.5	23.8	21.7
2018/01/18 18:02:17	59.6	36.8	36.8	54.5	54.5	62.1	62.1	63.3	63.3	61.8	60.5	60.1	53.4	54.6	58.0	53.2	55.5	53.7	45.5	47.3	42.3	41.8	41.4	41.9	42.3	43.8	38.0	37.0	31.5	29.2	27.4	25.1	22.9
2018/01/18 18:02:18	57.1	31.2	31.2	46.8	46.8	55.2	55.2	55.4	55.4	52.3	49.9	49.0	47.0	54.6	53.4	53.8	53.5	51.1	44.8	43.4	41.3	39.7	40.2	38.4	39.6	42.1	39.9	36.3	29.1	28.0	25.1	24.1	22.4
2018/01/18 18:02:19	58.0	30.7	30.7	42.4	42.4	51.1	51.1	53.2	53.2	50.5	47.1	50.0	44.3	50.2	50.7	51.9	55.8	51.0	51.5	46.8	42.3	40.3	39.8	39.0	39.5	43.0	40.2	39.6	30.2	28.9	25.5	25.0	23.4
2018/01/18 18:02:20	57.2	34.6	34.6	46.2	46.2	53.8	53.8	53.0	53.0	48.6	46.7	48.9	48.0	50.6	50.3	49.1	52.7	49.3	45.8	52.4	40.5	39.6	40.2	38.9	40.7	42.9	37.6	35.3	28.8	27.6	25.1	25.2	22.9
2018/01/18 18:02:21	64.2	30.3	30.3	43.7	43.7	52.4	52.4	53.9	53.9	52.5	51.1	54.8	51.3	56.1	54.7	52.5	57.6	64.1	51.8	48.4	48.9	42.2	44.0	42.7	48.4	46.2	41.0	40.4	31.2	28.6	26.6	25.6	23.3
2018/01/18 18:02:22	61.1	29.8	29.8	43.9	43.9	58.1	58.1	60.0	60.0	55.7	57.3	54.2	52.1	56.4	53.1	54.6	53.5	52.9	51.6	52.5	54.7	46.1	43.7	43.1	43.5	42.8	40.2	35.8	28.6	26.3	25.0	24.0	22.7
2018/01/18 18:02:23	61.4	35.0	35.0	46.7	46.7	62.1	62.1	64.9	64.9	57.8	58.7	59.3	51.8	57.2	56.1	50.9	53.0	54.5	50.4	50.8	48.3	47.8	49.9	48.5	46.8	48.8	46.9	40.0	32.3	27.9	25.4	24.9	22.3
2018/01/18 18:02:24	63.6	29.7	29.7	44.6	44.6	53.5	53.5	56.0	56.0	55.3	53.6	54.7	51.4	57.9	54.3	54.4	55.5	57.0	53.6	55.1	53.3	52.9	53.0	48.8	46.2	47.4	45.3	40.0	33.9	29.0	26.3	26.0	23.6
2018/01/18 18:02:25	59.4	26.7	26.7	39.0	39.0	50.5	50.5	53.1	53.1	52.2	49.7	53.1	51.3	55.0	53.0	49.3	51.5	52.9	49.9	51.0	49.7	46.7	47.2	42.5	41.8	43.8	43.1	37.6	31.0	27.6	24.6	24.0	22.0
2018/01/18 18:02:26	57.4	25.1	25.1	40.4	40.4	49.6	49.6	52.4	52.4	50.9	48.5	51.2	49.7	54.1	52.5	49.5	49.5	50.0	49.4	46.8	47.2	45.4	44.8	39.6	40.3	40.6	39.7	36.2	28.5	26.7	23.4	23.2	21.7
2018/01/18 18:02:27	54.8	27.4	27.4	40.2	40.2	49.6	49.6	51.8	51.8	50.0	48.8	49.7	48.5	53.4	49.9	45.0	48.5	47.8	45.2	44.3	43.8	40.9	40.8	37.8	38.0	40.6	38.8	34.3	28.1	23.6	22.5	22.6	21.3
2018/01/18 18:02:28	53.7	25.9	25.9	39.8	39.8	50.2	50.2	54.2	54.2	52.3	48.2	49.9	48.5	51.3	47.0	45.1	48.4	48.1	44.3	42.7	42.2	39.3	39.1	36.2	35.5	36.9	34.4	30.9	25.9	23.1	21.8	22.1	20.9
2018/01/18 18:02:29	66.6	26.9	26.9	40.1	40.1	50.2	50.2	52.5	52.5	52.4	50.6	53.7	52.0	53.0	52.3	51.8	55.9	55.9	61.4	60.0	55.3	50.1	48.0	49.2	49.2	55.2	56.3	51.4	40.6	37.6	29.8	25.3	23.5
2018/01/18 18:02:30	64.7	26.9	26.9	42.7	42.7	50.8	50.8	50.6	50.6	48.1	48.0	52.3	49.8	51.4	49.6	50.3	53.3	54.4	58.5	57.6	51.8	49.2	46.1	47.0	48.7	55.1	55.1	49.9	37.8	36.4	28.4	24.1	23.2
2018/01/18 18:02:31	53.3	26.3	26.3	42.9	42.9	50.9	50.9	50.8	50.8	50.3	48.8	49.1	44.1	47.1	46.8	43.7	47.2	47.1	45.2	43.9	41.4	39.7	40.5	37.7	38.1	37.4	33.1	29.0	23.4	22.3	21.4	22.1	20.7
2018/01/18 18:02:32	55.3	26.9	26.9	45.5	45.5	53.1	53.1	52.0	52.0	50.4	48.1	49.9	46.9	48.4	47.8	46.3	49.3	47.7	49.0	45.7	43.7	42.6	42.4	39.3	39.6	38.2	33.2	29.2	23.7	22.4	21.5	22.5	20.8
2018/01/18 18:02:33	58.9	28.2	28.2	45.0	45.0	51.4	51.4	52.5	52.5	51.9	50.6	53.3	46.6	52.2	50.7	48.4	51.8	52.2	52.2	49.4	48.3	46.5	45.6	43.3	43.6	44.6	38.6	31.6	25.2	23.0	21.3	22.1	20.7
2018/01/18 18:02:34	65.3	28.6	28.6	47.4	47.4	56.5	56.5	58.8	58.8	54.3	50.8	54.4	48.0	54.4	53.1	52.3	53.7	55.6	58.8	59.5	55.4	53.0	52.6	49.9	49.6	49.4	47.4	41.2	34.0	30.3	28.7	31.0	25.2
2018/01/18 18:02:35	68.6	26.3	26.3	49.1	49.1	55.9	55.9	54.9	54.9	53.0	49.8	53.7	52.2	57.2	54.6	56.3	57.4	58.9	62.1	63.6	59.7	55.5	53.8	50.8	52.1	52.9	51.0	45.0	39.6	35.2	32.3	32.9	26.3
2018/01/18 18:02:36	68.7	31.1	31.1	53.7	53.7	60.6	60.6	58.3	58.3	53.4	54.2	58.5	55.8	59.4	58.4	60.3	60.6	61.6	61.9	58.7	57.2	55.3	56.5	54.0	55.5	55.6	53.3	45.7	44.3	34.4	29.8	26.9	23.4
2018/01/18 18:02:37	73.7	31.0	31.0	58.3	58.3	64.5	64.5	62.2	62.2	63.9	59.4	58.2	56.3	62.2	61.5	61.4	64.4	64.2	66.2	67.1	65.7	60.3	58.8	57.9	58.9	59.2	59.5	54.0	48.6	42.1	36.6	33.1	31.3
2018/01/18 18:02:38	57.9	29.1	29.1	49.3	49.3	56.8	56.8	57.3	57.3	54.4	50.1	54.1	50.9	52.3	51.6	48.7	50.1	50.1	49.0	49.3	47.2	45.1	45.1	43.6	43.3	42.6	38.8	32.7	27.3	23.9	21.7	22.2	20.9
2018/01/18 18:02:39	56.6	27.3	27.3	46.2	46.2	53.6	53.6	51.9	51.9	49.6	46.4	47.9	44.4	49.9	49.7	48.4	48.2	47.9	48.6	47.2	44.3	44.8	45.3	43.0	44.2	43.1	38.3	31.4	26.1	24.8	21.5	22.1	20.9
2018/01/18 18:02:40	59.8	24.9	24.9	40.2	40.2	48.9	48.9	51.6	51.6	49.5	48.1	48.2	44.9	52.5	53.5	48.3	49.2	50.6	49.5	49.9	46.4	47.6	50.4	47.9	49.5	47.8	42.9	37.9	33.0	27.5	23.2	23.3	21.4
2018/01/18 18:02:41	66.7	26.7	26.7	44.3	44.3	52.1	52.1	52.5	52.5	50.4	52.4	56.6	51.1	56.4	57.5	54.3	57.3	58.1	58.0	58.6	53.2	53.2	55.5	53.5	55.0	54.9	54.3	46.3	44.8	34.8	32.2	30.4	28.6
2018/01/18 18:02:42	71.4	30.2	30.2	43.9	43.9	57.4	57.4	63.2	63.2	61.0	56.2	58.8	52.3	59.3	60.1	60.1	59.8	61.3	63.3	65.5	62.2	57.9	56.2	56.8	56.8	57.7	58.2	54.0	47.5	44.2	40.6	37.6	37.5
2018/01/18 18:02:43	62.4	27.6	27.6	41.7	41.7	52.5	52.5	56.3	56.3	54.1	52.8	54.6	48.4	57.4	54.3	51.9	50.5	50.8	52.5	59.5	52.1	46.5	44.5	42.2	42.4	42.6	39.3	35.4	29.2	27.1	24.5	24.9	21.9
2018/01/18 18:02:44	55.9	29.7	29.7	39.6	39.6	48.5	48.5	51.0	51.0	50.0	48.2	50.0	48.4	54.2	52.8	48.7	48.8	47.9	46.3	47.4	44.9	42.1	40.5	38.8	40.3	38.5	34.9	33.6	28.0	25.6	22.7	22.8	21.3
2018/01/18 18:02:45	56.3	36.6	36.6	54.4	54.4	62.6	62.6	64.1	64.1	62.9	61.7	62.4	50.5	53.6	49.6	45.9	45.4	44.5	44.9	46.1	44.2	41.8	40.7	40.0	38.7	38.3	33.1	31.0	26.1	23.4	21.7	22.3	21.1
2018/01/18 18:02:46	53.3	29.3	29.3	45.6	45.6	54.3	54.3	53.7	53.7	49.7	47.3	48.2	46.1	48.5	51.6	47.1	44.8	44.2	43.2	45.1	40.4	39.8	39.4	37.3	39.0	37.7	31.3	29.3	25.5	23.7	21.8	22.2	20.9
2018/01/18 18:02:47	51.9	25.5	25.5	45.3	45.3	55.3	55.3	57.5	57.5	55.6	52.1	50.0	41.9	49.0	46.6	46.1	44.1	43.4	43.5	42.5	38.9	37.6	38.4	36.1	36.1	34.6	30.9	29.7	24.4	22.6	21.7	21.9	20.7
2018/01/18 18:02:48	51.5	28.6	28.6	45.1	45.1	53.6	53.6	53.7	53.7	49.5	46.5	47.5	41.4	47.6	44.0	43.7	44.5	43.6	43.2	43.3	39.5	38.6	39.1	36.1	35.8	33.9	29.3	25.4	23.1	21.7	21.2	22.0	20.8
2018/01/18 18:02:49	53.3	33.0	33.0	50.1	50.1	58.3	58.3	59.7	59.7	57.8	54.8	54.2	47.6	50.5	46.4	43.6	46.0	45.6	44.5	44.4	40.0	38.6	39.8	36.6	36.0	36.0	32.1	25.9	22.4	20.7	20.9	22.0	20.6
2018/01/18 18:02:50	51.8	27.2	27.2	46.6	46.6	55.0	55.0	52.5	52.5	46.1	44.6	51.7	42.7	46.2	45.5	41.3	43.9	42.6	44.0	43.1	38.9	39.5	39.8	37.8	37.2	37.8	30.9	25.7	22.0	20.8	21.2	21.9	20.5
2018/01/18 18:02:51	53.5	28.9	28.9	46.0	46.0	55.3	55.3	53.4	53.4	47.4	45.0	49.8	43.8	48.1	45.4	43.0	44.9	45.0	44.1	43.0	40.6	41.8	43.3	42.0	41.1	39.9	32.8	29.2	24.0	21.7	22.2	22.2	21.0
2018/01/18 18:02:52	56.2	29.6	29.6	47.9	47.9	57.5	57.5	56.0	56.0	48.9	44.8	50.4	45.2	53.7	49.5	45.9	47.4	47.6	47.3	42.9	41.8	44.4	46.6	45.2	44.0	42.6	36.8	29.6	24.4	21.9	21.4	22.2	21.1
2018/01/18 18:02:53	58.8	31.7	31.7	48.9	48.9	58.9	58.9	57.8	57.8	54.1	52.5	51.1	50.5	53.6	50.7	50.4	49.5	48.4	47.7	46.8	43.0	46.6	50.5	48.5	47.2	46.4	40.0	34.3	28.1	24.7	22.5	23.0	21.9
2018/01/18 18:02:54	60.8	28.0	28.0	48.0	48.0	56.9	56.9	55.8	55.8	50.9	47.2	50.7	47.6	53.2	54.6	49.4	51.0	50.3	49.9	48.9	46.0	49.4	52.2	50.6	49.9	48.9	42.9	37.6	31.6	28.1	22.5	22.8	21.2
2018/01/18 18:02:55	66.0	32.0	32.0	53.1	53.1	61.5	61.5	58.1	58.1	48.4	45.3	55.3	55.4	60.1	59.8	53.1	55.6	57.9	56.4	55.0	51.5	54.3	56.2	54.8	54.6	54.3	48.7	44.4	39.7	35.2	27.3	24.9	22.3
2018/01/18 18:02:56	73.1	32.7	32.7	56.4	56.4	64.0	64.0	60.3	60.3	58.5	55.8	63.8	59.6	63.0	63.7	59.4	63.4	63.8	64.1	63.6	62.8	61.0	61.3	59.9	59.8	62.0	60.6	56.6	49.4	46.0	41.0	37.8	36.4
2018/01/18 18:02:57	68.6	27.9	27.9	54.0	54.0	61.5	61.5	58.7	58.7	56.3	55.3	61.1	54.0	56.5	57.5	53.4	56.2	57.1	60.0	61.9	61.0	58.4	55.4	54.7	54.0	54.1	51.6	47.3	38.7	34.8	29.4	28.0	26.9
2018/01/18 18:02:58	56.9	26.7	26.7	48.5	48.5	54.9	54.9	51.5	51.5	48.5	46.5	49.6	47.8	53.1	49.8	47.3	49.0	48.2	49.8	49.1	46.7	44.0	44.2	42.3	40.2	39.5	34.1	30.2	26.3	23.0	21.4	22.0	20.8
2018/01/18 18:02:59	53.7	26.4	26.4	46.1	46.1	53.2	53.2	51.0	51.0	48.8	46.1	48.5	43.3	47.4	46.5	44.7	47.4	45.3	43.9	44.1	42.3	41.6	42.8	40.9	40.5	37.9	32.4	31.3	24.4	22.6	21.6	22.0	21.0
2018/01/18 18:03:00	56.7	25.5	25.5	45.6	45.6	54.0	54.0	54.4	54.4	52.6	49.7	50.0	42.1	48.6	48.6	48.7	50.6	47.7	46.9	45.6	43.1	44.7	46.2	45.5	45.1	42.8	37.1	31.3	24.5	21.9	21.2	22.0	20.7
2018/01/18 18:03:01	58.4	27.3	27.3	45.4	45.4	53.7	53.7	52.9	52.9	50.7	46.2	49.3	46.6	50.4	50.7	50.0	51.0	47.8	48.9	48.3	45.2	46.1	49.8	45.6	45.4	44.8	43.1	32.2	27.5	22.9	21.6	22.4	21.0
2018/01/18 18:03:02	62.4	31.8	31.8	47.8	47.8	58.8	58.8	59.2	59.2	55.6	52.1	55.1	47.5	56.6	55.1	52.6	54.2	53.3	53.6	53.6	51.7	49.5	52.4	48.6	49.2	48.5	43.7	38.2	33.0	26.5	22.1	22.4	20.9
2018/01/18 18:03:03	68.4	28.3	28.3	45.6	45.6	55.1	55.1	55.3	55.3	52.3	52.8	56.0	50.6	59.1	57.5	58.0	61.2	59.1	60.3	59.6	56.9	55.9	58.0	55.8	55.1	55.4	53.4	46.4	44.2	33.5	28.9	26.1	23.3
2018/01/18 18:03:04	73.7	28.5	28.5	45.3	45.3	58.0	58.0	63.9	63.9	63.4	60.2	60.3	56.4	62.2	63.8	61.6	63.7	63.1	66.7	67.9	65.4	60.4	59.1	57.0	56.8	58.5	58.5	52.9	48.2	45.8	35.0	31.6	29.3
2018/01/18 18:03:05	61.6	27.4	27.4	45.9	45.9	57.8	57.8	61.8	61.8	58.8	53.2	57.5	55.0	57.5	54.2	55.4	53.2	53.9	52.3	52.9	50.9	49.5	47.9	45.4	46.7	47.1	40.6	36.1	28.6	24.8	22.2	22.1	20.9
2018/01/18 18:03:06	59.7	27.6	27.6	47.5	47.5	55.5	55.5	55.4	55.4	54.2	50.9	52.9	51.6	55.5	50.8	52.9	56.1	52.8	48.1	48.9	46.3	44.1	45.5	46.8	47.6	46.6	40.4	33.9	28.5	23.8	22.1	22.5	21.2
2018/01/18 18:03:07	64.3	27.3	27.3	48.0	48.0	56.4	56.4	56.5	56.5	54.9	51.5	52.9	53.2	56.2	56.2	56.0	60.3	56.6	51.8	50.6	47.7	47.7	51.3	52.5	53.5	55.0	49.9	41.8	35.1	28.0	23.6	22.7	21.1
2018/01/18 18:03:08	74.3	29.5	29.5	52.1	52.1	58.2	58.2	58.5	58.5	60.2	59.1	64.4	63.1	65.6	62.0	60.8	61.0	62.3	59.7	57.9	58.2	58.4	60.5	63.9	66.3	67.5	64.0	54.7	50.4	42.7	37.3	33.8	29.4
2018/01/18 18:03:09	75.0	34.1	34.1	49.2	49.2	57.2	57.2	64.0	64.0	64.8	63.9	67.8	61.8	66.4	60.6	63.6	63.3	62.6	61.0	62.8	65.4	63.4	61.7	65.3	63.3	65.1	64.6	59.3	51.2	46.2	43.4	41.5	40.0
2018/01/18 18:03:10	60.7	31.6	31.6	46.1	46.1	56.6	56.6	56.7	56.7	54.8	54.2	53.4	49.7	53.3	54.5	55.9	53.6	54.6	51.8	49.5	45.7	45.6	47.5	48.1	48.2	46.2	42.1	33.9	27.7	24.6	21.4	22.1	20.8
2018/01/18 18:03:11	62.4	31.4	31.4	47.6	47.6	58.9	58.9	58.6	58.6	55.5	55.0	54.2	50.2	54.7	54.7	58.0	54.7	53.1	52.8	50.3	47.2	46.4	49.0	50.7	52.4	51.5	45.4	37.6	31.5	25.2	22.0	22.5	21.0
2018/01/18 18:03:12	68.6	29.4	29.4	45.7	45.7	54.4	54.4	54.1	54.1	56.6	59.4	64.2	57.9	57.3	54.7	56.1	55.1	55.7	55.4	52.9	51.1	54.1	56.8	58.1	61.0	61.1	56.7	48.2	43.3	33.7	28.8	26.8	23.7
2018/01/18 18:03:13	73.9	28.6	28.6	46.0	46.0	59.8	59.8	65.4	65.4	66.0	67.0	69.2	58.4	59.4	60.1	57.9	60.0	61.7	60.6	63.1	65.3	65.5	61.7	61.7	61.8	62.9	61.7	56.8	50.4	44.3	40.2	37.4	34.4
2018/01/18 18:03:14	58.9	28.3	28.3	42.7	42.7	54.4	54.4	57.5	57.5	58.0	59.5	61.7	49.9	53.9	53.2	49.4	52.5	50.9	50.7	47.2	47.1	45.8	44.2	44.2	43.7	43.4	39.5	34.9	28.3	25.5	23.2	22.7	21.3
2018/01/18 18:03:15	57.6	27.3	27.3	41.8	41.8	52.4	52.4	54.9	54.9	54.3	55.7	56.1	46.8	51.4	51.9	50.1	52.7	49.5	50.8	45.8	43.4	41.7	42.7	41.6	45.0	43.7	39.2	35.9	30.2	26.3	23.0	23.0	21.5
2018/01/18 18:03:16	59.6	27.3	27.3	43.8	43.8	53.8	53.8	54.8	54.8	54.1	53.2	53.9	48.6	51.7	52.7	53.5	53.4	51.0	50.1	46.6	43.6	42.7	46.1	44.8	51.6	48.1	42.4	36.2	31.1	26.2	22.8	23.1	21.5
2018/01/18 18:03:17	65.0	32.3	32.3	46.9	46.9	56.9	56.9	57.5	57.5	55.0	54.8	54.3	45.8	57.5	54.4	55.5	52.9	54.8	55.5	49.1	47.8	48.5	52.1	51.9	57.7	57.8	49.2	43.8	39.6	32.0	26.5	25.8	22.9
2018/01/18 18:03:18	73.0	25.7	25.7	41.9	41.9	50.0	50.0	51.4	51.4	56.9	60.1	57.5	52.2	66.7	61.8	61.9	62.9	61.6	62.0	59.0	56.5	56.4	60.3	60.5	64.0	65.6	62.1	55.7	53.9	46.5	42.4	38.4	35.5
2018/01/18 18:03:19	74.9	31.0	31.0	45.0	45.0	55.3	55.3	54.7	54.7	58.9	59.8	58.9	56.6	69.7	64.5	64.2	65.0	62.4	64.4	64.1	63.4	61.6	62.5	62.8	64.1	64.5	63.8	61.4	57.6	51.7	47.5	45.5	43.9
2018/01/18 18:03:20	59.5	27.2	27.2	45.1	45.1	53.5	53.5	53.1	53.1	54.9	53.1	53.0	55.6	63.4	55.2	50.5	49.8	48.6	46.6	46.4	46.5	45.4	44.7	43.9	46.6	45.4	42.9	39.5	34.0	28.9	24.9	24.0	22.5
2018/01/18 18:03:21	57.3	27.7	27.7	42.2	42.2	50.6	50.6	50.2	50.2	50.9	49.3	50.7	54.2	56.7	49.4	48.5	49.6	48.9	49.3	46.4	48.4	42.8	42.1	42.4	42.9	41.1	38.8	35.8	29.6	26.1	24.4	24.4	22.9
2018/01/18 18:03:22	54.3	26.5	26.5	40.5	40.5	50.6	50.6	51.5	51.5	52.4	49.1	50.0	50.0	52.0	49.0	45.5	47.1	49.0	44.1	42.0	42.4	40.2	39.5	40.9	40.2	38.3	35.7	33.3	25.6	23.5	22.6	22.7	21.6
2018/01/18 18:03:23	53.4	26.9	26.9	42.2	42.2	50.1	50.1	51.2	51.2	52.2	48.5	51.0	50.5	51.6	46.9	45.5	45.3	45.5	44.1	42.6	41.5	38.8	38.6	39.0	42.2	37.7	34.3	30.5	25.6	23.7	22.2	22.4	21.1
2018/01/18 18:03:24	53.5	26.4	26.4	41.6	41.6	50.6	50.6	53.0	53.0	52.9	47.8	49.7	45.5	49.4	47.8	46.4	47.4	47.3	44.3	43.9	42.0	40.7	37.9	36.8	37.3	35.5	33.1	28.1	23.5	21.6	21.7	22.6	21.0
2018/01/18 18:03:25	53.2	26.6	26.6	44.6	44.6	52.1	52.1	52.3	52.3	52.4	49.0	48.8	43.2	48.3	47.0	46.1	45.2	46.6	47.7	43.2	37.9	38.2	39.3	37.7	37.7	36.3	34.0	32.3	24.8	24.0	22.6	22.5	20.8
2018/01/18 18:03:26	54.0	29.9	29.9	46.5	46.5	55.6	55.6	54.9	54.9	53.4	54.2	53.0	45.1	48.4	45.7	47.4	46.4	48.4	46.6	44.2	37.5	39.6	41.4	37.5	40.1	36.2	32.0	28.1	22.7	21.2	21.1	21.9	20.7
2018/01/18 18:03:27	57.1	27.4	27.4	44.4	44.4	56.9	56.9	60.7	60.7	55.9	51.3	54.5	47.0	50.2	49.2	48.9	51.4	51.6	49.8	46.6	43.1	42.4	43.3	40.5	42.4	40.7	35.2	29.7	23.7	22.1	21.5	22.0	20.9
2018/01/18 18:03:28	59.9	28.3	28.3	46.3	46.3	57.8	57.8	62.7	62.7	59.0	53.3	54.8	48.2	51.1	50.5	48.6	50.6	51.6	50.0	47.8	46.4	45.7	50.2	49.7	51.4	43.7	37.0	31.4	27.5	23.6	21.9	22.1	20.6
2018/01/18 18:03:29	61.7	30.5	30.5	47.3	47.3	58.3	58.3	64.0	64.0	60.2	52.7	55.2	46.4	51.2	52.2	51.9	50.2	53.0	51.3	52.2	47.8	48.0	48.7	48.7	51.1	53.1	47.8	43.1	35.5	31.0	26.2	24.6	22.5
2018/01/18 18:03:30	65.5	29.0	29.0	47.6	47.6	60.7	60.7	66.6	66.6	62.9	56.3	55.4	49.1	56.5	54.9	53.9	55.0	56.5	56.4	57.7	55.3	52.3	52.7	51.2	52.5	54.4	52.6	48.1	41.5	37.6	32.9	29.1	26.7
2018/01/18 18:03:31	63.7	29.3	29.3	47.1	47.1	62.0	62.0	66.1	66.1	60.0	53.8	56.0	50.7	58.0	55.1	55.5	51.5	54.9	54.6	56.3	52.0	49.9	52.2	50.4	51.4	50.7	46.2	40.6	34.9	32.2	25.3	24.1	22.0
2018/01/18 18:03:32	64.6	35.3	35.3	49.7	49.7	65.0	65.0	67.2	67.2	58.2	57.3	57.6	57.4	59.2	58.2	55.5	54.3	58.3	54.4	54.8	48.9	50.5	53.8	51.5	53.2	51.2	48.4	42.8	37.9	34.3	25.1	24.2	22.6
2018/01/18 18:03:33	67.9	33.4	33.4	51.0	51.0	63.0	63.0	63.2	63.2	65.3	67.4	65.3	61.8	60.4	61.1	58.4	58.4	60.8	58.1	57.4	52.5	53.3	56.1	54.3	56.7	55.9	54.1	45.8	45.7	40.4	31.5	29.4	27.4
2018/01/18 18:03:34	71.2	39.5	39.5	59.6	59.6	68.5	68.5	66.5	66.5	66.9	65.5	61.3	55.9	61.3	61.7	57.3	60.8	60.3	61.6	63.2	59.8	59.5	58.2	57.6	60.2	58.8	58.6	56.2	51.0	46.3	40.1	41.4	41.0
2018/01/18 18:03:35	66.8	36.7	36.7	48.9	48.9	59.6	59.6	60.6	60.6	63.5	64.4	59.7	56.7	59.8	57.5	56.9	58.1	58.5	59.0	57.9	54.4	53.0	54.5	52.8	53.8	54.1	52.6	47.6	45.7	37.2	32.5	29.4	27.0
2018/01/18 18:03:36	70.9	36.0	36.0	50.8	50.8	63.7	63.7	64.8	64.8	59.5	62.1	60.3	56.8	61.6	58.7	56.5	60.3	61.7	63.3	63.5	60.4	57.6	57.8	56.2	57.1	58.0	59.2	55.2	48.8	44.1	38.1	36.2	34.9
2018/01/18 18:03:37	67.4	31.3	31.3	46.7	46.7	58.8	58.8	62.6	62.6	61.7	63.1	59.9	55.5	59.2	59.5	54.4	57.4	58.1	58.1	61.8	57.7	54.3	54.7	52.5	52.3	52.3	50.2	43.9	39.2	35.9	30.5	31.2	28.1
2018/01/18 18:03:38	64.7	31.9	31.9	47.9	47.9	59.5	59.5	60.2	60.2	58.8	53.9	55.1	50.2	57.6	55.6	51.6	53.6	54.7	56.8	59.5	54.2	51.5	52.3	49.4	49.2	49.3	46.9	42.4	37.2	32.6	29.0	42.4	28.3
2018/01/18 18:03:39	64.5	29.3	29.3	44.5	44.5	56.0	56.0	58.2	58.2	55.3	56.6	58.2	52.9	58.8	55.9	54.6	56.3	56.4	57.3	56.9	52.5	50.5	52.7	49.2	49.1	50.3	47.8	40.6	37.9	31.4	28.2	26.5	25.2
2018/01/18 18:03:40	69.8	36.6	36.6	55.3	55.3	65.2	65.2	65.7	65.7	63.2	62.6	62.8	54.9	60.8	59.4	60.3	60.1	60.5	62.7	64.3	59.6	56.7	55.6	53.0	52.0	53.5	52.2	47.5	42.6	39.6	36.2	35.5	35.8
2018/01/18 18:03:41	59.8	33.0	33.0	51.2	51.2	59.9	59.9	61.3	61.3	58.8	58.6	60.1	50.3	55.0	51.7	50.7	50.3	50.7	51.3	53.5	49.4	46.7	45.8	42.7	41.8	42.2	39.5	35.2	29.8	28.2	24.1	23.8	22.3
2018/01/18 18:03:42	60.3	29.2	29.2	50.0	50.0	59.3	59.3	60.7	60.7	58.4	56.2	55.0	48.0	53.8	52.8	54.5	55.5	50.9	52.7	52.2	48.0	47.1	43.6	43.0	42.9	46.2	40.4	37.8	34.5	28.0	23.3	23.3	21.8
2018/01/18 18:03:43	60.1	32.3	32.3	49.8	49.8	58.6	58.6	62.4	62.4	61.4	58.8	57.6	52.3	55.3	49.8	49.9	58.1	52.2	48.5	49.8	46.7	45.7	44.3	43.9	44.9	43.4	42.7	39.9	36.5	30.2	25.5	24.4	21.8
2018/01/18 18:03:44	65.5	27.7	27.7	46.9	46.9	56.0	56.0	57.2	57.2	55.7	51.9	57.0	53.9	58.2	56.5	54.9	57.2	57.8	54.1	53.7	49.4	47.4	50.6	51.3	54.7	56.0	57.1	47.6	47.7	42.0	40.6	37.3	37.2
2018/01/18 18:03:45	61.5	29.1	29.1	45.5	45.5	53.9	53.9	55.2	55.2	55.8	55.3	56.8	52.4	54.7	50.5	52.9	53.7	52.9	51.6	52.7	48.7	49.5	48.3	47.0	48.1	49.4	49.2	44.8	40.0	37.3	34.6	34.5	36.1
2018/01/18 18:03:46	68.6	31.5	31.5	48.6	48.6	57.6	57.6	57.1	57.1	55.7	55.0	56.1	49.3	57.8	55.3	55.5	62.5	58.1	63.0	63.4	56.3	57.1	53.4	51.2	51.4	50.4	46.9	41.1	33.3	28.0	26.4	27.5	25.7
2018/01/18 18:03:47	71.4	30.0	30.0	50.1	50.1	57.9	57.9	58.1	58.1	57.1	55.2	57.3	55.6	59.7	59.9	57.1	59.8	62.3	63.9	65.4	61.8	62.3	57.7	54.4	55.0	55.0	53.4	48.6	41.2	37.3	41.8	29.8	27.4
2018/01/18 18:03:48	69.0	31.3	31.3	48.5	48.5	54.8	54.8	55.1	55.1	57.3	58.2	58.8	53.6	64.3	62.4	57.2	59.2	61.4	61.0	62.5	59.0	54.9	54.9	53.7	53.8	54.1	51.4	44.8	40.9	40.9	47.6	29.7	26.1
2018/01/18 18:03:49	70.6	32.6	32.6	48.4	48.4	60.4	60.4	64.6	64.6	63.3	61.9	60.9	55.5	63.0	62.0	59.5	61.4	61.7	63.8	64.7	61.2	57.5	54.8	53.3	53.6	55.4	53.3	48.3	41.8	37.2	37.3	32.5	32.5
2018/01/18 18:03:50	64.6	33.4	33.4	47.7	47.7	58.2	58.2	60.2	60.2	60.2	59.1	58.9	55.2	61.2	58.5	59.0	57.4	55.5	55.8	57.1	54.3	51.8	51.0	47.1	46.8	47.5	43.0	37.1	30.9	24.7	22.1	22.5	21.3
2018/01/18 18:03:51	69.4	31.8	31.8	50.3	50.3	58.1	58.1	58.2	58.2	59.0	56.4	57.8	57.9	60.7	60.5	58.3	59.9	59.1	60.4	63.1	62.6	58.3	55.8	51.1	50.8	53.3	48.0	44.1	37.3	32.4	27.9	26.6	24.6
2018/01/18 18:03:52	65.9	29.9	29.9	50.4	50.4	59.1	59.1	59.1	59.1	60.3	61.2	61.0	56.6	62.0	60.7	59.5	59.4	57.2	57.0	56.0	54.5	51.3	53.9	52.4	50.8	49.1	45.4	38.2	33.1	28.1	23.9	23.3	21.4
2018/01/18 18:03:53	66.3	33.1	33.1	53.5	53.5	61.6	61.6	61.3	61.3	63.1	63.4	64.6	58.4	65.2	63.8	60.7	59.0	59.0	57.5	54.9	51.9	51.2	53.1	50.2	48.3	46.8	43.8	37.8	31.9	27.5	22.9	22.6	21.2
2018/01/18 18:03:54	68.9	32.9	32.9	54.6	54.6	62.7	62.7	62.6	62.6	61.3	60.1	60.6	54.6	60.5	57.9	57.9	59.5	59.2	60.2	62.4	60.2	57.2	57.1	53.9	52.8	52.7	51.2	46.5	39.4	34.0	30.3	28.9	26.0
2018/01/18 18:03:55	70.4	31.3	31.3	51.2	51.2	61.0	61.0	63.0	63.0	62.3	62.3	60.1	54.9	64.3	63.8	61.6	62.6	61.0	60.9	62.7	58.5	58.2	60.0	56.6	56.5	55.9	52.9	46.3	41.7	35.2	29.2	26.3	24.0
2018/01/18 18:03:56	77.0	35.7	35.7	55.0	55.0	64.8	64.8	66.9	66.9	64.1	62.2	60.1	61.8	74.3	73.3	66.7	70.4	68.4	66.9	69.0	66.5	63.0	63.5	62.2	61.2	62.0	60.0	55.3	51.0	46.1	40.6	38.1	38.5
2018/01/18 18:03:57	81.7	38.3	38.3	58.0	58.0	69.2	69.2	74.0	74.0	76.1	74.3	74.7	68.2	79.4	78.8	75.3	75.2	72.2	68.1	69.8	68.9	65.1	65.2	66.1	68.1	70.6	70.2	64.9	60.9	55.5	51.7	50.8	50.2
2018/01/18 18:03:58	73.5	34.2	34.2	58.2	58.2	68.7	68.7	73.8	73.8	77.3	74.3	75.6	69.2	70.9	67.2	65.8	67.5	67.0	63.8	62.3	60.8	58.4	56.8	55.6	55.5	56.8	56.5	52.4	45.1	39.7	35.8	35.8	35.5
2018/01/18 18:03:59	75.0	38.1	38.1	60.2	60.2	68.6	68.6	67.9	67.9	71.6	73.1	69.7	65.8	76.1	76.2	68.1	70.8	65.5	63.1	59.3	56.4	54.3	54.8	54.7	53.2	54.1	52.2	47.4	44.2	35.4	30.0	28.0	25.6
2018/01/18 18:04:00	73.2	35.6	35.6	59.4	59.4	68.4	68.4	68.3	68.3	65.2	74.3	73.8	67.9	65.8	68.0	68.1	66.8	65.2	63.7	65.1	60.9	58.1	57.9	56.1	56.1	54.8	52.4	48.1	42.2	34.9	31.7	29.9	28.0
2018/01/18 18:04:01	69.7	32.3	32.3	55.2	55.2	63.4	63.4	61.5	61.5	67.5	71.1	68.2	64.6	62.5	67.6	60.9	61.9	61.1	59.9	61.2	57.9	53.6	55.0	55.2	54.9	53.6	50.4	43.0	37.6	31.2	27.2	25.0	23.4
2018/01/18 18:04:02	65.7	30.8	30.8	52.9	52.9	60.0	60.0	57.9	57.9	58.8	61.0	63.3	58.1	62.8	62.0	56.9	58.1	57.9	56.9	56.6	51.7	50.8	53.2	51.9	51.3	49.5	45.3	38.1	32.1	28.0	23.4	23.0	21.3
2018/01/18 18:04:03	64.3	33.8	33.8	55.0	55.0	64.6	64.6	64.9	64.9	62.8	62.3	64.5	61.6	60.6	57.5	54.0	54.4	56.1	55.3	55.5	50.2	51.0	52.5	50.2	48.8	51.0	43.1	38.8	34.0	28.0	23.1	23.0	21.4
2018/01/18 18:04:04	62.0	32.1	32.1	52.9	52.9	61.1	61.1	63.1	63.1	62.8	60.8	62.5	57.5	57.1	53.0	53.0	51.7	52.7	53.5	53.2	50.7	50.3	51.5	47.4	45.0	43.3	41.8	38.2	29.6	27.2	22.6	22.8	21.1
2018/01/18 18:04:05	63.6	33.9	33.9	53.7	53.7	63.8	63.8	66.1	66.1	63.7	62.6	63.2	60.2	60.6	57.0	55.6	56.8	55.6	54.1	54.9	51.0	49.3	49.0	46.9	48.3	47.2	45.3	41.2	35.4	29.6	25.3	25.7	23.6
2018/01/18 18:04:06	64.5	36.3	36.3	48.5	48.5	57.4	57.4	61.9	61.9	61.4	57.7	59.8	59.1	63.5	57.2	56.4	58.4	57.6	55.3	56.1	52.7	48.7	48.3	45.6	47.7	48.0	47.7	43.5	38.0	32.4	27.1	26.1	23.1
2018/01/18 18:04:07	61.4	30.2	30.2	46.3	46.3	54.4	54.4	56.0	56.0	57.5	58.2	58.9	53.4	60.9	56.9	53.3	55.2	52.3	53.0	51.2	49.4	45.9	45.4	44.2	46.1	47.0	44.9	40.6	34.8	30.7	25.9	25.0	22.8
2018/01/18 18:04:08	62.1	31.8	31.8	47.8	47.8	56.0	56.0	57.6	57.6	57.2	55.6	56.1	52.1	62.1	60.1	53.4	54.5	53.0	53.6	53.7	47.9	46.2	44.5	44.0	46.2	46.4	46.6	43.0	36.3	32.1	26.1	24.1	21.4
2018/01/18 18:04:09	61.5	33.5	33.5	52.0	52.0	60.7	60.7	60.8	60.8	57.6	58.8	58.2	56.1	59.4	59.3	54.8	54.3	53.8	52.7	51.6	47.7	46.2	44.2	44.5	45.0	44.6	46.2	41.2	36.7	30.0	26.1	24.2	22.5
2018/01/18 18:04:10	63.1	32.3	32.3	47.3	47.3	55.2	55.2	56.7	56.7	55.4	55.2	57.1	55.1	57.3	57.0	59.6	57.4	53.3	51.5	52.7	46.0	46.9	50.8	48.8	50.9	48.8	50.0	47.0	42.8	39.4	39.1	39.8	35.2
2018/01/18 18:04:11	61.1	35.8	35.8	53.4	53.4	61.6	61.6	62.0	62.0	58.3	59.4	60.1	53.5	56.0	55.5	54.3	53.9	52.4	50.5	50.6	44.5	48.3	50.5	45.7	46.5	46.9	46.1	43.5	39.9	33.1	26.5	25.0	21.8
2018/01/18 18:04:12	60.8	27.5	27.5	47.6	47.6	55.9	55.9	56.7	56.7	56.7	52.3	55.4	51.4	57.0	56.6	53.8	53.5	54.1	52.5	47.7	45.4	46.4	51.3	45.3	45.5	43.5	43.1	39.6	37.2	33.2	25.8	23.7	21.5
2018/01/18 18:04:13	60.8	27.4	27.4	45.7	45.7	54.6	54.6	57.8	57.8	58.0	52.7	53.5	49.9	54.3	56.1	55.1	51.6	55.4	51.4	49.2	43.7	46.8	52.5	44.8	43.4	42.5	41.4	39.2	34.8	31.6	24.4	23.2	21.4
2018/01/18 18:04:14	59.7	28.4	28.4	46.2	46.2	54.9	54.9	57.1	57.1	57.0	54.1	55.3	51.8	52.6	53.1	54.7	52.6	53.5	51.5	48.8	44.4	45.7	50.3	42.0	42.3	42.3	39.3	38.7	31.8	30.2	24.5	22.6	21.0
2018/01/18 18:04:15	59.4	26.6	26.6	45.4	45.4	52.4	52.4	54.0	54.0	55.6	52.4	54.4	51.0	52.6	52.5	55.6	51.2	53.3	52.6	46.5	42.0	46.7	49.1	41.8	40.6	41.5	38.7	38.7	30.9	27.4	26.2	22.3	21.2
2018/01/18 18:04:16	58.1	28.1	28.1	43.2	43.2	51.9	51.9	53.9	53.9	55.6	52.6	51.0	46.9	50.9	52.4	52.0	50.8	50.3	52.9	47.3	46.8	44.3	46.3	38.0	37.4	38.0	35.4	34.1	26.5	24.5	21.5	21.9	20.7
2018/01/18 18:04:17	55.8	27.5	27.5	44.8	44.8	52.3	52.3	53.0	53.0	50.5	48.1	49.7	43.2	49.4	51.5	50.3	48.6	48.6	48.5	45.4	46.1	43.2	42.0	37.2	35.5	35.7	32.9	29.8	24.3	21.7	21.1	22.0	20.8
2018/01/18 18:04:18	55.3	25.3	25.3	44.2	44.2	52.1	52.1	52.7	52.7	50.4	50.4	51.6	47.5	51.2	52.7	48.9	47.1	47.4	47.0	45.5	43.9	42.9	41.5	38.2	36.4	35.9	34.1	31.4	24.7	22.1	21.1	22.4	20.8
2018/01/18 18:04:19	56.1	28.0	28.0	46.6	46.6	53.7	53.7	54.7	54.7	52.1	50.5	52.6	43.9	51.8	53.7	50.7	48.9	48.3	47.5	45.8	44.6	43.6	42.5	38.8	38.1	37.3	33.8	30.1	23.4	20.9	21.2	21.9	20.6
2018/01/18 18:04:20	58.5	28.4	28.4	46.4	46.4	53.7	53.7	54.3	54.3	53.1	50.6	51.2	46.7	52.7	53.4	54.4	51.7	50.1	50.1	50.0	47.9	45.2	44.9	41.0	41.0	40.2	35.3	30.5	25.5	22.1	20.9	21.9	20.8
2018/01/18 18:04:21	60.2	28.0	28.0	43.3	43.3	53.7	53.7	56.5	56.5	55.8	51.7	54.5	50.2	53.2	52.7	52.2	53.2	52.4	52.2	53.3	49.6	48.5	46.7	42.6	42.2	42.4	37.6	33.2	26.0	21.7	21.2	21.9	20.7
2018/01/18 18:04:22	68.2	28.4	28.4	45.4	45.4	53.9	53.9	57.4	57.4	56.8	51.6	55.4	53.5	57.4	54.4	52.6	60.2	58.8	62.0	62.5	59.3	55.4	52.4	51.0	50.3	50.5	50.2	45.6	40.3	34.2	28.2	27.5	24.6
2018/01/18 18:04:23	66.2	28.0	28.0	44.0	44.0	52.2	52.2	55.1	55.1	55.9	52.6	52.7	51.2	59.6	59.5	56.0	59.3	57.3	57.2	60.9	57.2	51.9	47.7	46.4	48.0	50.1	48.0	42.6	36.3	32.3	25.4	23.8	21.3
2018/01/18 18:04:24	62.4	31.5	31.5	46.7	46.7	54.5	54.5	55.1	55.1	54.9	52.2	53.5	49.6	57.1	57.9	54.8	56.5	55.2	53.7	54.5	52.5	49.4	45.6	43.6	45.1	45.2	40.2	32.6	28.5	22.7	21.3	22.0	20.6
2018/01/18 18:04:25	62.4	29.6	29.6	47.3	47.3	55.1	55.1	56.4	56.4	56.1	54.9	61.0	53.3	58.5	56.8	52.9	55.4	55.2	53.8	54.8	51.9	49.9	47.2	44.9	44.9	44.3	40.1	32.7	27.4	22.0	21.4	22.0	20.7
2018/01/18 18:04:26	66.9	32.3	32.3	51.4	51.4	59.8	59.8	59.9	59.9	58.9	59.3	62.5	56.5	59.1	56.6	55.6	60.6	57.2	59.7	61.2	56.3	54.7	52.6	48.7	49.4	48.8	47.9	42.8	37.5	31.4	26.9	26.6	25.6
2018/01/18 18:04:27	67.5	32.3	32.3	51.3	51.3	57.7	57.7	56.6	56.6	56.8	58.6	58.7	54.4	59.6	57.8	54.8	58.1	58.2	58.2	63.4	59.2	52.8	50.5	47.2	48.0	49.4	47.8	42.7	38.5	33.4	29.8	26.8	25.6
2018/01/18 18:04:28	66.2	31.4	31.4	48.1	48.1	55.5	55.5	57.8	57.8	59.9	58.7	58.8	55.5	60.7	59.7	54.8	57.0	56.8	58.7	60.3	55.8	52.0	51.1	50.1	51.4	51.0	49.6	45.1	40.4	36.5	31.6	28.6	29.3
2018/01/18 18:04:29	68.3	35.4	35.4	50.1	50.1	57.5	57.5	60.5	60.5	58.9	56.7	59.3	55.3	62.2	61.9	55.7	57.3	58.3	59.5	63.5	58.2	55.0	52.9	51.6	52.6	51.8	51.3	45.6	41.3	36.0	30.3	29.6	29.3
2018/01/18 18:04:30	69.4	32.8	32.8	48.2	48.2	60.2	60.2	63.3	63.3	62.6	58.9	61.5	57.3	64.1	61.7	55.8	60.0	58.3	60.1	64.9	60.3	56.3	53.1	51.7	53.6	52.0	51.7	46.3	39.3	34.1	28.7	27.4	25.8
2018/01/18 18:04:31	63.2	32.2	32.2	46.2	46.2	55.1	55.1	58.8	58.8	57.5	57.4	62.0	55.4	60.3	56.3	54.6	54.9	55.3	53.7	51.9	51.4	49.7	48.9	50.2	51.8	51.2	45.6	40.1	35.8	27.4	24.5	24.6	22.0
2018/01/18 18:04:32	77.2	32.4	32.4	49.5	49.5	57.1	57.1	67.0	67.0	70.1	70.0	73.4	65.1	66.0	63.5	66.0	71.6	70.8	65.3	64.0	64.1	64.4	65.8	63.4	64.1	65.0	66.1	63.6	57.7	54.6	50.0	48.6	47.5
2018/01/18 18:04:33	75.2	37.6	37.6	57.1	57.1	65.0	65.0	66.6	66.6	72.3	71.6	75.9	66.2	68.3	65.4	62.6	65.5	64.5	60.4	61.4	60.6	62.2	65.4	64.4	64.8	64.5	63.6	58.9	50.9	48.4	43.6	44.0	42.1
2018/01/18 18:04:34	61.8	35.5	35.5	54.4	54.4	65.1	65.1	67.5	67.5	63.3	61.2	63.5	58.9	57.7	53.2	52.3	51.2	54.0	52.5	53.0	51.0	49.0	46.9	47.0	46.6	44.5	41.8	36.4	30.1	26.6	23.7	23.7	22.3
2018/01/18 18:04:35	58.5	31.9	31.9	51.0	51.0	60.3	60.3	61.8	61.8	58.2	58.1	62.3	49.3	52.7	50.5	51.4	51.2	53.5	50.1	46.4	46.5	44.6	42.7	41.4	40.9	39.8	37.4	32.4	27.4	25.2	23.5	24.2	22.7
2018/01/18 18:04:36	60.9	38.3	38.3	55.9	55.9	65.4	65.4	66.8	66.8	63.9	63.7	62.1	54.8	56.7	52.8	50.4	51.6	55.0	52.3	48.7	51.4	48.7	45.7	42.7	42.2	42.8	40.5	33.7	29.8	26.1	22.7	23.3	21.6
2018/01/18 18:04:37	62.9	32.9	32.9	52.4	52.4	61.4	61.4	61.0	61.0	59.6	60.5	58.4	52.0	56.1	53.8	54.4	56.5	57.3	53.9	52.2	50.3	47.7	50.5	46.0	48.7	50.4	48.1	40.1	39.2	34.6	31.3	27.4	25.2
2018/01/18 18:04:38	67.1	37.2	37.2	56.2	56.2	65.6	65.6	63.2	63.2	60.5	61.0	61.9	55.4	57.4	55.2	54.0	57.3	59.1	56.9	60.6	58.0	54.3	54.5	50.1	51.6	53.5	53.1	48.3	43.5	43.4	38.6	35.6	31.2
2018/01/18 18:04:39	56.9	31.3	31.3	47.6	47.6	57.7	57.7	60.3	60.3	59.8	57.4	57.5	50.5	52.8	49.3	47.1	49.4	51.5	46.8	47.3	44.9	43.4	43.0	38.7	38.3	42.1	37.8	37.1	31.0	25.3	23.8	23.7	22.2
2018/01/18 18:04:40	57.8	35.1	35.1	49.7	49.7	59.7	59.7	61.7	61.7	58.1	57.7	57.2	49.3	53.2	50.8	48.5	51.6	51.1	52.0	47.3	45.7	42.8	41.5	39.5	40.5	39.3	37.3	36.6	30.5	28.8	26.5	26.3	24.9
2018/01/18 18:04:41	57.8	34.8	34.8	51.1	51.1	60.4	60.4	62.1	62.1	59.8	57.6	55.8	49.7	52.4	52.1	49.4	49.2	53.5	47.8	48.0	44.7	43.4	42.7	38.9	44.1	40.8	36.9	35.6	31.3	30.2	27.3	26.9	26.0
2018/01/18 18:04:42	57.1	32.4	32.4	47.7	47.7	55.9	55.9	56.6	56.6	52.7	51.6	51.2	47.0	52.2	48.9	48.6	51.8	50.1	50.3	46.7	45.2	41.9	42.7	39.9	41.0	43.9	41.5	33.2	27.7	24.9	24.3	24.6	23.1
2018/01/18 18:04:43	57.6	31.5	31.5	51.4	51.4	58.5	58.5	55.7	55.7	54.0	51.8	52.0	46.8	53.8	51.9	51.3	50.0	51.6	48.7	46.7	46.8	42.0	43.3	42.5	41.2	42.4	42.4	35.7	27.7	27.0	26.4	26.5	24.9
2018/01/18 18:04:44	60.4	34.4	34.4	52.6	52.6	62.2	62.2	59.9	59.9	54.5	55.1	57.5	52.4	56.9	51.0	50.9	53.3	53.1	51.6	49.9	49.3	48.2	47.9	46.2	45.1	47.7	39.9	34.4	30.3	26.4	24.7	23.2	21.9
2018/01/18 18:04:45	62.6	33.6	33.6	51.7	51.7	61.7	61.7	61.2	61.2	55.5	55.2	58.7	51.5	54.8	51.9	49.1	54.1	55.9	53.7	53.8	50.8	49.2	53.4	48.3	47.1	48.1	45.2	41.2	32.8	27.6	24.4	24.3	22.6
2018/01/18 18:04:46	64.8	37.6	37.6	54.8	54.8	65.2	65.2	64.9	64.9	59.7	57.6	53.5	48.8	55.9	52.0	50.1	55.7	57.1	55.7	58.4	55.0	52.9	53.4	49.8	49.6	49.5	47.1	42.9	37.7	33.8	30.7	25.9	24.8
2018/01/18 18:04:47	66.2	31.8	31.8	54.7	54.7	63.3	63.3	62.2	62.2	60.0	57.9	57.4	53.0	58.2	55.1	52.5	54.6	59.8	57.6	56.0	56.1	52.0	52.1	52.3	53.2	57.0	50.3	43.1	38.4	38.3	33.8	24.9	24.3
2018/01/18 18:04:48	63.0	34.9	34.9	56.8	56.8	63.8	63.8	63.5	63.5	59.6	57.3	58.2	52.4	57.0	56.3	52.5	53.5	57.4	57.1	52.3	51.2	47.2	49.5	48.0	49.5	48.1	43.0	35.0	34.4	27.5	26.6	22.5	20.8
2018/01/18 18:04:49	60.8	34.6	34.6	53.1	53.1	58.7	58.7	58.3	58.3	54.9	50.2	53.6	46.7	55.6	52.7	50.8	52.9	56.7	51.6	51.4	48.7	46.0	49.0	44.5	45.2	45.2	40.0	33.4	30.4	25.0	22.2	22.1	21.0
2018/01/18 18:04:50	59.5	34.8	34.8	50.3	50.3	57.6	57.6	57.7	57.7	52.9	50.6	50.2	46.0	54.9	54.0	51.4	51.9	54.3	52.8	48.4	46.4	45.3	47.4	43.4	43.0	43.1	37.8	31.8	28.7	23.5	21.5	22.0	20.6
2018/01/18 18:04:51	57.8	37.4	37.4	50.0	50.0	59.0	59.0	60.5	60.5	55.5	53.5	54.0	47.5	54.0	52.2	48.9	50.6	52.5	50.8	48.0	45.2	42.7	42.7	39.1	41.4	40.5	37.5	30.2	29.2	23.4	22.4	22.7	21.0
2018/01/18 18:04:52	79.9	32.5	32.5	50.2	50.2	57.5	57.5	57.3	57.3	53.5	50.1	51.3	45.0	53.8	61.9	68.9	54.1	56.8	56.3	50.0	47.0	48.2	56.4	52.4	75.3	75.5	63.4	55.9	57.2	46.6	49.6	44.7	44.4
2018/01/18 18:04:53	61.0	35.8	35.8	55.4	55.4	60.1	60.1	58.3	58.3	56.8	53.2	55.0	53.1	56.6	52.7	52.1	54.9	56.0	54.3	51.5	46.9	44.7	44.7	41.9	44.7	46.6	43.7	38.6	36.7	28.6	25.5	24.6	22.0
2018/01/18 18:04:54	62.3	35.8	35.8	53.7	53.7	59.2	59.2	57.4	57.4	53.8	53.3	57.7	53.4	56.3	53.8	52.0	56.3	55.7	55.5	53.8	48.4	46.2	46.8	44.3	46.3	48.7	48.8	41.4	43.6	32.6	31.1	29.6	26.9
2018/01/18 18:04:55	65.4	36.2	36.2	52.0	52.0	60.4	60.4	61.6	61.6	57.1	55.6	57.3	54.9	57.4	55.8	54.8	56.0	55.8	55.9	56.5	52.3	50.9	50.7	48.2	49.8	54.5	56.8	52.0	52.1	43.3	43.2	42.0	40.4
2018/01/18 18:04:56	66.3	35.0	35.0	54.0	54.0	60.9	60.9	66.5	66.5	66.2	60.4	61.3	56.6	57.7	57.7	54.9	56.6	57.1	57.9	58.5	54.0	53.9	53.2	51.4	52.2	54.2	53.4	50.8	47.9	40.2	40.7	40.7	39.4
2018/01/18 18:04:57	64.5	30.2	30.2	54.4	54.4	60.6	60.6	63.8	63.8	65.0	58.0	60.2	56.2	59.7	55.4	53.3	56.8	56.5	56.8	56.9	51.3	49.6	50.4	48.1	50.0	51.8	51.0	44.3	41.2	36.7	31.4	28.1	25.8
2018/01/18 18:04:58	67.8	34.8	34.8	55.7	55.7	62.0	62.0	66.8	66.8	68.1	61.6	60.8	56.3	61.8	57.8	56.0	59.0	57.6	56.3	59.3	56.9	56.1	54.2	53.5	54.2	56.9	56.7	51.4	47.0	46.1	39.1	36.2	34.0
2018/01/18 18:04:59	65.4	31.3	31.3	55.0	55.0	62.3	62.3	63.1	63.1	61.9	58.8	61.2	57.2	59.4	60.4	56.3	58.0	58.5	57.1	56.9	53.0	51.3	50.9	49.0	49.9	51.0	50.4	45.6	41.1	36.3	30.1	27.8	25.6
2018/01/18 18:05:00	67.8	34.7	34.7	56.9	56.9	62.2	62.2	62.9	62.9	62.5	57.5	59.2	55.9	59.0	55.9	54.7	60.5	57.3	58.4	60.7	57.8	56.0	55.8	54.1	54.3	52.8	52.0	49.7	43.3	37.6	34.4	33.7	33.2
2018/01/18 18:05:01	65.6	32.6	32.6	53.1	53.1	59.8	59.8	58.1	58.1	56.9	54.6	55.7	51.9	58.1	67.2	61.6	52.7	59.2	52.8	56.7	51.5	49.8	47.2	46.4	46.7	45.5	42.1	37.7	31.6	30.5	27.0	25.5	23.1
2018/01/18 18:05:02	63.5	34.1	34.1	54.0	54.0	61.7	61.7	59.4	59.4	57.0	56.5	56.2	54.1	59.2	57.9	52.2	58.2	55.9	55.2	54.7	50.4	49.9	49.1	48.1	50.7	49.3	44.9	37.2	36.6	33.8	27.4	25.0	23.2
2018/01/18 18:05:03	68.0	34.8	34.8	53.1	53.1	60.4	60.4	62.4	62.4	59.8	57.3	58.9	57.1	62.7	57.8	56.4	61.5	61.1	59.3	60.0	55.4	54.1	54.2	53.1	54.4	55.7	53.5	46.4	41.1	34.5	29.5	28.1	25.1
2018/01/18 18:05:04	67.6	34.8	34.8	57.4	57.4	63.8	63.8	64.1	64.1	64.1	61.6	61.2	57.7	62.0	57.1	55.9	60.3	57.8	59.0	60.6	57.0	55.6	54.8	53.1	53.2	53.8	51.4	46.1	40.7	35.2	31.6	29.0	26.7
2018/01/18 18:05:05	69.9	36.6	36.6	56.5	56.5	64.2	64.2	70.2	70.2	66.9	59.3	63.4	57.9	63.7	59.4	56.5	60.4	60.5	60.7	62.8	61.0	58.4	56.3	54.1	55.0	55.9	55.2	51.4	44.3	40.8	35.2	34.3	31.9
2018/01/18 18:05:06	71.0	34.0	34.0	53.6	53.6	59.0	59.0	61.1	61.1	60.7	60.0	61.7	60.1	61.5	58.9	58.3	61.6	60.5	63.0	64.5	60.7	59.1	56.6	55.7	55.4	57.4	59.6	53.3	46.8	46.2	40.6	36.5	33.1
