DataTime                     	dB(A)	16	20	25	31.5	40	50	63	80	100	125	160	200	250	315	400	500	630	800	1000	1250	1600	2000	2500	3150	4000	5000	6300	8000	10000	12500	16000	20000
2018/01/24 14:33:20	48.6	25.1	25.1	39.0	39.0	50.1	50.1	52.1	52.1	47.6	44.3	46.1	41.6	43.5	44.8	41.1	40.8	41.6	39.1	41.4	37.9	35.1	32.4	29.8	28.9	29.7	28.6	24.5	21.2	20.4	21.0	21.8	20.9
2018/01/24 14:33:21	60.0	24.9	24.9	40.9	40.9	50.6	50.6	51.5	51.5	46.2	42.2	44.0	39.6	43.4	44.2	40.5	42.2	47.6	47.2	44.8	50.7	52.8	52.1	47.0	46.5	47.0	46.8	44.3	39.1	32.8	27.0	28.2	25.0
2018/01/24 14:33:22	55.3	23.2	23.2	39.9	39.9	48.0	48.0	47.2	47.2	44.9	46.0	44.8	39.0	45.0	44.3	40.1	40.6	41.3	43.8	43.9	42.4	45.4	42.3	45.4	44.7	44.7	45.3	40.9	35.0	29.6	26.6	28.5	27.5
2018/01/24 14:33:23	51.5	23.9	23.9	40.4	40.4	48.7	48.7	48.8	48.8	44.8	44.4	44.3	39.1	46.0	40.7	38.3	40.6	42.2	42.1	40.4	38.9	42.9	40.5	41.5	37.2	38.6	35.5	30.3	25.2	22.9	22.4	23.2	21.9
2018/01/24 14:33:24	51.4	25.4	25.4	40.2	40.2	48.5	48.5	48.7	48.7	43.9	44.3	44.9	41.3	43.4	40.3	38.9	38.4	43.6	40.2	41.3	43.8	40.9	38.0	36.7	36.1	37.9	38.4	36.7	31.6	26.4	24.0	24.1	23.0
2018/01/24 14:33:25	48.2	26.0	26.0	43.7	43.7	49.7	49.7	47.9	47.9	43.7	42.0	43.1	38.9	42.5	41.9	38.6	39.4	39.4	39.1	39.3	37.1	35.4	34.0	33.5	34.3	35.5	35.0	31.8	25.8	23.1	23.0	23.4	22.4
2018/01/24 14:33:26	47.8	24.1	24.1	39.7	39.7	48.5	48.5	48.7	48.7	43.6	38.7	41.8	35.4	41.7	37.8	36.1	36.2	37.3	37.9	36.5	41.6	35.3	35.5	33.4	33.0	34.8	33.3	30.8	29.1	24.4	22.3	23.2	21.9
2018/01/24 14:33:27	48.0	24.0	24.0	38.4	38.4	48.7	48.7	50.0	50.0	42.8	45.3	44.4	43.0	44.5	42.1	38.3	38.2	37.9	37.0	38.7	40.1	36.0	36.0	32.3	31.6	32.7	29.2	25.6	22.3	21.2	21.4	22.1	20.9
2018/01/24 14:33:28	47.7	25.5	25.5	41.6	41.6	48.5	48.5	48.5	48.5	43.4	40.9	45.4	39.0	42.4	39.6	37.4	39.2	39.2	38.4	38.5	35.0	39.4	31.4	34.8	32.1	33.6	31.1	27.7	23.2	21.3	21.6	22.2	21.1
2018/01/24 14:33:29	50.0	26.1	26.1	42.9	42.9	49.7	49.7	48.9	48.9	45.1	42.9	47.3	38.7	43.3	43.0	39.7	40.1	42.6	41.9	38.4	40.2	35.8	36.8	41.0	33.9	33.5	32.3	28.7	23.6	22.6	22.0	23.6	22.2
2018/01/24 14:33:30	49.5	24.6	24.6	42.2	42.2	50.0	50.0	49.2	49.2	43.8	41.0	45.4	39.6	44.5	41.8	39.1	41.3	45.0	41.4	40.3	37.6	35.7	35.0	33.8	32.7	34.0	32.3	29.2	24.5	22.6	21.5	22.7	20.8
2018/01/24 14:33:31	51.6	24.6	24.6	40.4	40.4	48.9	48.9	48.4	48.4	44.7	47.7	48.4	38.0	51.3	46.2	42.8	44.0	42.6	41.4	40.0	39.0	36.9	35.9	36.9	39.9	38.8	36.5	34.5	29.1	23.1	22.2	22.3	21.1
2018/01/24 14:33:32	50.7	24.8	24.8	35.6	35.6	45.6	45.6	47.6	47.6	45.4	46.2	41.8	39.9	50.8	44.9	46.1	44.0	41.8	40.2	39.2	39.8	37.1	36.2	36.7	33.5	35.0	33.2	29.6	24.3	22.9	22.8	22.0	20.9
2018/01/24 14:33:33	49.3	23.0	23.0	36.1	36.1	46.3	46.3	48.0	48.0	42.5	42.5	42.6	37.7	43.6	39.4	40.1	43.2	42.1	38.4	39.4	38.8	37.3	39.9	36.2	33.5	31.9	30.6	28.3	23.4	21.1	20.9	22.0	20.7
2018/01/24 14:33:34	51.5	28.4	28.4	43.7	43.7	49.5	49.5	49.5	49.5	45.0	42.4	42.6	37.7	42.9	39.0	39.6	39.0	41.1	39.6	41.1	45.9	39.2	43.5	36.0	34.1	33.5	31.7	26.8	22.0	20.5	20.9	22.0	20.6
2018/01/24 14:33:35	52.0	26.1	26.1	46.3	46.3	52.5	52.5	49.9	49.9	43.5	43.2	45.8	40.5	48.0	43.4	41.7	42.6	43.9	42.5	43.4	42.1	42.2	41.0	37.2	35.3	34.6	34.3	31.8	24.5	21.0	21.1	22.0	20.6
2018/01/24 14:33:36	54.4	33.7	33.7	48.6	48.6	61.3	61.3	61.5	61.5	49.5	45.7	47.9	43.1	47.6	44.1	43.3	45.4	45.2	45.0	46.9	46.2	43.8	43.0	39.2	37.6	36.1	34.5	29.6	23.5	21.7	21.4	22.2	20.8
2018/01/24 14:33:37	56.7	30.6	30.6	44.4	44.4	56.9	56.9	58.5	58.5	49.4	45.0	49.1	46.9	51.5	47.1	45.4	45.6	46.3	46.8	49.2	49.0	45.7	45.9	43.7	41.5	38.8	35.0	31.1	24.9	22.4	21.9	21.9	20.8
2018/01/24 14:33:38	58.0	26.0	26.0	42.2	42.2	50.1	50.1	50.6	50.6	47.4	46.0	51.2	43.8	53.5	49.0	43.4	45.2	48.2	50.1	50.5	50.4	47.5	46.1	44.1	41.0	39.9	36.1	32.0	26.0	23.6	22.5	22.3	20.9
2018/01/24 14:33:39	60.2	25.5	25.5	42.6	42.6	50.4	50.4	50.7	50.7	49.6	50.2	52.1	47.0	54.2	52.3	47.6	48.3	51.2	52.3	54.1	50.9	50.3	47.6	44.5	42.4	41.5	38.5	33.4	27.1	23.4	22.4	22.4	20.7
2018/01/24 14:33:40	65.2	29.2	29.2	45.0	45.0	55.1	55.1	55.2	55.2	53.6	54.5	57.3	52.5	58.5	55.2	52.3	53.1	56.2	56.9	59.4	56.8	54.9	51.3	48.4	48.2	48.3	45.4	38.0	29.9	27.0	25.3	24.4	22.3
2018/01/24 14:33:41	70.1	29.1	29.1	46.5	46.5	57.1	57.1	58.8	58.8	55.9	55.0	59.0	56.4	62.4	59.8	56.7	57.0	60.7	58.4	63.6	64.8	57.4	56.5	53.2	51.1	54.0	53.1	49.2	41.8	38.7	36.2	35.2	32.7
2018/01/24 14:33:42	68.1	29.3	29.3	48.1	48.1	59.6	59.6	59.4	59.4	55.6	59.2	62.0	56.1	62.0	60.0	56.4	57.7	59.9	58.2	60.9	60.1	57.7	54.0	50.2	50.7	52.0	52.5	46.8	39.8	37.1	33.3	32.1	27.9
2018/01/24 14:33:43	62.3	27.7	27.7	42.7	42.7	52.7	52.7	53.1	53.1	51.6	56.5	58.7	51.7	57.6	54.6	50.5	51.4	52.0	54.3	55.0	55.2	52.6	47.2	43.4	42.2	42.9	42.0	36.2	27.2	24.0	23.0	23.1	21.2
2018/01/24 14:33:44	57.5	25.2	25.2	40.8	40.8	51.1	51.1	51.3	51.3	46.4	49.7	54.4	49.4	52.6	50.8	48.0	47.4	48.8	46.3	49.0	50.6	48.5	43.4	39.2	36.0	36.0	34.8	30.3	24.9	22.3	22.0	22.8	21.8
2018/01/24 14:33:45	55.7	25.0	25.0	39.8	39.8	49.4	49.4	51.0	51.0	46.8	47.9	50.5	44.8	51.1	49.7	46.2	47.5	46.5	44.7	46.1	48.1	46.6	42.4	37.9	37.0	38.2	38.2	35.4	27.1	23.9	21.9	22.5	20.9
2018/01/24 14:33:46	54.4	26.2	26.2	40.2	40.2	53.3	53.3	54.7	54.7	48.6	48.5	52.0	43.6	52.2	49.6	46.2	47.1	46.8	45.0	45.2	44.3	42.0	40.2	37.0	35.7	38.5	36.4	28.7	22.5	21.2	21.4	22.0	21.2
2018/01/24 14:33:47	53.4	25.7	25.7	38.4	38.4	52.5	52.5	54.3	54.3	47.1	45.6	48.1	43.6	51.1	45.0	42.8	44.8	43.6	43.4	43.6	45.0	41.2	41.1	36.4	37.1	41.1	40.0	25.5	21.1	21.3	21.3	22.2	20.8
2018/01/24 14:33:48	53.4	26.4	26.4	37.3	37.3	50.3	50.3	52.3	52.3	46.5	44.7	49.5	44.2	48.2	45.9	44.1	45.9	44.6	44.9	44.0	43.4	42.0	41.3	39.3	34.7	40.3	36.4	26.2	21.5	20.6	21.2	21.9	20.9
2018/01/24 14:33:49	54.6	23.4	23.4	39.4	39.4	50.5	50.5	51.3	51.3	46.3	43.9	47.4	48.0	51.1	47.4	47.2	46.9	45.3	47.3	45.2	44.6	43.1	41.4	40.5	33.9	39.2	36.7	25.8	21.4	21.4	21.2	22.1	20.9
2018/01/24 14:33:50	51.9	27.7	27.7	41.7	41.7	52.1	52.1	52.2	52.2	46.6	44.6	45.8	40.4	46.5	44.2	41.3	42.5	43.7	43.5	43.8	42.7	40.7	38.1	36.7	36.4	38.3	34.6	27.7	23.2	21.4	21.5	22.0	20.9
2018/01/24 14:33:51	51.2	26.0	26.0	43.0	43.0	50.8	50.8	50.7	50.7	48.3	43.0	45.5	41.2	46.0	42.5	40.9	42.0	43.4	45.3	41.6	42.6	40.3	37.2	33.8	31.7	31.4	29.8	26.5	22.3	21.5	21.3	22.0	21.0
2018/01/24 14:33:52	52.3	24.8	24.8	39.5	39.5	45.6	45.6	45.0	45.0	43.9	43.3	43.0	39.8	46.4	43.0	41.9	43.7	44.4	46.4	42.6	43.2	42.1	38.0	35.2	33.9	36.8	32.8	28.5	24.6	22.7	22.0	22.5	21.2
2018/01/24 14:33:53	51.6	24.8	24.8	43.1	43.1	50.2	50.2	47.8	47.8	45.1	42.6	43.4	40.0	47.0	40.6	41.0	41.0	45.1	45.1	41.1	40.5	41.5	37.4	36.9	34.9	39.1	34.3	25.5	21.5	20.9	21.3	22.0	20.8
2018/01/24 14:33:54	56.7	24.7	24.7	39.6	39.6	47.2	47.2	46.7	46.7	44.1	41.9	43.2	38.4	46.1	43.8	41.3	42.3	45.0	46.2	43.8	43.7	44.7	49.6	44.5	43.7	47.7	41.5	41.0	33.5	27.3	23.6	27.4	30.8
2018/01/24 14:33:55	52.6	24.7	24.7	41.9	41.9	48.9	48.9	48.2	48.2	44.2	41.3	42.9	39.8	48.7	44.5	41.7	43.5	43.8	43.8	42.3	43.1	41.1	38.7	35.5	35.8	42.2	39.6	33.9	28.4	23.3	23.5	24.5	24.1
2018/01/24 14:33:56	53.1	24.9	24.9	37.3	37.3	47.6	47.6	49.3	49.3	44.7	45.1	46.8	43.9	51.1	46.7	43.9	43.6	45.8	44.8	45.0	42.5	42.0	40.2	36.8	34.6	34.7	33.6	30.3	24.0	21.9	21.8	22.1	20.9
2018/01/24 14:33:57	55.2	25.9	25.9	39.1	39.1	51.4	51.4	52.1	52.1	46.0	48.1	51.5	47.2	49.7	47.3	46.6	45.2	46.5	46.7	47.6	45.7	44.1	42.6	41.7	37.5	35.0	34.2	28.4	23.7	21.2	21.6	22.2	20.9
2018/01/24 14:33:58	56.9	29.4	29.4	43.1	43.1	48.4	48.4	50.6	50.6	49.0	44.0	46.9	45.2	53.6	49.7	48.7	46.3	48.8	46.8	49.7	48.3	46.8	44.1	39.7	36.9	35.9	33.7	29.2	23.1	21.7	21.4	22.3	20.9
2018/01/24 14:33:59	59.9	25.8	25.8	42.7	42.7	49.9	49.9	54.0	54.0	54.0	47.8	47.5	44.3	56.7	52.2	50.3	48.2	53.3	50.8	52.4	50.5	49.9	46.9	43.5	41.1	39.2	36.7	31.8	25.4	23.8	21.7	22.3	21.1
2018/01/24 14:34:00	60.6	35.7	35.7	50.5	50.5	63.6	63.6	64.3	64.3	55.0	49.6	49.9	46.9	56.8	52.7	50.2	49.6	52.3	52.8	53.3	51.3	50.2	48.4	45.0	41.1	41.0	37.3	32.1	25.3	23.7	22.1	22.3	21.0
2018/01/24 14:34:01	63.3	30.7	30.7	50.5	50.5	61.1	61.1	61.6	61.6	55.7	50.1	52.5	50.0	58.3	55.4	51.4	51.5	54.6	56.2	57.6	53.1	51.8	50.6	47.1	44.1	43.3	39.8	36.5	28.7	25.3	22.7	22.5	21.2
2018/01/24 14:34:02	66.7	36.7	36.7	53.3	53.3	64.9	64.9	64.9	64.9	60.6	56.9	55.1	53.1	61.2	57.0	53.4	55.2	59.3	60.9	61.0	56.2	55.4	51.6	47.5	45.0	44.7	41.7	34.8	27.6	24.8	22.8	22.6	21.2
2018/01/24 14:34:03	69.1	38.2	38.2	54.5	54.5	65.5	65.5	65.2	65.2	61.1	57.5	58.2	56.0	63.8	58.9	55.3	57.8	60.0	61.5	63.3	59.7	58.7	56.1	52.3	51.3	50.1	46.9	40.7	34.9	30.3	26.9	24.4	22.5
2018/01/24 14:34:04	72.5	43.7	43.7	62.3	62.3	71.6	71.6	70.4	70.4	66.7	63.2	63.9	61.2	65.9	62.7	59.1	62.0	64.6	63.3	66.7	63.1	61.3	60.4	56.2	53.8	54.8	54.5	50.1	44.6	37.4	32.5	30.7	28.5
2018/01/24 14:34:05	71.1	38.1	38.1	64.1	64.1	69.4	69.4	67.3	67.3	70.2	65.7	61.9	58.9	66.3	63.7	58.3	60.4	62.2	61.7	64.4	62.4	60.9	58.3	54.8	53.2	52.5	52.0	46.9	39.4	34.1	29.5	27.8	25.6
2018/01/24 14:34:06	70.6	42.4	42.4	67.3	67.3	72.1	72.1	69.4	69.4	69.3	64.6	65.8	63.8	64.5	59.6	55.9	59.8	63.4	61.3	63.1	61.8	59.6	57.4	52.9	53.2	55.6	55.6	51.3	42.2	35.8	32.7	30.3	27.3
2018/01/24 14:34:07	65.5	34.6	34.6	55.1	55.1	61.2	61.2	64.8	64.8	65.8	62.8	62.7	57.2	60.5	56.9	54.6	56.4	57.3	56.9	58.1	55.4	54.0	51.4	49.7	49.0	49.0	49.2	44.4	36.9	32.4	28.0	25.2	22.7
2018/01/24 14:34:08	61.6	30.9	30.9	50.0	50.0	56.5	56.5	61.5	61.5	62.5	58.2	59.7	52.7	57.9	53.4	50.7	53.3	53.6	53.4	54.1	52.1	50.3	47.0	43.9	42.5	42.5	41.2	35.9	28.1	24.0	22.8	23.0	21.6
2018/01/24 14:34:09	58.5	30.3	30.3	50.8	50.8	56.2	56.2	58.7	58.7	58.8	56.0	57.2	50.1	55.5	52.8	49.5	49.9	50.5	49.7	51.2	48.6	46.1	42.5	41.5	39.2	39.2	38.3	34.2	28.1	24.0	23.3	23.7	22.6
2018/01/24 14:34:10	55.8	31.9	31.9	50.2	50.2	55.2	55.2	55.0	55.0	53.3	51.6	53.2	46.7	52.1	51.0	47.8	47.9	47.9	47.5	47.0	46.2	44.4	40.8	38.0	36.2	36.3	35.3	31.8	24.5	21.9	21.9	23.3	21.4
2018/01/24 14:34:11	54.4	29.0	29.0	45.5	45.5	52.0	52.0	52.0	52.0	48.9	51.1	53.0	45.7	51.4	48.8	43.8	45.7	47.5	46.9	46.7	43.2	41.8	38.4	37.1	34.6	34.8	33.2	30.1	25.1	25.2	21.9	23.4	21.1
2018/01/24 14:34:12	53.8	27.7	27.7	43.1	43.1	49.8	49.8	51.5	51.5	48.7	49.1	51.2	44.4	49.5	47.2	43.4	45.8	44.7	44.7	45.8	44.8	41.2	39.7	40.5	35.9	37.3	35.6	30.5	24.9	22.1	22.0	22.6	21.4
2018/01/24 14:34:13	54.1	25.0	25.0	40.2	40.2	49.1	49.1	50.7	50.7	47.2	44.9	48.2	42.5	47.9	47.4	45.2	46.0	45.0	44.6	46.2	43.6	43.2	38.3	40.6	39.1	41.5	38.7	30.9	25.5	22.8	22.0	22.8	21.6
2018/01/24 14:34:14	53.1	27.0	27.0	45.4	45.4	54.0	54.0	53.1	53.1	46.7	46.7	49.1	44.9	50.1	47.0	43.7	45.4	45.4	45.7	45.1	43.1	40.1	38.2	36.0	34.0	36.2	32.1	29.5	23.3	22.1	21.9	22.7	21.4
2018/01/24 14:34:15	52.8	25.9	25.9	42.1	42.1	48.9	48.9	52.8	52.8	51.1	46.4	49.8	43.2	48.2	45.3	42.8	44.1	45.7	44.4	45.6	42.7	40.4	38.5	35.0	33.4	37.7	33.6	27.5	22.7	21.5	21.5	22.5	21.2
2018/01/24 14:34:16	54.5	26.0	26.0	39.4	39.4	47.4	47.4	50.8	50.8	49.7	45.5	45.9	39.9	46.7	45.4	45.3	46.2	44.1	43.9	44.4	46.0	43.4	44.1	42.4	40.3	41.5	37.8	31.3	24.5	22.0	21.8	22.4	21.2
2018/01/24 14:34:17	55.3	23.7	23.7	41.0	41.0	48.6	48.6	49.3	49.3	47.8	46.1	48.2	42.2	49.0	47.9	47.3	47.1	45.9	43.7	45.9	47.9	42.0	43.9	41.3	41.1	40.3	37.1	31.5	28.1	25.3	22.1	23.0	22.0
2018/01/24 14:34:18	56.1	25.3	25.3	41.3	41.3	48.2	48.2	47.5	47.5	43.8	43.1	45.5	43.3	51.9	48.7	41.7	50.4	49.6	46.6	46.9	44.5	44.6	40.9	43.0	43.2	40.7	38.2	33.6	27.8	22.9	22.8	22.7	21.3
2018/01/24 14:34:19	55.1	26.0	26.0	44.0	44.0	49.1	49.1	47.1	47.1	43.6	43.6	47.7	44.3	51.3	46.4	45.5	46.7	45.8	47.9	45.2	43.8	42.8	42.0	40.4	38.8	43.4	41.6	36.5	28.3	24.6	22.4	22.5	21.4
2018/01/24 14:34:20	57.5	28.9	28.9	42.9	42.9	48.4	48.4	47.3	47.3	44.3	46.9	49.6	46.6	48.9	46.8	46.2	46.8	48.0	50.1	49.3	48.5	47.9	47.5	41.6	38.3	40.0	35.3	31.0	25.3	21.5	21.5	22.1	21.0
2018/01/24 14:34:21	57.2	24.8	24.8	41.1	41.1	48.1	48.1	47.6	47.6	43.1	44.0	49.7	46.7	48.4	47.3	47.2	46.2	48.3	47.8	47.8	47.1	45.6	43.0	40.5	44.1	46.4	44.9	44.3	30.6	23.6	23.0	22.8	21.4
2018/01/24 14:34:22	54.9	24.5	24.5	38.4	38.4	46.9	46.9	46.7	46.7	42.5	43.2	47.3	40.9	45.2	47.9	43.0	46.5	47.3	43.8	46.1	47.4	40.7	39.8	40.6	41.9	42.3	40.9	34.1	26.2	22.1	21.8	22.7	21.3
2018/01/24 14:34:23	52.9	25.1	25.1	40.8	40.8	47.3	47.3	48.2	48.2	45.3	46.5	50.7	46.5	47.1	48.5	47.3	47.2	46.0	41.9	42.5	41.5	40.3	39.3	34.4	35.5	36.5	35.4	30.3	23.6	21.4	21.5	22.6	21.1
2018/01/24 14:34:24	56.0	29.3	29.3	41.8	41.8	47.5	47.5	46.6	46.6	44.0	43.8	51.0	47.6	53.3	49.8	47.6	48.1	47.4	45.4	42.8	41.2	40.5	41.8	39.4	37.9	50.0	36.1	31.4	24.5	22.4	22.0	22.3	20.9
2018/01/24 14:34:25	54.4	29.5	29.5	46.9	46.9	52.4	52.4	50.0	50.0	45.8	47.0	51.4	46.3	49.0	48.1	45.9	46.6	45.6	42.9	41.8	48.1	40.8	39.8	39.6	39.8	40.5	37.7	31.9	24.7	21.8	21.5	22.2	20.8
2018/01/24 14:34:26	56.3	28.3	28.3	44.4	44.4	52.1	52.1	52.1	52.1	45.4	41.6	46.2	44.8	48.0	47.0	48.4	47.0	48.0	45.8	46.9	48.7	44.0	44.3	42.1	39.6	40.7	37.0	39.3	41.3	40.7	30.5	25.0	24.9
2018/01/24 14:34:27	61.0	28.9	28.9	43.1	43.1	55.0	55.0	57.5	57.5	52.3	46.1	49.0	47.3	52.2	52.0	50.8	53.0	51.6	52.6	51.7	51.6	50.9	49.6	48.1	45.3	46.1	42.8	34.4	25.6	22.2	21.4	21.8	20.6
2018/01/24 14:34:28	66.4	30.5	30.5	41.3	41.3	50.3	50.3	54.0	54.0	56.5	58.2	56.5	54.1	60.1	59.7	60.5	58.6	56.1	58.2	56.3	57.2	54.7	55.1	52.0	51.7	50.6	46.3	39.8	30.5	25.2	21.9	21.9	20.6
2018/01/24 14:34:29	65.9	29.4	29.4	45.7	45.7	52.3	52.3	57.5	57.5	62.2	61.1	57.9	52.8	60.5	61.2	60.7	59.5	56.2	56.3	55.1	56.3	54.3	53.6	51.1	50.3	49.4	46.0	39.0	30.0	24.4	22.1	22.0	20.7
2018/01/24 14:34:30	62.8	26.4	26.4	42.4	42.4	54.4	54.4	61.0	61.0	58.9	51.7	55.7	48.6	57.6	54.4	52.7	56.7	54.3	54.6	53.1	53.4	51.0	51.3	48.1	46.8	46.2	43.4	36.1	28.4	23.6	21.9	22.5	20.6
2018/01/24 14:34:31	70.7	28.5	28.5	47.2	47.2	58.0	58.0	62.6	62.6	63.0	57.5	61.0	57.6	64.2	62.4	61.2	62.4	61.6	63.6	62.3	61.4	59.7	57.3	56.2	55.2	55.9	52.7	46.0	37.4	31.1	25.5	25.0	22.9
2018/01/24 14:34:32	77.0	32.2	32.2	50.8	50.8	61.0	61.0	64.7	64.7	68.8	67.6	66.4	67.3	71.7	72.8	68.1	67.7	68.2	66.8	66.8	67.7	66.1	64.5	62.1	62.9	63.4	61.0	56.6	50.4	44.5	37.9	38.0	40.2
2018/01/24 14:34:33	78.9	33.6	33.6	52.3	52.3	59.8	59.8	65.9	65.9	69.9	68.1	69.5	67.3	70.8	71.6	67.8	70.1	70.7	68.5	70.1	70.8	65.9	64.3	61.5	64.3	66.9	67.4	61.2	54.9	47.0	41.9	44.3	41.9
2018/01/24 14:34:34	69.5	27.7	27.7	44.8	44.8	56.1	56.1	60.0	60.0	54.3	57.0	61.6	57.1	62.0	60.9	59.9	60.1	60.5	61.4	62.1	61.0	58.4	54.7	51.8	56.0	54.0	51.9	44.0	35.2	28.8	24.7	24.0	22.1
2018/01/24 14:34:35	67.9	33.7	33.7	52.6	52.6	63.1	63.1	67.2	67.2	66.0	64.2	65.2	58.2	61.0	59.0	56.3	56.1	58.2	59.5	60.4	58.4	57.9	54.9	50.7	54.6	54.8	44.8	38.3	30.3	25.0	22.2	22.5	20.8
2018/01/24 14:34:36	69.8	35.9	35.9	52.5	52.5	63.1	63.1	66.4	66.4	64.1	60.4	61.4	57.4	63.2	59.7	56.8	57.7	60.7	61.4	62.7	60.4	59.6	57.1	53.9	53.2	58.2	50.3	43.5	32.8	26.7	24.2	24.0	21.6
2018/01/24 14:34:37	73.2	32.7	32.7	48.9	48.9	63.0	63.0	68.8	68.8	64.1	57.9	61.0	57.3	64.7	59.7	57.0	60.3	63.0	61.8	65.1	65.8	62.1	63.0	59.8	57.2	61.5	58.6	54.8	45.1	38.3	34.8	32.8	28.9
2018/01/24 14:34:38	75.1	34.9	34.9	52.1	52.1	64.0	64.0	69.3	69.3	64.6	57.0	61.0	58.2	64.8	62.6	60.7	62.9	64.6	63.8	69.5	66.5	64.8	62.7	60.1	58.3	62.0	59.9	54.8	43.5	38.0	34.0	32.7	29.1
2018/01/24 14:34:39	69.0	27.4	27.4	43.5	43.5	54.1	54.1	58.1	58.1	56.0	55.1	56.5	54.5	61.0	58.4	56.6	58.4	59.8	61.6	61.7	61.8	59.5	53.6	50.9	50.3	51.8	50.0	42.6	30.3	25.5	23.4	23.4	21.5
2018/01/24 14:34:40	65.6	28.9	28.9	40.3	40.3	49.9	49.9	53.4	53.4	49.7	48.4	53.7	51.2	56.9	56.0	52.6	53.7	55.4	55.7	59.7	58.1	56.7	53.0	47.5	45.1	48.8	41.3	35.4	25.7	22.0	21.1	21.9	20.8
2018/01/24 14:34:41	62.5	29.9	29.9	40.7	40.7	51.1	51.1	53.1	53.1	47.9	48.2	50.6	46.3	54.8	54.6	50.8	52.1	52.0	52.7	56.0	55.5	53.7	49.3	45.3	41.6	42.6	38.3	31.6	23.2	21.1	21.1	22.1	20.7
2018/01/24 14:34:42	60.7	31.2	31.2	43.3	43.3	50.0	50.0	52.5	52.5	49.5	49.1	51.0	46.8	54.4	53.7	50.3	52.7	51.6	51.6	55.0	52.5	50.2	45.2	40.8	37.7	36.0	34.3	28.6	21.2	20.3	20.8	21.7	20.4
2018/01/24 14:34:43	57.2	31.1	31.1	50.3	50.3	55.9	55.9	52.8	52.8	48.9	44.8	48.1	43.3	51.7	48.6	47.2	49.7	49.5	48.3	50.2	49.3	46.4	42.6	37.8	36.6	38.1	36.6	28.0	21.6	20.6	21.0	21.7	20.5
2018/01/24 14:34:44	56.3	26.5	26.5	53.3	53.3	59.2	59.2	53.9	53.9	47.7	45.5	47.3	41.6	50.0	48.2	46.6	49.1	47.1	47.7	49.1	47.9	46.2	43.3	39.6	37.0	36.4	34.3	30.0	23.1	20.9	21.1	22.2	21.2
2018/01/24 14:34:45	54.6	31.3	31.3	52.9	52.9	61.1	61.1	58.0	58.0	49.2	46.7	46.6	42.7	49.1	47.5	47.5	47.9	45.9	46.2	46.5	45.5	42.8	41.3	38.0	35.4	35.9	33.2	30.8	23.6	20.7	21.0	21.8	20.7
2018/01/24 14:34:46	54.8	34.8	34.8	53.1	53.1	63.6	63.6	62.0	62.0	51.8	50.0	48.3	43.5	48.6	48.4	45.8	46.3	45.9	46.5	46.3	45.9	42.1	42.4	40.1	37.3	37.3	35.2	32.6	24.7	21.0	21.0	21.9	20.6
2018/01/24 14:34:47	59.1	29.3	29.3	43.9	43.9	60.8	60.8	66.3	66.3	61.7	53.1	53.1	45.6	53.5	49.4	47.9	49.9	50.9	50.6	51.4	49.1	48.0	48.2	44.9	40.8	39.7	37.3	34.3	26.4	21.8	21.4	22.0	20.7
2018/01/24 14:34:48	64.4	31.9	31.9	45.7	45.7	58.0	58.0	68.1	68.1	67.4	56.8	57.1	50.8	56.6	57.7	54.1	55.4	57.1	56.4	55.9	54.8	52.8	53.3	49.5	45.7	45.5	42.1	36.8	29.6	23.7	22.1	22.1	20.7
2018/01/24 14:34:49	67.2	33.4	33.4	48.7	48.7	58.7	58.7	70.8	70.8	72.9	63.1	59.5	56.1	61.8	58.8	58.9	57.8	61.4	57.5	57.1	56.5	55.9	55.8	52.6	50.0	49.6	46.3	40.7	32.1	25.8	22.8	22.5	21.2
2018/01/24 14:34:50	64.9	37.9	37.9	50.8	50.8	65.8	65.8	69.5	69.5	67.0	58.0	57.0	51.7	60.6	57.5	55.6	57.4	56.6	54.7	55.0	55.5	52.9	54.4	51.2	49.6	48.7	46.1	40.7	34.3	28.7	25.5	24.3	23.1
2018/01/24 14:34:51	64.9	30.6	30.6	49.4	49.4	61.6	61.6	63.1	63.1	59.0	55.9	56.4	51.3	60.0	59.1	56.3	56.7	56.5	54.5	54.3	54.7	52.7	55.1	54.0	50.9	46.7	44.1	40.7	34.2	28.6	25.4	23.7	22.0
2018/01/24 14:34:52	66.9	33.0	33.0	48.9	48.9	60.6	60.6	63.9	63.9	62.1	58.6	58.6	54.6	66.6	66.1	57.9	58.9	60.6	56.5	54.9	54.5	53.8	53.6	50.9	49.3	48.1	45.9	42.7	36.8	31.9	30.8	25.7	23.5
2018/01/24 14:34:53	69.7	36.0	36.0	54.3	54.3	63.9	63.9	65.5	65.5	64.8	61.5	62.5	60.8	70.0	68.0	62.3	59.8	61.8	60.5	58.0	57.7	55.8	56.8	53.7	53.5	51.8	50.9	47.6	41.8	37.0	33.5	32.0	30.5
2018/01/24 14:34:54	72.3	34.2	34.2	53.1	53.1	62.0	62.0	63.1	63.1	61.7	62.1	62.6	56.6	72.6	70.5	60.9	63.5	63.7	61.5	60.5	61.4	59.7	59.1	56.9	57.8	56.6	55.1	53.4	47.2	42.1	38.8	37.4	36.5
2018/01/24 14:34:55	79.5	45.9	45.9	59.3	59.3	74.0	74.0	75.0	75.0	68.6	67.0	67.0	64.0	73.0	69.7	65.5	70.1	71.0	67.0	69.5	70.1	67.9	69.6	66.4	65.7	67.2	66.6	63.6	56.7	51.5	48.6	48.6	47.6
2018/01/24 14:34:56	82.6	49.6	49.6	62.0	62.0	78.3	78.3	79.7	79.7	71.8	70.0	73.2	66.3	73.4	71.6	68.0	71.6	71.7	68.9	71.8	73.6	72.1	72.0	68.4	69.3	72.6	71.8	65.4	58.4	54.3	50.6	48.1	45.8
2018/01/24 14:34:57	76.6	38.6	38.6	52.2	52.2	64.5	64.5	67.4	67.4	65.5	63.1	66.1	61.4	70.1	70.0	65.9	69.8	69.4	65.9	67.4	67.5	65.6	63.9	61.6	63.0	61.2	60.0	55.0	49.2	46.0	42.0	37.4	33.5
2018/01/24 14:34:58	76.1	36.2	36.2	49.4	49.4	72.2	72.2	78.7	78.7	74.2	64.5	67.8	62.2	68.2	66.6	64.0	65.8	66.2	64.9	67.8	69.1	66.2	64.6	60.6	59.7	60.0	59.5	54.9	47.3	42.1	38.5	36.4	33.2
2018/01/24 14:34:59	70.8	33.9	33.9	50.1	50.1	68.2	68.2	72.6	72.6	66.7	62.4	63.4	59.9	66.1	67.0	60.5	61.6	63.8	60.9	60.3	61.0	60.6	57.8	55.7	55.9	53.4	53.3	48.3	40.4	35.8	31.2	29.2	26.1
2018/01/24 14:35:00	68.1	30.4	30.4	47.8	47.8	61.4	61.4	63.8	63.8	58.6	58.2	58.9	56.9	62.6	65.0	59.0	60.6	61.6	58.5	59.4	58.5	56.8	54.4	50.9	51.2	49.2	47.9	41.0	32.9	28.8	24.4	23.2	21.4
2018/01/24 14:35:01	69.1	34.8	34.8	51.6	51.6	62.6	62.6	65.1	65.1	63.2	61.7	62.0	56.7	63.7	62.7	58.0	59.7	60.5	62.2	61.7	59.7	57.6	56.6	52.2	51.0	49.2	46.2	38.5	31.1	26.1	22.6	22.1	20.6
2018/01/24 14:35:02	68.7	31.2	31.2	46.8	46.8	59.2	59.2	63.9	63.9	60.7	59.0	60.4	55.6	62.3	64.3	57.2	57.4	59.7	59.5	61.6	59.6	57.7	56.7	53.5	52.7	51.3	47.8	40.7	33.1	28.0	25.4	25.7	23.3
2018/01/24 14:35:03	71.9	34.5	34.5	48.4	48.4	60.3	60.3	60.8	60.8	57.4	59.2	62.0	57.9	64.9	67.2	58.5	60.8	62.9	61.1	66.0	63.1	60.9	59.1	54.6	54.2	55.4	54.7	49.9	41.9	36.3	32.9	31.6	28.7
2018/01/24 14:35:04	67.5	29.9	29.9	46.8	46.8	56.6	56.6	58.2	58.2	56.0	57.7	59.9	55.3	60.9	62.3	56.7	56.6	58.4	59.0	60.6	60.3	55.4	53.4	50.1	50.3	48.8	47.2	41.1	32.6	27.1	24.8	24.1	22.0
2018/01/24 14:35:05	65.1	26.1	26.1	41.4	41.4	53.0	53.0	55.7	55.7	52.4	54.5	56.5	51.6	58.0	61.4	54.1	54.5	57.5	54.7	58.1	56.2	54.9	52.7	48.4	47.1	43.2	39.1	32.6	25.5	22.6	22.1	22.9	21.8
2018/01/24 14:35:06	63.1	27.8	27.8	44.3	44.3	53.6	53.6	54.7	54.7	47.9	49.4	52.2	50.5	54.9	59.6	50.5	51.3	54.7	52.7	56.7	53.9	53.5	50.6	46.7	44.0	40.8	35.8	29.6	22.6	21.0	21.2	21.9	20.6
2018/01/24 14:35:07	60.4	26.7	26.7	44.5	44.5	51.5	51.5	52.1	52.1	50.6	51.4	54.8	48.3	54.6	57.8	51.1	50.3	52.2	51.9	52.9	51.5	48.5	46.2	43.2	41.4	38.5	34.6	29.5	22.7	20.7	21.2	21.8	20.6
2018/01/24 14:35:08	58.3	24.0	24.0	42.2	42.2	48.9	48.9	49.6	49.6	49.6	49.8	51.7	46.4	53.0	54.7	49.5	48.4	50.8	49.7	50.6	49.3	46.3	43.9	42.3	39.2	38.3	35.0	28.9	22.8	20.9	21.2	22.1	21.0
2018/01/24 14:35:09	56.8	23.9	23.9	42.9	42.9	51.0	51.0	50.2	50.2	47.4	47.4	49.8	45.0	49.9	55.2	47.6	49.6	50.9	47.5	46.8	45.6	44.4	42.5	41.1	39.1	37.7	36.4	33.2	27.3	23.0	24.2	24.3	22.0
2018/01/24 14:35:10	54.3	24.3	24.3	47.6	47.6	54.4	54.4	50.0	50.0	47.9	47.3	48.1	43.7	49.3	50.1	46.9	46.9	48.4	45.0	45.2	43.3	43.0	40.0	37.5	35.8	36.5	34.1	29.7	25.1	23.0	22.3	23.2	22.0
2018/01/24 14:35:11	53.4	25.3	25.3	45.4	45.4	52.6	52.6	50.9	50.9	47.6	46.3	50.3	41.9	49.2	47.3	45.6	48.0	45.0	44.1	44.4	43.4	41.5	40.2	38.2	35.6	35.0	33.5	30.1	24.0	22.0	21.8	22.4	21.0
2018/01/24 14:35:12	57.3	24.1	24.1	37.8	37.8	45.6	45.6	44.7	44.7	44.8	50.1	53.3	43.2	53.6	53.2	55.6	52.6	45.9	43.6	45.3	44.8	44.4	42.1	40.4	39.6	40.5	43.5	40.5	31.5	23.9	22.3	22.4	21.4
2018/01/24 14:35:13	56.1	27.2	27.2	38.7	38.7	49.5	49.5	49.8	49.8	46.2	47.6	52.2	42.9	49.8	50.5	45.2	49.3	45.2	45.8	47.6	46.6	45.0	43.8	43.5	40.7	39.3	40.4	37.3	29.9	24.8	23.1	23.7	22.6
2018/01/24 14:35:14	51.4	25.2	25.2	39.5	39.5	50.4	50.4	50.8	50.8	45.4	44.1	46.3	38.6	46.1	44.1	41.7	41.3	42.6	41.3	43.0	42.5	41.8	38.8	36.0	33.7	35.7	36.1	31.7	26.6	24.0	23.9	25.3	22.7
2018/01/24 14:35:15	59.5	26.5	26.5	41.6	41.6	53.5	53.5	53.7	53.7	47.4	45.2	47.9	42.9	47.5	45.8	44.8	44.4	47.2	43.9	43.3	45.7	44.3	49.4	53.4	51.2	45.8	46.9	40.5	35.5	29.0	25.7	27.2	27.6
2018/01/24 14:35:16	55.1	26.3	26.3	41.0	41.0	49.1	49.1	50.3	50.3	46.0	44.9	50.6	42.0	48.8	44.8	47.1	43.4	47.2	45.5	43.1	44.4	42.9	46.9	42.1	40.4	42.5	38.2	34.8	29.6	25.9	23.6	25.2	23.5
2018/01/24 14:35:17	52.0	25.9	25.9	42.3	42.3	48.3	48.3	47.2	47.2	46.5	46.8	51.5	40.7	50.8	48.6	46.0	43.5	44.4	41.7	41.3	40.9	39.4	38.2	35.4	34.2	34.4	34.1	30.5	24.5	22.0	21.8	22.2	21.2
2018/01/24 14:35:18	53.1	25.1	25.1	40.9	40.9	49.1	49.1	50.7	50.7	49.5	45.9	48.1	44.7	49.1	47.0	43.7	43.6	45.9	42.9	44.4	43.5	41.5	40.1	36.2	36.7	37.3	37.1	35.3	27.7	23.0	22.5	22.6	21.3
2018/01/24 14:35:19	54.2	28.3	28.3	42.7	42.7	50.1	50.1	50.8	50.8	48.3	46.7	52.4	46.2	51.0	52.1	47.3	45.3	44.2	43.6	44.4	45.2	41.8	40.6	39.3	34.8	35.9	32.7	29.8	23.6	21.2	21.3	22.1	20.9
2018/01/24 14:35:20	53.6	25.5	25.5	42.3	42.3	49.4	49.4	53.0	53.0	52.5	47.7	48.8	43.6	50.7	48.1	46.3	46.7	47.5	44.7	44.2	43.8	40.0	39.1	36.8	34.0	34.1	30.3	26.7	22.4	20.8	21.1	22.1	20.8
2018/01/24 14:35:21	54.3	25.8	25.8	43.6	43.6	50.1	50.1	55.2	55.2	55.8	49.4	51.5	41.9	50.4	51.4	47.1	47.8	47.5	45.8	44.3	43.1	41.0	39.5	36.4	33.3	34.1	31.8	28.2	22.9	20.9	21.0	22.0	20.9
2018/01/24 14:35:22	53.6	26.2	26.2	39.3	39.3	45.1	45.1	46.2	46.2	41.8	40.3	44.3	41.5	48.6	46.4	46.6	45.7	46.5	44.1	43.2	46.7	41.7	39.7	36.8	36.6	36.1	34.3	27.5	22.8	20.7	21.0	21.9	20.5
2018/01/24 14:35:23	51.3	29.2	29.2	40.1	40.1	46.9	46.9	47.0	47.0	43.8	43.8	45.2	40.5	47.4	46.3	44.4	44.4	45.1	42.9	41.6	41.3	39.5	37.1	34.0	32.2	31.7	28.7	24.3	21.0	21.7	21.2	21.9	20.6
2018/01/24 14:35:24	51.9	30.3	30.3	40.1	40.1	46.8	46.8	47.9	47.9	46.1	45.8	46.3	40.2	47.5	45.0	43.0	43.8	43.9	43.4	43.1	43.0	41.8	38.6	34.2	34.6	34.2	32.1	26.9	21.9	20.8	21.2	21.9	20.4
2018/01/24 14:35:25	55.9	25.4	25.4	41.9	41.9	50.4	50.4	55.5	55.5	52.4	46.5	48.1	44.0	49.7	48.9	50.3	47.2	49.2	45.3	47.1	46.9	44.1	44.8	38.7	37.5	37.1	35.3	31.0	25.0	22.0	21.2	21.8	20.8
2018/01/24 14:35:26	58.7	29.9	29.9	46.1	46.1	56.3	56.3	56.4	56.4	53.9	50.2	53.4	44.9	53.3	53.5	49.7	49.8	52.6	49.7	48.8	49.4	47.7	46.8	42.0	40.7	39.3	37.0	34.9	27.5	23.7	21.8	21.9	20.9
2018/01/24 14:35:27	60.1	29.4	29.4	43.2	43.2	52.8	52.8	51.4	51.4	51.4	54.0	53.0	47.1	57.1	53.4	50.8	48.3	51.4	51.4	50.9	50.9	50.1	49.1	45.7	43.4	42.0	38.6	33.4	28.1	24.9	22.5	22.4	20.8
2018/01/24 14:35:28	61.6	28.3	28.3	46.7	46.7	54.4	54.4	55.2	55.2	54.7	54.1	51.2	46.8	56.5	54.8	51.9	49.7	51.9	53.6	54.9	53.0	51.3	49.4	45.6	42.8	41.0	37.8	31.9	26.7	23.8	22.1	22.6	21.1
2018/01/24 14:35:29	65.4	30.4	30.4	49.7	49.7	56.2	56.2	57.2	57.2	57.8	55.9	58.8	54.6	62.2	58.3	53.3	53.9	57.5	58.8	58.9	54.6	54.3	51.9	48.4	46.9	46.1	43.2	37.1	30.3	26.5	23.4	23.3	21.1
2018/01/24 14:35:30	68.7	34.4	34.4	54.6	54.6	59.8	59.8	61.1	61.1	62.9	58.6	61.0	55.2	66.7	61.5	56.0	55.0	59.3	59.9	62.0	59.7	58.4	55.5	53.1	52.1	50.6	48.9	43.7	38.6	35.1	29.8	27.4	23.5
2018/01/24 14:35:31	72.1	31.8	31.8	51.8	51.8	58.1	58.1	60.0	60.0	61.7	61.1	64.6	62.4	68.5	63.2	58.1	60.0	63.4	60.9	65.1	64.7	61.7	58.7	53.6	53.8	55.7	55.9	51.3	44.3	39.6	35.1	33.6	31.4
2018/01/24 14:35:32	68.0	28.4	28.4	49.0	49.0	55.8	55.8	56.1	56.1	57.3	56.9	61.2	57.8	63.9	62.8	55.2	58.9	58.2	58.8	62.4	60.3	56.3	51.2	47.8	46.1	45.9	44.4	39.4	31.5	28.7	24.5	23.9	22.0
2018/01/24 14:35:33	62.7	27.1	27.1	45.0	45.0	51.7	51.7	52.1	52.1	51.9	52.0	57.0	53.4	59.3	57.0	50.1	50.7	52.9	52.8	55.7	54.3	54.4	50.1	44.5	41.2	39.0	36.6	31.6	25.2	22.3	21.6	22.1	20.9
2018/01/24 14:35:34	59.1	27.1	27.1	42.6	42.6	49.6	49.6	50.0	50.0	47.4	48.4	53.0	48.8	54.9	54.9	48.8	49.2	50.4	48.6	50.0	50.4	50.6	47.3	43.4	39.9	37.4	34.6	29.4	23.6	21.5	21.4	22.1	20.8
2018/01/24 14:35:35	57.9	27.0	27.0	42.6	42.6	50.0	50.0	53.8	53.8	54.1	53.3	54.6	49.2	56.0	53.5	48.2	50.5	48.6	49.1	48.9	49.2	46.1	44.4	41.6	38.7	35.8	33.8	27.7	22.6	20.9	21.0	21.8	20.7
2018/01/24 14:35:36	56.6	26.5	26.5	40.5	40.5	50.8	50.8	52.7	52.7	50.4	50.0	52.6	46.8	54.0	51.2	44.9	48.0	48.7	47.9	47.6	47.3	45.8	44.7	39.4	37.0	38.2	34.7	29.5	25.0	22.3	21.9	22.5	21.6
2018/01/24 14:35:37	56.6	25.6	25.6	40.7	40.7	49.7	49.7	51.2	51.2	50.1	49.8	50.7	45.0	52.7	50.6	45.4	45.7	47.7	46.6	47.8	48.1	46.1	46.4	42.4	37.2	38.4	35.7	31.0	24.5	21.9	21.3	22.4	21.2
2018/01/24 14:35:38	57.1	26.0	26.0	39.5	39.5	49.1	49.1	52.3	52.3	50.7	49.0	51.1	45.2	51.2	52.8	45.8	46.5	48.0	47.0	48.0	49.3	46.6	46.6	42.5	37.8	39.2	36.7	32.3	24.8	21.8	21.7	22.2	21.0
2018/01/24 14:35:39	59.4	28.9	28.9	39.9	39.9	49.8	49.8	53.5	53.5	52.6	50.4	51.8	45.6	52.1	53.2	46.9	46.6	50.9	50.9	51.9	50.9	48.9	49.1	45.2	40.0	38.4	35.6	31.3	24.8	22.0	21.4	22.1	20.7
2018/01/24 14:35:40	61.3	29.0	29.0	43.9	43.9	56.3	56.3	57.5	57.5	56.6	56.0	53.3	46.4	56.8	53.1	48.7	48.6	50.3	52.5	54.7	53.2	51.5	49.5	47.0	41.5	40.7	39.8	33.7	25.6	22.6	21.9	22.7	21.0
2018/01/24 14:35:41	62.9	31.6	31.6	45.6	45.6	56.7	56.7	58.7	58.7	57.8	53.1	54.1	50.5	56.4	54.6	48.9	48.6	51.1	52.2	53.9	54.8	55.5	51.8	48.9	46.8	45.7	44.6	36.7	27.8	23.4	23.1	24.0	22.0
2018/01/24 14:35:42	62.5	31.2	31.2	53.1	53.1	59.7	59.7	57.9	57.9	57.6	54.9	55.1	51.0	57.1	55.6	47.7	49.1	51.2	49.7	53.2	55.5	52.4	52.9	50.2	46.1	45.8	43.8	38.5	31.8	27.6	25.7	44.1	22.9
2018/01/24 14:35:43	62.8	35.3	35.3	51.5	51.5	57.9	57.9	62.8	62.8	61.0	55.1	58.6	52.9	55.4	51.9	48.1	49.3	51.6	49.7	55.5	56.0	52.9	51.0	46.5	44.5	47.7	49.1	45.1	36.4	31.5	29.9	38.5	25.4
2018/01/24 14:35:44	61.4	35.1	35.1	50.0	50.0	56.6	56.6	61.9	61.9	59.5	55.1	57.9	51.4	56.8	55.5	47.9	50.1	50.9	48.6	51.5	53.7	52.3	50.7	46.5	44.0	45.5	45.3	41.6	34.5	29.3	28.1	31.4	24.1
2018/01/24 14:35:45	59.9	32.3	32.3	49.7	49.7	54.6	54.6	59.2	59.2	58.0	55.5	57.4	52.4	54.4	53.8	49.4	51.5	53.2	49.4	49.7	51.8	48.0	45.9	45.3	44.5	43.0	41.9	36.1	28.8	25.1	23.4	25.2	21.6
2018/01/24 14:35:46	59.9	25.6	25.6	47.3	47.3	53.5	53.5	53.4	53.4	53.2	54.5	57.0	48.4	55.1	53.1	49.0	51.7	50.9	50.8	50.8	53.2	48.9	46.8	41.6	39.6	41.6	37.3	30.9	23.9	21.8	21.5	22.5	20.7
2018/01/24 14:35:47	57.4	25.7	25.7	40.4	40.4	48.3	48.3	49.8	49.8	51.3	50.2	54.0	48.4	54.2	49.9	47.3	47.1	49.3	48.4	49.1	48.7	47.5	45.7	40.8	36.2	34.2	33.4	28.4	22.8	21.3	21.1	22.1	20.8
2018/01/24 14:35:48	55.0	26.1	26.1	41.4	41.4	50.9	50.9	49.5	49.5	43.5	45.7	48.9	44.4	52.0	49.2	44.9	46.1	45.3	44.0	45.3	45.9	44.8	44.0	42.4	37.9	38.2	38.8	30.7	28.5	21.6	22.0	22.3	21.4
2018/01/24 14:35:49	56.4	23.5	23.5	38.4	38.4	47.6	47.6	47.6	47.6	45.9	47.5	49.0	43.7	50.3	49.3	44.0	46.1	44.7	43.9	44.4	46.2	44.2	51.5	38.4	37.0	36.8	35.7	35.3	25.5	21.4	21.4	22.0	21.0
2018/01/24 14:35:50	55.3	23.2	23.2	37.0	37.0	47.1	47.1	47.8	47.8	45.4	46.4	50.0	45.2	52.2	50.0	43.9	47.1	46.9	43.7	42.6	43.3	42.7	49.4	37.4	35.1	33.8	34.4	30.0	24.2	21.2	21.2	22.1	20.9
2018/01/24 14:35:51	56.6	23.0	23.0	38.8	38.8	47.3	47.3	47.6	47.6	45.0	46.2	47.6	40.4	48.2	47.2	43.7	45.8	44.7	41.6	43.8	53.0	44.7	42.4	40.2	44.0	38.9	37.8	30.6	24.6	21.3	21.7	22.3	21.3
2018/01/24 14:35:52	56.3	23.2	23.2	37.1	37.1	43.8	43.8	41.4	41.4	42.5	46.0	47.6	38.9	46.3	44.9	41.8	43.0	44.4	41.5	51.5	46.8	45.8	44.3	40.5	44.3	41.1	41.1	36.8	29.4	24.4	22.8	23.3	22.1
2018/01/24 14:35:53	51.2	24.5	24.5	35.7	35.7	44.8	44.8	47.1	47.1	43.8	44.3	45.7	39.2	46.2	45.5	42.1	44.4	43.1	42.3	42.8	40.7	40.4	38.5	36.2	34.7	33.8	31.6	27.1	22.8	20.8	21.0	22.0	20.9
2018/01/24 14:35:54	50.9	24.0	24.0	37.8	37.8	46.7	46.7	50.6	50.6	50.5	45.5	46.8	40.4	47.5	48.2	42.9	43.5	44.0	40.9	41.5	39.8	39.0	36.4	35.1	32.6	33.7	30.9	26.7	21.6	21.0	21.2	21.9	20.9
2018/01/24 14:35:55	50.1	23.2	23.2	36.0	36.0	44.8	44.8	47.5	47.5	47.2	42.8	45.8	41.8	46.6	43.6	41.1	42.5	43.4	41.3	41.1	40.0	39.2	36.6	33.4	31.3	31.4	28.7	24.8	21.7	21.1	21.4	22.5	20.9
2018/01/24 14:35:56	55.1	24.7	24.7	35.6	35.6	45.9	45.9	46.0	46.0	42.2	42.6	43.4	38.9	45.4	43.2	40.8	43.1	45.9	42.3	43.4	51.4	46.3	41.2	35.5	33.3	35.7	29.6	25.8	22.1	20.8	21.2	22.2	20.9
2018/01/24 14:35:57	54.4	24.7	24.7	36.8	36.8	45.1	45.1	45.8	45.8	41.2	40.2	43.9	40.4	46.7	43.4	39.8	43.0	44.1	43.5	47.3	49.8	42.5	39.8	36.3	33.2	35.1	32.3	26.5	22.4	21.1	21.3	22.2	20.8
2018/01/24 14:35:58	54.0	23.9	23.9	36.1	36.1	46.0	46.0	45.7	45.7	41.9	42.3	44.1	37.6	44.3	44.3	41.4	41.9	43.4	46.5	47.7	46.8	43.0	41.8	38.8	35.6	34.0	31.4	26.3	22.5	21.6	21.7	22.3	21.2
2018/01/24 14:35:59	51.5	24.7	24.7	39.5	39.5	47.8	47.8	46.7	46.7	40.7	41.3	44.9	36.3	43.2	43.0	39.3	42.3	43.4	41.6	42.0	41.9	42.3	41.3	38.3	33.9	35.3	33.3	28.4	24.0	23.0	21.9	22.9	21.6
2018/01/24 14:36:00	50.4	23.8	23.8	42.8	42.8	49.0	49.0	46.6	46.6	41.0	41.1	44.7	39.2	43.7	44.5	41.3	43.2	44.3	40.3	39.9	38.5	38.7	39.0	36.8	34.8	35.6	34.1	26.5	20.8	20.3	21.1	21.8	20.6
2018/01/24 14:36:01	51.1	23.1	23.1	38.0	38.0	44.2	44.2	43.4	43.4	40.5	40.1	43.1	38.7	45.2	46.4	41.4	41.8	42.4	41.3	41.3	44.9	37.6	35.5	37.7	34.2	35.2	30.5	24.1	20.2	20.2	21.1	21.9	20.6
2018/01/24 14:36:02	54.3	23.3	23.3	36.7	36.7	43.4	43.4	42.9	42.9	43.8	40.3	43.7	42.6	48.3	46.0	44.5	45.3	48.4	45.1	43.3	43.0	45.1	43.1	39.5	40.4	40.0	32.5	26.7	22.7	21.3	21.2	22.2	21.1
2018/01/24 14:36:03	57.0	22.7	22.7	37.1	37.1	45.5	45.5	44.8	44.8	44.6	44.1	44.4	40.7	50.2	49.4	46.8	50.6	48.8	44.5	44.6	45.5	48.8	47.1	43.3	43.4	42.2	39.1	30.4	23.2	20.9	21.2	22.1	20.7
2018/01/24 14:36:04	54.5	23.5	23.5	36.6	36.6	44.8	44.8	45.2	45.2	46.3	47.6	44.7	38.0	49.2	47.4	43.4	43.6	43.9	42.9	41.6	41.8	41.9	40.6	42.2	47.8	42.7	39.9	35.0	25.2	20.7	21.0	22.1	20.8
2018/01/24 14:36:05	53.2	23.1	23.1	34.4	34.4	42.6	42.6	44.0	44.0	44.2	44.5	43.5	39.8	45.7	41.9	42.4	41.7	41.8	42.4	43.2	42.4	40.2	40.8	39.2	44.1	43.9	39.2	35.2	24.8	20.5	21.0	21.9	20.4
2018/01/24 14:36:06	53.0	22.5	22.5	32.9	32.9	42.2	42.2	43.3	43.3	41.8	45.0	44.3	40.2	44.4	42.6	42.1	42.4	43.5	43.4	42.2	45.0	44.3	43.1	38.2	37.6	38.1	35.5	29.2	23.5	20.9	21.4	22.1	20.8
2018/01/24 14:36:07	51.0	23.0	23.0	34.0	34.0	44.0	44.0	44.9	44.9	42.1	43.2	44.4	37.6	44.3	42.2	39.1	40.6	43.2	39.6	38.6	44.5	40.4	40.3	37.9	33.4	36.7	32.0	25.6	21.5	20.8	21.5	22.3	21.0
2018/01/24 14:36:08	52.0	23.8	23.8	35.5	35.5	45.6	45.6	46.4	46.4	42.5	40.1	44.5	40.0	44.4	41.4	40.0	40.4	42.4	42.1	38.8	42.6	39.6	40.1	42.6	37.7	41.5	39.9	33.6	28.7	23.1	22.4	23.4	22.8
2018/01/24 14:36:09	50.2	23.2	23.2	34.2	34.2	41.6	41.6	41.7	41.7	39.8	40.9	43.5	38.1	43.4	41.8	39.8	40.6	41.7	42.2	37.7	40.6	38.8	33.4	35.2	38.6	39.3	36.5	32.4	25.6	26.0	27.5	34.7	31.0
2018/01/24 14:36:10	52.0	23.0	23.0	36.9	36.9	44.5	44.5	44.0	44.0	41.8	42.2	43.5	37.1	42.6	42.2	41.3	41.6	41.9	44.5	39.9	44.4	39.3	37.9	39.5	39.9	39.4	36.8	31.5	25.8	23.3	22.4	23.6	22.4
2018/01/24 14:36:11	47.9	23.3	23.3	33.8	33.8	43.0	43.0	44.1	44.1	40.9	40.8	41.8	38.8	42.0	40.4	38.0	39.3	40.4	40.0	38.9	37.3	34.9	33.7	33.3	33.2	33.9	32.9	29.3	25.3	22.7	22.3	23.5	22.5
2018/01/24 14:36:12	49.1	23.1	23.1	33.8	33.8	43.3	43.3	44.3	44.3	40.3	40.7	42.6	35.8	42.0	39.5	37.1	38.7	40.3	40.7	41.2	37.8	38.5	35.7	37.4	34.3	35.4	34.5	29.4	24.4	22.5	22.4	23.0	21.6
2018/01/24 14:36:13	48.4	23.4	23.4	35.0	35.0	43.9	43.9	44.6	44.6	41.6	39.2	42.1	37.6	42.3	42.6	37.3	38.3	40.2	40.5	39.1	37.2	35.0	35.4	33.5	35.4	34.8	35.0	31.4	27.3	24.2	23.2	24.1	22.8
2018/01/24 14:36:14	52.2	23.2	23.2	36.6	36.6	45.7	45.7	45.9	45.9	40.9	41.8	44.0	37.7	41.2	42.2	40.1	38.2	41.1	41.6	40.9	38.1	35.5	34.1	35.9	37.0	45.6	45.5	34.1	33.4	24.2	25.0	26.4	27.8
2018/01/24 14:36:15	52.5	22.9	22.9	37.8	37.8	46.5	46.5	46.5	46.5	42.0	41.2	43.1	37.6	41.8	40.8	40.1	39.0	40.9	42.8	43.0	42.2	41.1	42.9	39.5	38.9	39.1	42.8	36.3	29.4	25.4	25.2	29.3	25.0
2018/01/24 14:36:16	52.2	23.5	23.5	35.5	35.5	44.7	44.7	44.2	44.2	40.3	42.6	45.9	41.8	44.5	46.8	46.1	41.2	42.9	44.6	44.7	42.5	40.4	38.3	35.8	34.8	36.9	34.7	30.2	26.4	22.7	22.2	23.4	22.0
2018/01/24 14:36:17	55.4	24.0	24.0	38.6	38.6	47.4	47.4	47.3	47.3	44.7	42.4	44.0	40.7	48.5	46.7	43.2	44.1	46.2	47.5	48.8	45.5	45.1	43.0	41.4	38.1	38.2	38.9	36.8	27.9	24.7	23.5	24.1	22.3
2018/01/24 14:36:18	51.2	24.5	24.5	39.7	39.7	48.8	48.8	48.0	48.0	40.9	40.5	42.0	37.0	42.4	39.6	38.9	42.4	42.2	44.8	46.1	41.3	37.7	34.9	32.2	32.8	34.6	33.1	30.8	26.1	23.5	22.6	23.3	22.1
2018/01/24 14:36:19	50.5	24.4	24.4	38.2	38.2	48.0	48.0	47.1	47.1	41.7	42.0	43.9	40.1	44.3	41.0	38.5	40.6	41.1	44.5	45.8	39.6	35.1	33.4	31.6	32.9	31.7	33.3	29.0	23.7	21.1	21.5	22.2	21.2
2018/01/24 14:36:20	51.9	24.4	24.4	39.3	39.3	49.2	49.2	48.1	48.1	40.0	41.3	43.8	41.5	45.2	40.7	39.0	38.9	42.1	46.4	46.1	42.3	37.9	36.8	36.0	34.6	34.8	33.0	27.5	22.6	21.0	21.0	22.0	20.8
2018/01/24 14:36:21	52.0	27.1	27.1	42.1	42.1	48.5	48.5	46.2	46.2	42.2	43.0	43.5	39.2	42.4	40.6	39.9	39.9	40.0	43.7	45.9	41.9	37.9	42.3	40.5	36.1	38.7	32.5	26.0	21.8	20.6	21.0	22.0	20.7
2018/01/24 14:36:22	49.3	23.8	23.8	38.6	38.6	45.9	45.9	45.7	45.7	41.2	41.0	45.6	37.5	41.3	40.4	39.2	40.3	39.6	43.7	42.3	37.8	37.3	34.7	35.0	32.4	32.6	29.6	24.8	21.1	20.5	21.1	21.9	20.7
2018/01/24 14:36:23	47.8	25.4	25.4	38.8	38.8	44.4	44.4	41.9	41.9	40.1	40.0	41.8	37.2	39.3	40.6	39.8	39.1	39.6	40.2	39.6	38.4	37.8	33.8	31.5	30.1	30.3	30.1	25.4	21.3	20.7	21.0	22.0	20.6
2018/01/24 14:36:24	50.7	24.6	24.6	40.3	40.3	48.6	48.6	46.8	46.8	39.4	40.0	42.1	35.8	41.2	39.4	39.4	40.9	40.4	40.4	40.6	40.9	39.9	38.9	40.1	35.6	37.7	40.1	32.7	25.6	22.3	21.8	22.6	20.7
2018/01/24 14:36:25	50.1	26.9	26.9	42.7	42.7	49.9	49.9	47.2	47.2	40.3	40.5	42.1	35.3	41.3	39.5	39.3	39.6	39.3	41.1	43.0	41.8	41.5	35.8	35.0	34.4	33.2	32.9	28.1	22.5	20.8	21.2	22.0	20.7
2018/01/24 14:36:26	49.2	26.7	26.7	40.9	40.9	48.9	48.9	46.6	46.6	39.3	39.0	42.2	37.0	41.0	38.6	39.2	40.2	39.8	37.9	42.7	38.5	37.9	38.3	34.9	33.5	35.0	35.5	31.3	25.5	21.9	21.5	22.0	20.6
2018/01/24 14:36:27	50.0	29.6	29.6	48.6	48.6	56.7	56.7	54.5	54.5	45.0	42.2	42.8	36.5	44.5	42.2	39.3	40.7	40.0	38.5	43.8	37.9	38.4	38.5	36.2	34.6	36.3	33.6	27.3	23.0	21.3	21.6	22.6	21.1
2018/01/24 14:36:28	53.5	25.8	25.8	42.9	42.9	55.7	55.7	56.9	56.9	48.7	45.9	46.2	42.6	46.4	44.7	45.3	42.3	45.5	41.6	45.1	42.8	42.2	43.4	42.3	39.2	38.8	35.4	30.5	22.2	20.6	21.1	22.0	20.8
2018/01/24 14:36:29	53.6	27.1	27.1	41.8	41.8	51.4	51.4	55.9	55.9	50.9	47.2	49.4	43.9	48.4	44.3	46.7	43.6	45.7	42.1	44.2	43.2	41.4	42.3	42.2	39.8	38.8	35.8	28.1	21.9	20.7	20.9	22.0	20.9
2018/01/24 14:36:30	54.6	26.5	26.5	39.7	39.7	53.1	53.1	62.3	62.3	59.9	48.6	52.7	42.3	48.8	46.7	46.3	46.9	46.7	44.5	44.8	44.1	42.9	43.0	39.7	39.3	38.4	34.7	29.0	23.4	21.2	21.0	22.3	20.9
2018/01/24 14:36:31	60.4	28.0	28.0	45.3	45.3	52.8	52.8	56.6	56.6	55.7	54.2	56.3	49.0	52.5	49.7	49.3	51.0	52.8	49.9	52.1	50.7	50.0	50.6	46.6	44.1	44.9	40.6	35.0	26.6	22.6	21.6	22.6	21.3
2018/01/24 14:36:32	64.2	34.0	34.0	45.7	45.7	58.2	58.2	60.5	60.5	54.7	52.7	56.0	49.5	53.2	54.1	52.3	53.5	56.1	56.0	58.9	54.6	51.8	52.6	49.5	45.2	45.3	42.0	34.9	26.8	22.8	22.4	22.8	21.8
2018/01/24 14:36:33	57.6	34.2	34.2	46.7	46.7	60.7	60.7	61.4	61.4	50.7	49.9	51.0	48.2	52.2	47.9	47.4	48.5	49.1	48.7	50.9	47.4	45.9	46.1	42.3	40.4	40.4	37.1	32.2	25.7	22.8	21.9	23.0	21.8
2018/01/24 14:36:34	52.9	29.6	29.6	44.4	44.4	57.1	57.1	58.6	58.6	49.5	45.2	46.5	41.7	46.4	43.3	41.1	43.4	43.7	42.3	45.2	44.1	43.2	41.0	37.1	37.5	37.1	35.8	31.7	25.6	22.9	22.6	23.0	21.9
2018/01/24 14:36:35	53.1	29.0	29.0	43.9	43.9	50.8	50.8	53.2	53.2	52.2	49.2	48.7	44.3	48.3	44.1	42.0	42.7	44.6	43.9	45.4	43.8	42.0	40.7	37.3	38.6	36.5	35.6	28.9	25.3	21.1	21.2	22.4	20.7
2018/01/24 14:36:36	55.3	30.6	30.6	48.9	48.9	57.2	57.2	55.1	55.1	48.8	49.7	47.6	44.5	50.4	46.7	43.1	45.0	46.5	46.5	48.2	46.2	44.2	44.3	40.5	37.4	37.7	34.6	28.8	22.7	21.1	21.4	22.2	20.9
2018/01/24 14:36:37	54.7	28.1	28.1	46.8	46.8	57.6	57.6	59.6	59.6	52.9	45.3	46.8	42.2	49.7	46.0	43.9	45.0	46.0	45.5	47.6	46.2	42.8	42.6	39.6	36.5	36.3	35.5	30.4	26.1	22.8	21.9	22.6	22.3
2018/01/24 14:36:38	58.3	26.1	26.1	45.3	45.3	53.2	53.2	58.7	58.7	58.7	49.4	49.4	45.2	53.9	50.8	46.1	47.4	49.8	49.1	50.6	50.8	46.7	46.1	43.6	39.6	38.0	36.7	32.2	26.2	23.4	21.9	22.3	21.4
2018/01/24 14:36:39	60.2	26.3	26.3	44.6	44.6	51.2	51.2	54.3	54.3	56.5	50.7	50.2	50.0	53.4	51.4	47.5	48.4	52.2	51.1	53.2	53.1	49.1	47.8	45.7	41.2	40.0	38.6	33.8	27.7	25.3	22.9	22.7	21.3
2018/01/24 14:36:40	63.8	29.6	29.6	42.0	42.0	61.1	61.1	67.8	67.8	63.2	51.0	55.8	50.6	59.0	53.0	50.3	50.3	51.5	55.5	58.6	56.5	52.2	49.7	46.9	44.3	42.7	40.0	34.8	28.5	25.4	22.8	23.5	22.3
2018/01/24 14:36:41	68.9	30.9	30.9	44.7	44.7	59.3	59.3	66.5	66.5	64.1	52.7	58.9	55.7	63.7	57.8	55.9	56.4	59.5	58.2	62.3	62.3	56.0	56.5	54.0	51.4	51.9	50.6	46.3	38.6	33.7	28.7	28.0	25.8
2018/01/24 14:36:42	70.0	31.3	31.3	46.3	46.3	59.3	59.3	68.8	68.8	67.0	59.0	62.2	59.9	64.7	60.1	56.2	59.0	59.5	57.8	64.3	63.4	58.8	55.5	53.3	52.1	52.9	52.5	47.7	39.1	33.5	29.2	28.0	25.1
2018/01/24 14:36:43	64.6	30.4	30.4	43.6	43.6	54.8	54.8	62.1	62.1	58.8	51.5	57.7	52.7	58.9	55.1	50.8	53.2	54.0	53.1	57.8	58.4	55.2	51.3	46.8	45.3	46.0	43.4	35.9	27.1	23.2	21.9	22.3	20.9
2018/01/24 14:36:44	61.4	28.0	28.0	43.3	43.3	52.8	52.8	58.7	58.7	54.7	50.6	56.0	52.0	58.9	55.1	51.2	49.9	50.4	50.8	54.0	54.2	52.1	47.5	43.7	40.1	39.4	36.0	30.6	24.2	21.9	21.5	22.4	21.0
2018/01/24 14:36:45	58.8	28.7	28.7	43.3	43.3	53.0	53.0	56.4	56.4	52.6	53.5	55.1	49.3	58.7	53.0	49.1	49.0	48.9	47.3	50.0	50.8	49.7	44.8	38.8	36.8	34.8	33.2	26.6	21.4	20.6	20.8	21.9	20.6
2018/01/24 14:36:46	55.9	29.3	29.3	45.1	45.1	54.7	54.7	54.8	54.8	49.6	50.9	53.3	47.1	52.9	49.8	45.1	48.0	48.1	45.9	47.2	47.5	45.3	42.3	38.5	36.3	35.3	32.6	29.4	21.9	20.4	21.0	21.9	20.7
2018/01/24 14:36:47	53.5	27.0	27.0	43.8	43.8	50.7	50.7	52.1	52.1	49.6	45.9	49.4	42.9	49.4	46.6	42.8	47.0	46.0	43.3	45.0	43.9	42.6	41.4	38.5	36.1	34.1	32.3	27.6	21.4	20.2	20.9	21.8	20.5
2018/01/24 14:36:48	52.0	27.4	27.4	40.1	40.1	47.1	47.1	50.1	50.1	47.1	43.3	46.7	40.6	46.5	43.0	41.8	43.8	42.2	42.5	45.8	43.6	40.2	38.0	38.2	34.6	32.0	29.0	25.2	21.6	20.9	21.0	22.0	20.7
2018/01/24 14:36:49	50.5	24.2	24.2	38.5	38.5	45.4	45.4	44.4	44.4	42.9	41.7	43.2	40.4	45.0	42.4	40.9	41.0	42.4	43.8	44.8	40.5	37.4	35.3	32.3	29.5	29.5	27.6	23.3	20.5	20.5	21.0	21.9	20.4
2018/01/24 14:36:50	48.9	24.1	24.1	38.3	38.3	45.3	45.3	47.4	47.4	43.8	42.1	43.4	38.9	44.0	42.5	39.4	41.2	40.5	41.1	42.2	39.1	36.6	34.8	31.6	30.0	29.7	27.0	23.2	20.5	20.2	21.0	21.9	20.6
2018/01/24 14:36:51	48.3	25.7	25.7	41.6	41.6	48.0	48.0	47.9	47.9	45.3	42.5	43.5	38.4	43.1	40.4	39.3	39.6	40.4	40.5	40.7	38.6	37.2	36.0	31.7	28.1	28.3	25.9	21.9	20.3	20.2	21.1	21.8	20.6
2018/01/24 14:36:52	49.3	24.3	24.3	42.1	42.1	48.5	48.5	47.1	47.1	42.8	40.4	42.6	39.2	42.7	39.5	36.4	40.2	39.7	40.3	44.2	38.3	38.0	36.7	34.5	30.1	31.5	29.8	27.0	22.9	21.0	21.4	22.0	21.2
2018/01/24 14:36:53	49.6	25.1	25.1	42.3	42.3	47.6	47.6	45.9	45.9	44.3	39.8	42.5	37.9	42.7	39.7	41.2	42.5	41.0	43.0	43.5	38.6	38.2	35.0	33.3	29.6	27.9	25.5	23.6	20.3	20.2	21.0	21.9	20.7
2018/01/24 14:36:54	50.2	29.6	29.6	44.5	44.5	49.6	49.6	46.6	46.6	41.7	39.9	42.2	38.7	42.8	40.3	37.6	39.3	41.5	42.3	45.6	38.8	37.6	34.5	33.9	31.2	34.6	33.5	25.6	23.7	20.6	21.1	21.9	20.9
2018/01/24 14:36:55	50.2	26.8	26.8	44.5	44.5	49.8	49.8	46.2	46.2	43.0	41.8	43.0	37.7	43.7	41.3	37.9	40.8	40.9	43.2	44.5	39.7	40.4	36.8	33.5	29.4	28.1	26.5	22.7	20.4	20.2	20.9	21.7	20.6
2018/01/24 14:36:56	50.7	26.1	26.1	40.8	40.8	46.5	46.5	45.4	45.4	42.2	39.3	40.4	37.2	43.8	38.6	37.9	40.1	40.9	42.2	44.8	41.4	41.2	39.8	34.1	32.3	28.7	26.2	22.6	20.1	20.1	21.0	21.9	20.8
2018/01/24 14:36:57	52.3	24.7	24.7	42.3	42.3	47.6	47.6	44.4	44.4	44.2	42.0	41.1	37.4	44.6	40.9	41.2	42.5	42.3	43.4	47.9	41.2	41.7	40.5	34.0	33.0	31.6	29.2	23.3	20.3	20.2	20.9	21.7	20.6
2018/01/24 14:36:58	52.7	24.8	24.8	39.4	39.4	46.3	46.3	45.3	45.3	43.5	39.6	42.1	37.0	43.7	43.1	42.6	42.6	43.2	46.1	46.6	43.0	42.5	39.9	34.9	32.7	33.0	30.8	26.8	21.4	20.7	21.1	22.1	20.6
2018/01/24 14:36:59	51.1	24.8	24.8	43.2	43.2	48.8	48.8	47.4	47.4	46.9	42.3	44.2	38.6	42.3	41.7	40.7	41.7	43.4	42.8	44.6	40.3	40.8	39.4	34.5	33.3	35.0	31.8	27.1	21.9	20.4	21.2	22.0	20.8
2018/01/24 14:37:00	52.1	24.2	24.2	43.7	43.7	49.5	49.5	45.9	45.9	44.2	42.5	43.4	37.3	44.2	41.7	41.2	45.2	43.6	43.9	45.6	43.3	40.6	38.0	35.0	32.9	33.8	33.1	29.5	24.9	22.5	22.0	22.7	21.1
2018/01/24 14:37:01	50.1	25.3	25.3	41.2	41.2	48.2	48.2	46.2	46.2	43.6	40.6	41.6	37.4	44.8	41.8	39.9	40.0	41.1	41.3	43.1	42.1	38.3	37.6	34.9	32.7	32.6	29.2	25.6	21.5	20.6	21.0	21.8	20.6
2018/01/24 14:37:02	50.1	26.6	26.6	42.5	42.5	49.3	49.3	48.3	48.3	44.6	41.7	43.2	39.6	44.5	42.3	41.0	42.8	42.6	41.2	41.5	41.5	38.5	38.1	34.0	32.3	32.2	31.3	27.7	22.5	21.7	21.5	22.7	21.8
2018/01/24 14:37:03	48.8	23.3	23.3	41.1	41.1	48.4	48.4	47.7	47.7	44.1	40.5	43.9	40.4	44.7	43.9	41.1	40.9	41.3	40.1	40.5	37.9	36.8	33.9	31.9	31.9	31.3	31.3	28.9	24.8	22.0	21.6	22.7	21.4
2018/01/24 14:37:04	49.0	25.7	25.7	40.9	40.9	48.1	48.1	47.6	47.6	43.6	42.5	43.6	38.3	48.0	43.3	38.6	39.5	40.3	40.3	39.9	38.8	35.9	36.6	33.7	32.8	33.0	31.9	29.5	24.0	21.2	21.5	22.2	21.0
2018/01/24 14:37:05	49.0	27.8	27.8	45.0	45.0	50.3	50.3	47.7	47.7	43.8	41.2	42.9	40.0	47.6	41.6	42.5	40.4	40.5	40.6	39.1	38.4	34.5	33.8	34.5	34.4	34.6	33.4	29.4	23.9	21.0	21.2	21.9	20.6
2018/01/24 14:37:06	48.4	25.8	25.8	39.1	39.1	48.0	48.0	48.3	48.3	46.2	44.6	44.9	42.6	46.2	42.0	39.4	39.5	41.8	39.5	40.4	37.6	34.9	34.3	31.9	30.6	30.4	30.0	27.0	23.7	20.6	21.0	22.1	20.6
2018/01/24 14:37:07	51.1	24.8	24.8	38.0	38.0	47.7	47.7	47.7	47.7	41.8	41.9	43.3	43.0	49.3	42.3	39.2	41.0	46.4	40.1	41.3	41.5	38.4	38.7	36.7	36.9	33.6	30.9	26.0	21.0	20.4	20.9	21.8	20.8
2018/01/24 14:37:08	53.0	24.9	24.9	39.2	39.2	47.4	47.4	47.2	47.2	44.5	45.1	47.0	44.6	49.9	48.1	44.6	46.7	43.0	42.0	43.0	39.3	38.3	38.7	37.7	36.5	40.2	43.9	36.3	29.3	28.1	29.0	29.4	27.2
2018/01/24 14:37:09	58.1	23.8	23.8	37.7	37.7	47.3	47.3	49.9	49.9	50.8	48.7	51.0	42.7	49.9	46.7	49.6	50.5	47.8	52.5	51.4	46.3	45.3	46.4	41.6	39.5	38.3	38.9	35.2	25.0	23.7	24.8	24.4	22.0
2018/01/24 14:37:10	55.8	24.7	24.7	41.2	41.2	49.9	49.9	49.7	49.7	48.0	47.0	49.8	48.0	53.1	46.6	45.4	48.2	45.8	49.3	45.5	44.4	45.1	45.5	41.0	39.1	38.9	35.6	29.5	22.2	20.5	20.8	21.9	20.7
2018/01/24 14:37:11	55.7	25.3	25.3	43.8	43.8	52.7	52.7	51.9	51.9	46.2	47.3	53.3	50.6	50.2	46.4	45.5	47.4	46.8	49.0	47.2	45.8	44.0	42.8	40.2	36.9	37.6	38.2	33.6	27.1	24.2	23.1	23.8	22.6
2018/01/24 14:37:12	52.4	25.3	25.3	44.9	44.9	51.7	51.7	47.0	47.0	41.7	41.5	47.1	47.2	48.9	44.9	43.5	48.8	42.8	44.9	38.6	41.2	36.8	38.4	36.4	34.8	36.5	39.2	35.6	26.0	24.7	22.5	23.7	21.8
2018/01/24 14:37:13	48.9	23.0	23.0	42.4	42.4	49.7	49.7	47.3	47.3	42.7	41.7	45.2	42.2	45.2	42.4	43.4	41.8	40.0	38.9	38.5	39.4	35.5	35.5	33.8	33.3	33.5	33.4	27.8	21.4	21.1	21.3	22.0	20.7
2018/01/24 14:37:14	48.2	25.2	25.2	42.6	42.6	49.5	49.5	46.6	46.6	43.0	42.4	44.1	39.8	44.0	41.4	42.4	42.7	39.1	38.3	38.2	37.3	36.0	35.7	32.6	31.5	32.2	31.4	28.1	23.9	22.4	22.1	22.5	21.0
2018/01/24 14:37:15	54.9	26.6	26.6	38.7	38.7	48.7	48.7	47.8	47.8	41.3	41.0	43.1	41.9	45.7	41.1	41.0	39.2	41.2	42.3	41.2	49.5	46.7	46.2	39.6	37.9	39.9	36.1	30.3	25.1	22.2	21.5	22.5	21.5
2018/01/24 14:37:16	48.9	26.3	26.3	37.6	37.6	48.0	48.0	47.7	47.7	41.3	40.6	43.5	39.9	43.8	40.7	39.4	42.0	40.5	38.3	38.3	38.4	37.9	36.4	33.6	33.6	34.8	36.2	33.4	26.4	23.0	22.0	22.5	21.3
2018/01/24 14:37:17	53.6	24.3	24.3	38.4	38.4	47.2	47.2	47.5	47.5	44.0	42.8	43.2	39.6	43.3	39.9	38.0	39.7	39.2	37.8	46.3	50.2	41.1	40.3	35.6	34.6	34.3	33.5	31.5	25.4	22.7	21.1	22.2	21.1
2018/01/24 14:37:18	53.1	22.9	22.9	37.2	37.2	49.6	49.6	50.4	50.4	44.2	41.3	41.6	38.7	42.6	39.6	39.6	41.8	43.6	39.4	41.3	49.7	39.9	41.6	35.5	34.8	33.9	30.9	33.2	22.3	20.9	21.4	22.4	21.2
2018/01/24 14:37:19	54.2	24.3	24.3	38.6	38.6	48.8	48.8	49.6	49.6	45.2	45.5	46.0	41.6	45.2	41.2	41.4	46.7	44.4	44.1	47.3	45.5	43.2	42.4	39.4	38.9	39.0	38.5	34.0	27.3	22.8	22.0	22.7	21.4
2018/01/24 14:37:20	50.2	25.1	25.1	38.0	38.0	46.4	46.4	46.2	46.2	41.8	40.5	42.1	37.6	41.8	38.0	37.9	41.7	39.4	37.8	41.6	44.3	37.3	37.5	35.1	36.6	35.6	35.4	31.4	25.5	21.8	21.7	22.5	21.4
2018/01/24 14:37:21	50.8	24.5	24.5	35.7	35.7	44.5	44.5	45.4	45.4	42.8	42.2	43.0	40.4	42.8	38.8	37.7	39.2	41.0	43.1	43.0	38.8	37.7	42.4	36.3	37.3	35.7	34.8	30.0	24.8	22.1	21.8	22.4	20.8
2018/01/24 14:37:22	53.3	24.0	24.0	37.3	37.3	46.5	46.5	46.8	46.8	43.9	42.4	42.5	37.9	45.3	48.3	45.7	45.3	48.0	42.6	44.2	42.2	41.3	41.5	39.1	35.2	37.1	34.7	29.0	23.3	21.3	21.3	22.1	20.7
2018/01/24 14:37:23	51.6	26.3	26.3	40.7	40.7	50.4	50.4	49.9	49.9	46.3	45.1	41.7	40.3	51.0	45.4	38.6	46.9	41.5	40.2	39.5	37.2	41.0	37.4	38.0	35.7	36.7	41.2	32.5	26.8	22.4	21.3	22.1	20.9
2018/01/24 14:37:24	49.1	25.6	25.6	41.2	41.2	50.4	50.4	50.7	50.7	47.0	44.4	44.1	36.9	47.7	44.8	37.0	38.9	40.0	36.6	40.1	39.6	36.9	37.9	32.4	32.5	34.4	35.2	29.8	25.8	21.6	21.7	22.2	20.8
2018/01/24 14:37:25	49.6	29.0	29.0	39.6	39.6	47.3	47.3	47.3	47.3	45.1	43.0	43.2	37.4	43.4	42.4	37.1	41.8	43.5	40.0	42.5	37.8	36.4	36.1	32.7	32.8	34.0	34.6	33.8	27.7	22.2	21.9	22.2	21.0
2018/01/24 14:37:26	49.9	23.9	23.9	37.8	37.8	46.7	46.7	46.7	46.7	42.8	41.0	42.0	34.9	44.8	40.1	39.3	47.4	43.5	38.4	41.2	36.7	35.9	35.9	32.9	31.9	32.4	32.6	28.3	24.5	20.9	21.5	22.1	20.8
2018/01/24 14:37:27	54.5	24.3	24.3	38.7	38.7	47.3	47.3	47.4	47.4	44.6	42.4	43.9	41.2	48.6	45.8	44.3	48.4	46.4	48.2	47.1	43.0	42.2	41.2	37.8	35.2	35.1	36.9	30.9	25.3	21.7	21.8	22.6	21.0
2018/01/24 14:37:28	53.1	24.3	24.3	39.9	39.9	48.2	48.2	50.1	50.1	47.1	41.7	43.4	38.4	45.1	41.9	42.1	47.1	44.8	42.6	44.3	43.5	40.9	41.4	41.4	38.5	37.2	37.6	33.1	26.5	22.7	22.4	22.9	21.8
2018/01/24 14:37:29	51.8	24.6	24.6	39.9	39.9	48.0	48.0	49.5	49.5	46.2	41.4	43.0	39.6	49.3	42.7	40.8	43.8	43.6	43.4	40.1	42.3	38.6	39.6	39.1	38.5	37.3	35.9	33.3	28.0	23.7	23.2	24.2	22.3
2018/01/24 14:37:30	50.6	24.7	24.7	42.3	42.3	49.4	49.4	47.8	47.8	43.0	43.3	44.3	42.0	49.6	39.1	39.0	42.3	44.4	41.3	40.6	39.0	38.2	37.3	36.0	34.9	36.6	36.5	28.8	24.1	21.7	21.5	22.2	20.8
2018/01/24 14:37:31	53.0	24.4	24.4	34.8	34.8	44.3	44.3	46.4	46.4	43.5	42.4	43.5	43.1	47.6	40.3	38.3	39.3	45.1	41.7	41.7	42.6	41.5	42.8	43.2	40.8	40.7	38.4	30.9	25.4	21.6	21.4	22.1	21.0
2018/01/24 14:37:32	51.5	24.4	24.4	40.8	40.8	47.9	47.9	47.1	47.1	42.5	42.8	44.2	43.2	45.7	41.8	39.6	41.5	43.1	41.6	43.0	41.6	37.9	39.7	38.1	36.4	40.4	38.2	31.5	25.8	22.4	21.6	23.0	21.7
2018/01/24 14:37:33	50.8	25.1	25.1	41.3	41.3	48.6	48.6	48.4	48.4	44.2	43.5	48.2	46.1	46.3	42.4	40.4	43.6	44.2	42.0	41.1	39.2	38.0	36.0	35.7	36.8	36.6	34.9	30.3	24.1	22.2	22.0	22.8	22.2
2018/01/24 14:37:34	54.5	25.8	25.8	40.9	40.9	50.7	50.7	51.1	51.1	46.9	44.3	44.2	44.3	56.3	47.5	40.4	47.4	47.6	39.2	41.3	39.3	38.8	38.9	40.2	40.4	45.7	40.3	36.1	29.1	28.1	25.1	23.8	22.7
2018/01/24 14:37:35	55.9	25.1	25.1	39.9	39.9	49.4	49.4	54.1	54.1	50.6	44.4	43.3	41.8	56.1	52.3	41.4	44.8	45.3	40.2	43.6	42.2	37.7	47.0	40.4	42.4	47.0	42.1	37.9	30.6	27.3	24.7	25.4	24.1
2018/01/24 14:37:36	56.3	24.6	24.6	37.8	37.8	47.7	47.7	52.3	52.3	49.9	44.1	45.5	38.3	48.0	49.4	39.7	43.3	44.9	41.3	41.6	47.4	43.3	49.1	43.7	44.0	46.2	40.9	36.5	30.9	29.0	22.5	22.3	21.3
2018/01/24 14:37:37	56.7	24.6	24.6	43.0	43.0	50.0	50.0	48.5	48.5	45.2	42.2	43.1	40.1	53.9	52.5	49.2	49.1	48.7	45.4	44.7	46.1	42.8	46.8	42.5	40.1	44.1	41.1	34.0	28.9	25.9	22.6	23.0	21.8
2018/01/24 14:37:38	55.8	24.7	24.7	43.1	43.1	49.9	49.9	46.9	46.9	45.6	43.4	43.5	43.8	55.1	48.3	40.9	46.8	48.8	41.6	44.1	47.8	43.9	44.1	42.2	40.4	43.0	38.3	33.2	27.0	23.8	22.0	23.0	21.8
2018/01/24 14:37:39	55.6	24.8	24.8	43.1	43.1	49.3	49.3	46.8	46.8	45.3	45.9	45.9	40.3	44.3	44.4	41.9	42.0	44.2	43.5	46.3	48.1	47.5	41.4	45.7	38.0	42.9	39.1	33.8	27.5	23.8	22.4	23.0	22.1
2018/01/24 14:37:40	52.9	24.8	24.8	44.3	44.3	50.9	50.9	47.9	47.9	44.7	44.6	44.8	36.1	43.8	41.7	39.8	38.4	42.7	43.7	43.3	43.1	40.4	42.3	43.7	39.4	40.8	36.9	30.8	24.7	22.4	22.6	22.8	22.5
2018/01/24 14:37:41	54.8	27.9	27.9	39.9	39.9	53.8	53.8	55.3	55.3	47.9	46.3	44.6	40.4	45.8	43.4	41.2	41.6	43.3	43.1	41.8	46.4	43.4	48.4	41.6	38.3	41.4	39.0	32.8	26.2	22.6	21.9	22.3	21.0
2018/01/24 14:37:42	55.5	25.8	25.8	36.9	36.9	52.4	52.4	55.3	55.3	47.8	44.5	45.5	40.4	46.3	44.4	43.4	42.8	44.4	43.8	43.7	50.8	41.1	43.5	42.6	40.0	43.1	39.8	35.5	28.1	23.9	22.8	24.3	23.4
2018/01/24 14:37:43	61.4	26.0	26.0	39.0	39.0	54.5	54.5	56.9	56.9	49.4	47.4	47.6	40.5	46.6	47.0	46.2	44.7	49.4	48.3	47.7	50.9	48.8	49.7	52.0	51.8	51.5	50.1	47.8	41.9	36.3	30.3	30.1	28.4
2018/01/24 14:37:44	57.0	30.4	30.4	44.2	44.2	57.6	57.6	58.8	58.8	49.8	48.3	48.6	43.2	51.2	48.3	47.5	47.5	49.6	46.8	46.1	48.6	45.1	46.7	44.0	41.2	42.9	37.3	31.3	24.5	22.3	21.8	22.1	21.1
2018/01/24 14:37:45	60.4	26.2	26.2	45.1	45.1	53.3	53.3	52.1	52.1	48.4	47.2	51.2	51.1	54.6	53.6	56.0	51.8	53.2	50.2	50.6	53.5	48.0	43.8	42.7	41.6	41.1	36.8	32.5	26.6	23.3	22.4	23.1	21.6
2018/01/24 14:37:46	61.1	25.5	25.5	42.6	42.6	53.0	53.0	53.5	53.5	50.6	52.2	49.3	45.0	55.0	53.7	53.6	53.1	53.7	51.8	52.0	53.2	49.0	48.5	45.7	44.6	42.5	39.6	36.1	30.3	24.7	23.3	23.6	22.6
2018/01/24 14:37:47	59.3	27.7	27.7	40.6	40.6	53.5	53.5	56.1	56.1	52.5	51.1	50.2	46.5	54.1	51.9	51.9	50.6	50.9	49.7	50.8	50.0	48.0	48.4	43.9	42.7	43.8	39.4	32.7	25.5	22.1	21.5	22.2	20.7
2018/01/24 14:37:48	60.8	31.8	31.8	43.7	43.7	56.8	56.8	58.2	58.2	54.1	53.5	52.9	50.1	55.8	51.3	50.3	49.7	50.9	50.8	52.4	52.7	51.4	49.8	43.9	45.5	45.4	43.0	34.7	27.3	23.3	22.0	22.5	21.2
2018/01/24 14:37:49	64.6	32.6	32.6	43.9	43.9	57.8	57.8	60.5	60.5	56.6	55.9	57.8	56.4	57.5	56.9	55.5	52.3	54.4	54.4	56.7	55.3	53.1	54.1	51.1	49.9	50.7	47.4	42.2	35.5	31.6	27.0	27.7	25.6
2018/01/24 14:37:50	70.4	29.4	29.4	46.3	46.3	59.2	59.2	61.6	61.6	60.5	61.5	63.4	59.4	61.5	59.9	58.7	57.8	60.7	59.2	63.8	62.5	57.6	58.5	54.8	55.4	57.6	56.1	50.7	42.5	38.1	34.8	34.2	30.6
2018/01/24 14:37:51	65.9	30.6	30.6	44.5	44.5	53.0	53.0	54.7	54.7	57.3	61.2	61.1	54.1	58.5	59.2	54.1	56.4	58.9	58.2	58.0	57.0	52.4	51.1	50.3	51.4	51.7	47.3	40.4	31.8	29.0	26.3	25.7	23.0
2018/01/24 14:37:52	61.1	28.9	28.9	45.8	45.8	57.5	57.5	58.8	58.8	53.9	53.2	55.2	50.5	55.5	53.2	48.3	51.2	54.2	52.3	53.8	52.3	50.6	46.8	45.0	44.1	43.1	39.6	33.4	27.9	23.4	22.6	22.9	22.7
2018/01/24 14:37:53	59.5	27.5	27.5	43.0	43.0	53.3	53.3	54.5	54.5	51.6	51.6	53.7	49.9	53.7	50.9	47.8	47.9	51.5	51.5	51.7	51.3	48.5	46.4	43.9	43.7	43.8	37.6	31.5	26.3	22.9	21.8	22.8	22.0
2018/01/24 14:37:54	58.7	25.1	25.1	40.3	40.3	49.7	49.7	53.2	53.2	52.9	52.4	52.4	48.1	54.8	52.0	48.1	48.4	50.0	48.8	50.0	49.5	48.1	47.5	45.5	42.6	43.1	38.0	33.5	26.8	22.4	21.7	22.3	21.1
2018/01/24 14:37:55	59.6	25.6	25.6	44.4	44.4	52.5	52.5	54.0	54.0	53.1	52.7	53.8	48.5	55.6	51.6	49.5	50.2	52.0	51.3	51.2	50.3	50.0	46.9	43.8	41.1	40.5	40.7	36.8	30.2	25.5	22.7	22.9	22.2
2018/01/24 14:37:56	62.4	25.2	25.2	43.4	43.4	51.5	51.5	53.7	53.7	54.0	52.5	53.1	49.2	56.6	53.1	49.7	51.1	52.0	54.1	54.7	52.6	54.1	50.0	46.0	47.1	46.4	44.3	42.4	35.7	29.2	24.6	26.1	23.6
2018/01/24 14:37:57	65.1	25.9	25.9	47.0	47.0	55.2	55.2	58.3	58.3	56.9	52.1	54.9	49.7	58.2	56.0	53.5	51.6	54.5	54.0	57.9	57.6	56.3	52.3	51.1	48.5	48.7	48.4	44.8	39.3	33.6	26.9	27.1	23.7
2018/01/24 14:37:58	71.1	29.4	29.4	47.4	47.4	58.6	58.6	67.4	67.4	65.3	56.8	60.3	56.8	64.6	61.0	56.4	58.1	61.6	58.7	63.1	64.7	59.9	58.0	54.2	53.7	57.2	58.8	56.1	48.7	42.8	37.6	37.6	33.1
2018/01/24 14:37:59	67.4	30.3	30.3	45.9	45.9	54.3	54.3	62.9	62.9	60.9	56.4	60.0	54.2	63.8	61.2	57.2	58.1	58.1	57.3	59.6	58.1	56.2	53.8	52.1	52.0	51.9	52.8	48.8	40.7	34.8	29.7	29.8	26.2
2018/01/24 14:38:00	63.1	29.0	29.0	44.3	44.3	52.2	52.2	57.5	57.5	55.2	51.7	52.8	49.5	57.9	53.4	48.7	51.1	52.4	53.2	55.5	56.1	53.5	50.8	47.5	46.0	48.5	45.7	40.9	32.0	25.2	23.0	23.0	21.0
2018/01/24 14:38:01	60.3	27.9	27.9	42.9	42.9	50.7	50.7	55.0	55.0	53.0	51.2	53.0	47.9	55.6	52.2	48.5	49.6	51.3	51.2	50.9	52.3	51.2	48.6	45.8	42.9	43.5	42.4	36.2	29.5	23.9	22.1	22.3	21.0
2018/01/24 14:38:02	59.4	24.2	24.2	42.7	42.7	50.5	50.5	53.4	53.4	51.0	51.2	51.6	47.9	55.6	51.9	49.3	49.8	50.4	49.2	51.2	50.8	49.0	48.4	44.6	42.1	42.5	41.0	34.7	28.1	23.0	21.3	22.3	20.7
2018/01/24 14:38:03	58.3	23.4	23.4	39.6	39.6	47.8	47.8	49.7	49.7	48.0	51.5	53.3	47.2	54.3	49.9	46.8	50.0	50.5	49.6	48.7	49.3	47.7	45.2	43.7	42.4	42.8	40.6	34.3	28.1	22.7	21.9	22.4	20.9
2018/01/24 14:38:04	57.0	27.8	27.8	42.7	42.7	49.2	49.2	49.4	49.4	45.7	47.6	50.6	45.4	51.3	47.8	46.4	47.2	48.9	48.1	47.7	46.8	47.7	45.5	43.3	42.9	42.0	38.6	34.1	27.1	23.0	22.0	22.6	21.1
2018/01/24 14:38:05	57.3	29.9	29.9	43.7	43.7	49.1	49.1	50.2	50.2	48.2	44.1	47.4	42.8	51.3	48.4	47.5	48.4	48.7	47.6	48.9	48.2	47.2	45.8	44.2	41.8	39.7	37.7	31.3	24.2	21.6	21.4	22.3	21.2
2018/01/24 14:38:06	57.0	26.1	26.1	44.0	44.0	52.6	52.6	52.4	52.4	48.3	48.3	48.9	43.2	49.4	47.8	46.6	47.6	48.5	48.5	51.5	47.1	45.8	44.7	42.1	37.9	36.5	33.0	27.3	22.5	21.0	21.0	21.9	20.7
2018/01/24 14:38:07	58.6	28.0	28.0	46.5	46.5	53.5	53.5	53.9	53.9	51.1	46.1	46.9	44.6	51.4	49.8	48.3	46.8	50.7	50.8	51.6	48.3	48.5	47.6	45.3	40.0	38.6	33.7	28.9	22.9	21.0	21.1	22.0	20.6
2018/01/24 14:38:08	60.8	25.1	25.1	45.0	45.0	51.0	51.0	51.5	51.5	50.0	46.4	48.9	44.8	51.1	50.6	49.2	49.3	52.4	54.2	53.1	50.8	51.3	49.4	47.4	42.3	41.6	39.2	33.4	25.3	22.0	21.3	22.1	20.7
2018/01/24 14:38:09	62.9	30.5	30.5	47.5	47.5	59.2	59.2	59.9	59.9	54.0	50.6	52.0	49.5	56.1	54.7	51.1	49.2	53.5	55.4	57.0	53.7	53.0	50.5	46.8	43.0	41.8	40.0	34.2	26.2	21.9	21.7	22.3	20.8
2018/01/24 14:38:10	66.1	35.0	35.0	56.0	56.0	61.7	61.7	60.8	60.8	58.2	55.0	56.5	52.4	57.7	56.7	53.9	52.6	56.9	57.8	59.7	57.1	57.2	54.3	51.0	47.9	46.6	44.0	36.3	28.4	24.4	22.7	22.7	21.1
2018/01/24 14:38:11	72.6	34.2	34.2	56.3	56.3	62.0	62.0	61.3	61.3	60.1	59.2	62.2	59.2	62.6	61.9	57.7	60.9	63.3	62.1	67.3	65.0	61.6	59.7	56.4	54.0	55.6	54.4	48.4	41.7	36.9	32.7	30.8	26.5
2018/01/24 14:38:12	70.8	35.9	35.9	52.3	52.3	63.2	63.2	63.9	63.9	58.4	61.5	63.1	58.9	62.5	62.3	60.5	61.8	62.0	62.0	64.0	62.9	60.4	58.2	54.5	52.6	51.6	50.3	42.8	37.2	32.0	28.5	25.5	22.6
2018/01/24 14:38:13	67.6	39.6	39.6	52.6	52.6	67.3	67.3	68.0	68.0	60.1	57.2	58.1	55.0	62.5	59.3	54.1	54.9	58.3	60.2	61.5	59.9	57.5	53.5	48.3	44.5	43.1	42.2	35.8	27.9	22.2	21.7	22.1	20.7
2018/01/24 14:38:14	67.9	40.0	40.0	53.9	53.9	66.6	66.6	66.4	66.4	59.3	56.0	58.6	54.1	59.6	58.2	53.6	54.9	59.9	59.6	60.8	59.6	59.0	55.3	51.9	50.0	46.8	45.4	40.1	33.8	26.0	23.1	22.7	20.9
2018/01/24 14:38:15	72.4	45.3	45.3	59.3	59.3	72.6	72.6	72.4	72.4	62.6	60.7	62.9	60.6	62.9	60.1	57.4	59.0	63.2	62.3	66.3	65.0	60.2	59.8	57.8	56.6	56.2	56.6	53.5	47.1	38.1	37.7	35.1	30.4
2018/01/24 14:38:16	72.2	33.8	33.8	50.8	50.8	65.0	65.0	66.3	66.3	60.5	62.3	63.8	61.7	63.0	62.2	57.6	62.3	62.5	61.2	65.6	63.4	62.2	59.6	59.2	56.8	56.0	56.6	51.0	43.7	36.8	36.3	32.3	28.5
2018/01/24 14:38:17	67.1	32.0	32.0	43.8	43.8	58.0	58.0	59.5	59.5	54.8	57.6	57.8	55.0	58.8	59.4	54.5	56.4	58.0	58.9	60.2	60.2	56.8	52.6	49.7	48.8	47.5	47.5	39.9	31.5	24.8	22.9	23.1	21.2
2018/01/24 14:38:18	63.2	30.2	30.2	45.4	45.4	57.9	57.9	58.9	58.9	51.9	53.1	54.8	52.2	55.8	55.5	51.9	51.4	53.4	52.3	56.5	55.8	54.0	51.0	47.8	44.3	41.5	40.5	34.6	26.9	22.1	21.4	22.0	20.8
2018/01/24 14:38:19	60.5	27.1	27.1	40.2	40.2	52.2	52.2	52.2	52.2	47.1	49.0	50.6	50.8	54.1	53.4	47.8	51.1	50.6	50.4	52.9	52.4	51.5	49.0	46.4	42.5	41.2	38.9	34.1	26.1	21.8	21.5	22.0	20.7
2018/01/24 14:38:20	59.3	24.4	24.4	39.7	39.7	51.5	51.5	52.4	52.4	48.7	51.5	52.5	48.8	55.1	53.2	48.5	51.8	51.3	50.4	51.4	50.9	48.4	45.5	43.2	40.5	37.5	36.2	31.0	24.7	21.0	21.3	22.0	21.0
2018/01/24 14:38:21	58.1	25.7	25.7	42.1	42.1	51.8	51.8	50.8	50.8	47.3	48.9	50.9	47.9	54.8	51.8	46.6	50.9	49.7	48.6	50.1	49.4	47.6	44.1	41.2	40.3	39.3	38.8	33.9	27.6	24.6	23.1	24.7	22.9
2018/01/24 14:38:22	56.1	25.9	25.9	38.3	38.3	49.7	49.7	50.0	50.0	46.3	47.8	49.2	46.1	52.8	50.6	45.0	46.3	48.7	48.0	48.1	46.2	44.3	43.0	40.8	38.4	38.2	38.4	33.6	27.4	23.8	22.8	23.8	22.8
2018/01/24 14:38:23	55.3	26.0	26.0	38.7	38.7	46.1	46.1	46.7	46.7	45.3	44.9	45.7	42.5	49.1	49.3	44.2	45.3	46.3	45.8	46.7	46.8	44.9	43.2	40.0	39.8	39.8	40.5	34.1	27.0	22.7	22.1	23.4	22.3
2018/01/24 14:38:24	54.6	29.9	29.9	42.1	42.1	47.3	47.3	47.4	47.4	44.3	45.8	48.5	46.1	50.0	47.2	43.0	44.3	46.0	45.2	45.8	44.9	43.8	43.5	40.2	37.8	40.7	39.1	32.6	26.0	22.6	22.2	22.7	21.8
2018/01/24 14:38:25	54.5	27.4	27.4	45.6	45.6	51.6	51.6	49.6	49.6	46.2	44.5	48.9	47.2	49.5	45.8	44.2	44.9	46.7	46.4	45.6	44.2	43.2	42.3	41.7	38.4	40.0	37.1	32.2	25.6	21.4	21.2	22.0	20.5
2018/01/24 14:38:26	56.2	26.5	26.5	44.3	44.3	52.5	52.5	51.1	51.1	46.9	45.8	51.2	46.5	49.6	47.1	44.8	45.6	48.0	50.7	47.2	44.0	44.3	45.1	42.0	40.2	40.6	36.3	30.0	24.3	21.9	21.9	23.1	21.6
2018/01/24 14:38:27	56.7	25.8	25.8	39.0	39.0	50.3	50.3	52.0	52.0	48.7	46.2	45.5	43.3	49.3	47.7	45.7	46.9	47.4	50.9	49.0	46.7	45.6	44.2	41.6	39.1	40.0	34.8	30.2	24.0	22.0	21.7	22.9	21.8
