DataTime                     	dB(A)	16	20	25	31.5	40	50	63	80	100	125	160	200	250	315	400	500	630	800	1000	1250	1600	2000	2500	3150	4000	5000	6300	8000	10000	12500	16000	20000
2018/01/24 15:08:01	57.0	31.7	31.7	48.8	48.8	56.4	56.4	54.8	54.8	50.8	46.7	46.8	44.1	51.6	51.4	46.7	46.3	46.0	48.1	46.8	43.5	49.3	48.7	39.4	40.9	38.3	37.5	31.2	23.8	21.5	21.5	22.7	21.3
2018/01/24 15:08:02	62.4	51.3	51.3	69.8	69.8	79.8	79.8	78.9	78.9	66.0	65.7	62.6	59.7	62.8	57.1	55.7	53.4	49.9	49.5	46.9	45.0	46.7	45.7	43.2	42.8	42.2	40.4	36.2	28.9	24.6	23.6	23.7	22.9
2018/01/24 15:08:03	52.7	28.8	28.8	45.3	45.3	57.6	57.6	58.1	58.1	50.8	47.3	45.8	42.9	46.6	45.6	42.5	43.7	42.8	42.7	42.4	41.8	42.5	41.7	39.4	39.6	38.2	36.9	32.5	24.4	21.4	21.3	22.0	20.8
2018/01/24 15:08:04	52.5	27.8	27.8	43.7	43.7	54.8	54.8	54.7	54.7	47.4	46.2	46.8	44.8	48.2	44.5	42.6	43.2	43.8	43.7	41.7	41.3	40.1	40.4	39.1	39.6	39.5	38.9	34.0	27.2	24.4	23.1	23.6	23.9
2018/01/24 15:08:05	59.4	28.6	28.6	46.8	46.8	56.2	56.2	55.1	55.1	47.7	47.5	47.5	44.4	48.4	47.9	44.6	46.7	52.1	51.6	46.7	48.2	49.9	48.5	47.5	46.7	46.0	45.4	41.0	33.4	27.3	25.7	26.2	26.3
2018/01/24 15:08:06	68.2	32.8	32.8	51.7	51.7	59.0	59.0	58.1	58.1	56.4	54.4	54.0	52.0	56.8	57.1	55.8	58.2	59.0	58.3	58.3	57.4	56.9	56.9	57.2	56.8	55.9	55.2	49.8	42.9	35.6	32.6	32.0	31.1
2018/01/24 15:08:07	67.5	26.9	26.9	48.6	48.6	56.2	56.2	57.2	57.2	56.1	49.1	51.2	48.9	57.6	60.0	53.8	55.3	58.0	58.3	56.5	57.1	55.9	55.4	56.6	55.3	56.2	55.5	49.9	42.4	36.8	33.4	32.2	29.8
2018/01/24 15:08:08	55.9	27.8	27.8	48.3	48.3	56.2	56.2	52.8	52.8	45.6	44.4	44.0	40.3	46.9	49.2	44.9	46.6	45.9	44.8	46.0	46.2	46.2	45.6	43.2	42.4	41.9	40.0	36.0	29.4	24.0	24.6	23.7	22.7
2018/01/24 15:08:09	54.3	26.5	26.5	48.8	48.8	57.1	57.1	55.6	55.6	49.5	46.1	47.4	43.5	48.0	46.9	44.6	44.4	44.9	44.5	44.7	42.8	42.7	42.6	41.7	43.4	41.6	38.8	33.1	27.4	22.9	21.8	22.5	21.1
2018/01/24 15:08:10	52.4	27.5	27.5	49.6	49.6	56.6	56.6	53.5	53.5	49.8	47.4	45.3	40.9	45.4	44.8	42.0	43.8	42.7	42.4	41.4	42.5	40.9	41.4	39.9	39.8	39.8	36.8	31.6	25.6	22.9	21.9	22.5	21.3
2018/01/24 15:08:11	53.0	27.9	27.9	46.6	46.6	54.8	54.8	54.1	54.1	50.4	47.5	48.0	43.1	46.3	44.8	41.8	44.8	43.1	42.6	42.3	42.1	41.0	43.6	41.5	41.4	39.0	35.1	28.9	22.3	21.4	21.2	22.0	20.6
2018/01/24 15:08:12	51.3	28.8	28.8	47.8	47.8	54.6	54.6	53.1	53.1	48.3	46.2	46.6	43.0	46.3	44.4	42.5	44.0	41.8	40.7	40.8	40.8	39.6	39.8	38.4	38.6	37.4	33.1	28.1	22.4	21.3	21.2	22.2	20.7
2018/01/24 15:08:13	50.6	29.2	29.2	46.9	46.9	53.3	53.3	51.7	51.7	47.0	46.7	47.2	39.7	46.0	44.5	42.5	43.2	41.5	40.3	41.3	40.2	39.4	38.7	36.8	36.3	35.2	32.1	27.4	22.2	21.1	21.1	22.1	20.7
2018/01/24 15:08:14	52.2	31.7	31.7	48.2	48.2	54.0	54.0	51.7	51.7	48.7	47.7	46.5	42.9	45.8	46.2	43.3	44.4	42.7	41.9	42.5	42.9	41.1	40.7	39.4	37.4	36.0	32.6	27.1	21.6	21.1	21.0	21.8	20.9
2018/01/24 15:08:15	53.7	31.2	31.2	46.8	46.8	55.4	55.4	54.2	54.2	48.0	46.8	50.0	44.1	48.4	48.3	46.9	46.0	44.0	41.5	43.7	43.7	42.2	43.2	40.6	39.8	37.6	34.3	29.5	21.8	20.8	21.1	21.8	20.5
2018/01/24 15:08:16	58.3	28.5	28.5	44.5	44.5	54.1	54.1	53.8	53.8	47.7	47.1	52.5	45.9	52.2	50.3	48.4	49.8	47.2	46.3	49.1	48.7	49.0	47.6	45.9	44.7	43.0	39.0	34.6	24.5	21.5	21.0	22.0	20.6
2018/01/24 15:08:17	61.0	33.4	33.4	52.1	52.1	61.5	61.5	58.9	58.9	52.1	51.4	56.2	49.2	54.7	52.1	50.6	51.3	50.6	51.2	53.0	52.7	51.6	49.2	46.8	46.1	43.4	40.2	36.3	27.6	23.1	22.0	22.4	21.1
2018/01/24 15:08:18	71.7	41.3	41.3	59.2	59.2	68.9	68.9	67.3	67.3	60.4	55.0	60.6	56.0	62.8	60.9	59.3	60.0	62.4	61.4	63.5	61.7	61.3	61.2	59.5	59.3	56.9	55.9	53.0	44.3	37.6	33.0	32.1	31.0
2018/01/24 15:08:19	73.0	40.2	40.2	60.8	60.8	69.7	69.7	67.0	67.0	57.9	55.4	59.5	55.1	62.6	62.0	59.5	63.4	63.6	62.0	64.9	63.4	61.2	61.0	62.4	61.4	59.3	57.1	54.5	47.7	40.3	37.3	35.9	33.0
2018/01/24 15:08:20	64.9	36.5	36.5	59.8	59.8	67.6	67.6	63.6	63.6	50.5	49.2	53.0	47.9	54.6	54.0	51.7	54.1	53.7	53.9	56.4	56.7	54.5	53.6	53.2	52.0	50.9	49.5	45.2	38.3	32.6	30.1	27.3	24.8
2018/01/24 15:08:21	59.0	31.0	31.0	54.7	54.7	62.3	62.3	58.5	58.5	49.5	47.5	48.4	43.3	49.3	50.9	47.5	47.1	48.6	49.1	50.7	50.6	49.2	48.1	46.1	44.9	43.7	41.1	38.0	30.2	25.5	23.3	23.5	21.8
2018/01/24 15:08:22	58.8	27.8	27.8	45.8	45.8	54.5	54.5	54.2	54.2	49.8	48.1	49.5	44.8	49.5	50.3	45.2	46.4	46.3	47.1	52.2	52.0	50.4	47.3	43.1	40.8	38.7	35.8	31.8	24.1	21.3	21.5	22.1	21.0
2018/01/24 15:08:23	54.3	29.9	29.9	43.6	43.6	52.8	52.8	53.5	53.5	49.3	46.5	44.9	42.5	47.3	47.7	43.7	42.9	43.6	43.6	47.1	46.6	45.4	42.1	38.6	37.7	35.4	32.5	28.3	21.6	20.7	21.0	21.9	20.7
2018/01/24 15:08:24	53.6	25.6	25.6	42.2	42.2	51.5	51.5	51.1	51.1	46.3	44.8	44.0	42.5	47.7	46.0	42.0	42.4	42.2	45.8	46.9	45.1	42.2	41.4	38.6	37.8	36.4	33.7	28.4	22.1	20.8	21.1	22.0	20.6
2018/01/24 15:08:25	52.8	26.1	26.1	43.1	43.1	51.2	51.2	50.9	50.9	47.0	44.8	44.7	40.7	47.1	46.1	41.5	44.1	42.8	43.4	43.3	43.1	41.8	41.7	39.6	39.6	38.0	35.5	30.6	23.4	21.1	20.9	21.9	20.8
2018/01/24 15:08:26	55.8	25.9	25.9	45.7	45.7	54.4	54.4	53.9	53.9	48.6	45.3	45.3	41.4	47.2	49.1	43.9	44.5	45.6	46.6	46.8	46.5	46.1	44.9	42.9	42.4	40.8	38.3	32.8	24.9	21.6	20.8	21.9	20.7
2018/01/24 15:08:27	63.2	26.3	26.3	44.1	44.1	54.7	54.7	54.7	54.7	47.7	48.1	49.4	45.7	54.2	51.6	48.4	49.8	51.1	51.9	59.4	51.6	50.7	50.9	50.0	50.3	48.9	45.2	41.6	33.9	26.5	24.4	23.2	21.6
2018/01/24 15:08:28	66.9	28.9	28.9	49.6	49.6	58.0	58.0	57.3	57.3	55.0	53.5	53.4	48.1	55.0	57.0	54.4	55.0	57.4	58.7	59.5	56.0	56.3	54.9	55.0	54.1	53.7	50.9	45.6	37.1	30.5	26.6	25.9	23.2
2018/01/24 15:08:29	68.5	32.8	32.8	52.4	52.4	58.9	58.9	58.5	58.5	57.4	55.2	56.4	51.1	58.0	57.0	58.7	58.2	58.8	59.3	59.8	58.4	57.2	56.1	56.8	56.6	55.8	54.2	48.5	41.2	34.4	31.1	31.1	26.4
2018/01/24 15:08:30	70.4	31.7	31.7	48.9	48.9	59.6	59.6	60.4	60.4	55.1	53.7	54.6	51.5	56.1	56.8	55.6	57.4	60.4	59.3	62.2	59.7	58.3	59.2	59.2	58.5	60.5	56.9	54.7	46.0	38.1	34.6	32.7	30.2
2018/01/24 15:08:31	65.6	32.0	32.0	50.6	50.6	57.9	57.9	56.4	56.4	52.8	49.6	50.1	46.0	54.1	55.3	51.2	55.1	57.2	56.7	57.8	56.3	53.1	52.2	52.3	52.6	55.1	50.7	46.3	39.3	30.8	28.8	25.9	24.3
2018/01/24 15:08:32	60.7	27.4	27.4	50.0	50.0	56.2	56.2	53.7	53.7	52.4	48.9	46.6	42.0	48.9	53.2	48.2	49.2	51.1	50.3	52.8	52.6	49.7	49.2	47.0	47.7	47.3	44.0	39.2	31.8	26.8	24.1	23.8	21.4
2018/01/24 15:08:33	61.2	31.7	31.7	53.1	53.1	60.2	60.2	58.2	58.2	53.2	50.4	45.2	44.3	59.2	56.0	48.4	51.3	51.4	51.6	51.7	50.6	50.0	48.5	48.4	48.4	47.6	45.8	41.4	33.8	34.1	31.0	30.8	27.2
2018/01/24 15:08:34	61.6	38.4	38.4	56.6	56.6	67.0	67.0	65.4	65.4	55.2	55.0	53.0	47.4	54.8	53.3	47.6	49.5	49.7	51.0	52.6	53.2	51.5	50.5	49.2	49.3	47.0	45.6	40.7	31.9	29.7	26.8	26.3	24.1
2018/01/24 15:08:35	66.9	35.7	35.7	52.6	52.6	64.2	64.2	65.7	65.7	58.3	60.2	58.7	55.8	57.3	58.8	58.0	55.7	56.4	55.6	57.6	56.3	56.0	53.6	54.4	56.2	53.3	54.5	51.8	45.5	38.5	35.3	34.8	32.4
2018/01/24 15:08:36	74.2	36.0	36.0	47.9	47.9	70.4	70.4	74.5	74.5	66.5	60.3	63.9	61.8	66.1	65.3	64.3	64.1	63.6	63.8	62.2	61.9	59.3	59.6	61.6	63.4	64.1	64.8	61.1	54.6	49.7	47.5	45.7	42.7
2018/01/24 15:08:37	64.7	27.2	27.2	45.3	45.3	59.8	59.8	64.3	64.3	58.4	54.5	58.3	46.8	54.7	58.8	51.7	53.1	55.1	54.5	55.5	55.1	52.7	50.5	50.6	52.7	53.7	52.3	47.5	41.3	35.7	31.5	29.6	27.2
2018/01/24 15:08:38	60.0	30.9	30.9	48.3	48.3	58.3	58.3	59.0	59.0	52.9	47.9	49.0	44.8	52.4	51.2	48.8	50.7	52.8	50.5	49.7	50.8	47.8	46.6	46.7	46.9	47.1	46.2	40.8	35.1	28.5	28.3	24.0	22.1
2018/01/24 15:08:39	57.0	27.3	27.3	44.6	44.6	53.8	53.8	54.6	54.6	51.0	45.3	45.8	41.0	50.5	51.4	46.8	48.0	48.1	48.2	47.8	48.5	45.8	44.4	42.4	42.3	41.1	40.1	35.6	31.5	25.7	26.3	23.7	22.0
2018/01/24 15:08:40	57.0	26.1	26.1	43.0	43.0	50.3	50.3	50.5	50.5	48.4	45.4	45.3	42.3	47.6	49.1	44.3	43.9	43.7	46.1	48.9	50.6	49.2	45.0	40.9	38.7	37.9	36.5	32.1	26.7	24.9	23.7	22.4	21.1
2018/01/24 15:08:41	50.3	25.8	25.8	46.3	46.3	53.3	53.3	50.7	50.7	45.9	44.5	42.4	37.3	41.9	44.9	44.0	41.3	39.7	39.9	40.5	39.8	39.6	38.2	36.4	37.5	36.8	34.3	30.6	24.0	22.2	22.8	22.5	21.3
2018/01/24 15:08:42	49.3	25.3	25.3	44.1	44.1	51.5	51.5	49.4	49.4	46.0	44.1	41.8	36.6	42.7	45.8	40.1	40.6	39.2	38.5	39.7	38.5	37.9	36.8	35.4	36.9	35.5	33.2	29.4	23.5	21.3	22.6	22.1	21.1
2018/01/24 15:08:43	50.8	25.0	25.0	42.6	42.6	51.2	51.2	51.1	51.1	47.2	45.8	43.2	38.3	42.0	43.9	41.5	40.4	41.3	39.0	39.7	39.0	38.7	37.5	36.5	38.1	39.7	40.9	37.8	31.8	27.6	26.1	25.3	23.2
2018/01/24 15:08:44	50.2	26.1	26.1	42.9	42.9	52.0	52.0	51.4	51.4	47.1	44.4	43.0	38.5	43.7	45.3	42.1	41.8	41.9	39.7	39.5	38.8	39.5	38.2	35.6	37.2	36.1	34.9	30.0	22.9	21.3	22.0	22.1	20.9
2018/01/24 15:08:45	49.6	25.9	25.9	43.7	43.7	52.6	52.6	52.3	52.3	47.5	45.0	42.9	38.0	43.9	44.5	41.4	40.2	40.7	40.2	40.0	39.7	38.9	37.3	35.0	35.5	34.3	32.7	28.8	22.4	21.4	21.7	22.1	21.0
2018/01/24 15:08:46	49.7	25.0	25.0	43.5	43.5	51.4	51.4	50.6	50.6	48.2	45.5	44.4	40.6	44.2	45.7	41.6	41.8	40.6	40.1	39.6	39.3	37.7	37.2	35.1	35.8	35.0	33.0	29.8	23.4	21.3	22.0	22.2	20.7
2018/01/24 15:08:47	48.9	27.2	27.2	42.2	42.2	51.7	51.7	52.4	52.4	48.5	44.8	42.8	37.6	43.7	45.0	41.5	39.6	38.8	38.5	39.2	38.4	37.5	36.7	33.5	35.5	34.1	31.7	28.3	21.9	21.0	22.1	22.1	20.7
2018/01/24 15:08:48	48.9	26.6	26.6	43.5	43.5	52.4	52.4	51.8	51.8	46.8	44.5	43.0	38.8	42.5	44.1	40.5	39.0	40.1	38.8	39.1	38.9	38.2	36.4	33.9	35.0	34.6	32.9	29.2	23.1	21.0	21.9	22.1	21.0
2018/01/24 15:08:49	50.3	27.2	27.2	46.5	46.5	54.3	54.3	51.8	51.8	47.5	45.8	42.5	39.5	43.2	44.3	41.4	39.5	40.8	39.2	39.3	39.6	40.4	38.9	36.9	37.4	37.3	36.0	32.3	25.2	21.9	22.8	22.6	21.1
2018/01/24 15:08:50	50.5	28.3	28.3	43.1	43.1	51.7	51.7	51.9	51.9	48.2	46.7	44.4	40.1	44.7	43.8	42.2	40.1	41.0	38.0	40.2	39.4	40.5	39.0	37.8	38.3	37.4	34.3	30.1	22.9	21.6	21.4	22.2	20.9
2018/01/24 15:08:51	49.5	26.2	26.2	42.7	42.7	53.2	53.2	52.9	52.9	46.8	43.8	42.3	39.0	43.5	44.0	39.7	39.8	39.4	38.1	40.0	39.0	39.7	38.5	35.9	36.4	35.8	33.3	28.5	22.0	21.0	21.4	22.2	20.9
2018/01/24 15:08:52	50.0	27.6	27.6	50.0	50.0	56.9	56.9	54.2	54.2	49.8	46.6	43.8	38.7	44.5	44.2	42.2	42.8	41.1	40.3	40.1	38.8	38.9	37.3	35.3	35.9	34.9	33.1	28.5	22.1	21.0	22.2	22.0	20.9
2018/01/24 15:08:53	50.9	31.1	31.1	44.9	44.9	53.0	53.0	53.0	53.0	48.8	45.9	44.4	39.8	46.1	48.2	42.8	41.8	42.4	40.3	39.7	39.5	39.5	38.1	36.9	37.7	36.5	34.4	29.6	22.7	21.0	22.5	22.0	20.7
2018/01/24 15:08:54	54.1	29.6	29.6	45.7	45.7	52.0	52.0	50.7	50.7	48.5	45.6	44.6	39.8	50.0	53.2	47.4	43.6	44.0	43.0	41.7	40.9	43.9	41.4	40.4	41.0	39.2	36.3	33.3	24.6	22.0	23.2	21.8	20.7
2018/01/24 15:08:55	56.4	30.3	30.3	45.8	45.8	51.1	51.1	51.2	51.2	48.5	45.9	45.5	42.2	49.7	50.5	50.3	51.2	45.4	47.6	44.4	41.9	46.3	44.2	43.3	43.8	41.3	39.7	37.8	27.9	23.9	23.2	22.5	21.2
2018/01/24 15:08:56	55.0	29.2	29.2	43.8	43.8	54.9	54.9	55.2	55.2	49.9	47.4	46.5	40.7	49.5	52.5	48.5	46.6	45.3	43.9	45.2	41.9	44.2	42.2	41.7	41.7	40.0	38.0	33.6	25.8	22.7	21.9	22.2	20.8
2018/01/24 15:08:57	59.7	29.4	29.4	44.5	44.5	55.3	55.3	56.0	56.0	48.5	46.6	48.4	44.2	51.8	52.8	51.5	50.0	49.5	50.3	46.7	44.8	48.6	47.7	48.5	50.7	46.4	44.8	44.8	37.2	31.8	25.7	25.4	23.7
2018/01/24 15:08:58	68.9	35.1	35.1	51.7	51.7	56.9	56.9	59.7	59.7	57.1	52.5	52.0	51.0	57.5	57.1	64.6	58.2	53.9	56.1	53.6	52.3	56.2	56.8	57.5	61.0	58.5	56.3	56.1	47.1	42.9	36.4	35.3	32.5
2018/01/24 15:08:59	71.6	29.1	29.1	52.6	52.6	58.3	58.3	57.3	57.3	58.0	55.0	57.3	52.5	59.7	57.9	62.6	60.8	56.1	57.1	57.2	54.4	59.5	58.4	62.0	64.5	61.1	60.8	57.9	49.8	45.6	38.4	37.0	34.6
2018/01/24 15:09:00	62.8	29.5	29.5	51.7	51.7	59.3	59.3	56.9	56.9	52.8	49.6	50.0	45.6	53.6	50.1	48.6	51.5	52.8	49.8	55.3	50.3	53.1	49.3	50.4	53.2	51.1	48.4	47.5	38.8	36.0	29.0	26.3	23.9
2018/01/24 15:09:01	54.7	24.4	24.4	42.7	42.7	51.3	51.3	51.2	51.2	47.6	46.9	45.4	41.3	47.7	46.4	43.4	43.3	44.2	43.3	46.4	43.6	44.8	43.1	41.4	43.2	42.3	40.4	38.5	30.2	26.3	21.9	22.0	20.9
2018/01/24 15:09:02	52.1	26.4	26.4	50.1	50.1	57.5	57.5	55.2	55.2	48.6	45.6	43.8	39.3	46.9	46.8	43.7	41.9	41.8	41.9	42.3	41.6	40.9	40.2	38.8	40.2	38.4	36.3	33.4	25.2	22.0	21.0	21.8	20.6
2018/01/24 15:09:03	51.3	28.2	28.2	51.6	51.6	59.1	59.1	55.2	55.2	46.3	43.7	42.2	38.9	45.6	46.1	41.2	41.1	41.5	41.6	41.8	41.3	40.4	39.2	37.9	38.9	36.4	34.4	30.6	23.1	21.0	21.1	21.8	20.8
2018/01/24 15:09:04	52.1	27.6	27.6	47.9	47.9	56.3	56.3	54.1	54.1	48.0	47.3	45.1	41.0	45.6	46.9	43.4	42.5	43.3	43.2	42.6	41.8	42.0	39.9	37.8	37.8	36.6	34.1	29.2	22.6	21.0	20.9	21.9	20.6
2018/01/24 15:09:05	53.1	28.8	28.8	48.4	48.4	57.4	57.4	55.6	55.6	47.7	46.2	44.7	42.2	44.3	47.0	42.2	41.8	46.0	42.5	44.4	42.7	42.9	41.1	39.3	39.5	38.6	36.5	32.3	28.2	23.6	23.1	24.3	23.0
2018/01/24 15:09:06	54.5	24.5	24.5	43.9	43.9	52.6	52.6	52.5	52.5	47.9	48.6	45.7	41.3	46.0	47.5	43.1	44.2	48.6	44.8	46.4	44.2	43.9	41.5	40.2	39.7	39.8	37.4	30.8	23.6	21.3	21.2	22.0	20.8
2018/01/24 15:09:07	56.7	27.6	27.6	44.2	44.2	53.8	53.8	54.4	54.4	49.6	49.9	48.6	41.6	48.0	48.9	44.3	44.7	50.8	47.7	47.4	45.4	46.4	44.7	42.7	43.0	43.3	42.2	35.2	27.8	24.1	21.5	22.2	20.7
2018/01/24 15:09:08	58.9	30.7	30.7	51.2	51.2	60.0	60.0	60.4	60.4	55.8	54.9	53.4	48.2	49.4	50.7	47.4	48.1	51.2	48.8	49.6	47.5	49.0	47.0	46.2	45.5	46.1	44.3	38.3	30.9	26.3	22.4	22.6	21.1
2018/01/24 15:09:09	61.5	34.3	34.3	53.5	53.5	62.5	62.5	62.4	62.4	57.9	56.1	55.0	48.8	52.0	55.0	50.2	50.3	52.4	52.1	53.8	51.6	51.7	49.5	47.4	46.9	46.9	45.6	39.7	32.4	28.1	23.4	23.3	21.6
2018/01/24 15:09:10	69.4	32.5	32.5	49.3	49.3	60.4	60.4	61.9	61.9	56.9	53.8	54.4	49.1	58.5	62.1	59.3	60.0	61.0	60.0	61.7	59.3	58.2	58.0	56.3	56.2	53.8	52.9	49.7	40.9	35.4	30.6	30.0	28.6
2018/01/24 15:09:11	69.8	34.2	34.2	49.8	49.8	64.4	64.4	66.8	66.8	58.8	53.7	53.4	51.0	60.1	59.6	59.3	60.2	59.8	60.6	62.7	59.5	56.9	56.8	56.7	57.7	56.0	57.8	51.9	44.7	39.5	35.2	33.9	32.2
2018/01/24 15:09:12	62.5	28.9	28.9	46.2	46.2	55.4	55.4	57.5	57.5	53.3	51.1	51.2	44.7	51.5	54.6	55.1	51.5	52.1	51.2	54.6	54.8	52.4	50.8	48.5	48.3	46.8	45.9	40.8	33.4	27.0	23.3	22.7	21.2
2018/01/24 15:09:13	72.3	32.7	32.7	49.5	49.5	59.0	59.0	61.5	61.5	60.2	58.0	57.8	50.6	57.4	61.0	64.3	64.2	64.6	61.1	61.0	61.8	64.3	61.4	58.1	59.9	57.9	54.8	50.2	41.7	35.9	32.9	31.5	28.9
2018/01/24 15:09:14	71.0	33.2	33.2	52.5	52.5	62.0	62.0	63.7	63.7	60.8	61.0	63.4	56.5	64.3	61.8	60.6	62.0	59.3	60.6	62.8	62.5	58.6	59.2	58.3	58.5	57.6	55.1	50.8	44.0	39.1	37.2	35.3	32.8
2018/01/24 15:09:15	58.7	26.4	26.4	46.1	46.1	54.9	54.9	53.5	53.5	51.5	50.0	48.3	41.6	47.8	50.7	48.8	49.8	47.1	48.2	50.4	50.9	48.3	47.2	44.5	44.0	44.5	42.4	36.9	30.0	25.6	23.3	22.6	20.9
2018/01/24 15:09:16	55.1	27.1	27.1	45.4	45.4	54.6	54.6	53.2	53.2	49.4	48.9	46.4	42.2	47.0	45.9	45.6	45.7	43.5	44.5	46.1	46.2	44.2	43.8	42.0	42.9	42.2	38.9	32.9	25.5	22.5	21.2	22.0	20.4
2018/01/24 15:09:17	53.7	27.3	27.3	44.9	44.9	54.1	54.1	53.5	53.5	48.3	46.6	44.8	40.5	45.4	45.2	42.1	44.6	42.6	43.3	46.5	46.1	43.8	41.4	39.0	37.9	37.0	34.5	29.3	22.7	21.0	21.1	22.0	20.8
2018/01/24 15:09:18	52.7	27.4	27.4	43.2	43.2	52.1	52.1	51.5	51.5	48.4	46.6	45.4	40.8	45.9	45.1	41.1	42.1	41.9	42.4	43.8	45.3	43.1	41.8	38.6	37.0	35.5	32.3	27.3	21.4	20.5	21.0	21.8	20.4
2018/01/24 15:09:19	50.7	26.3	26.3	43.4	43.4	51.2	51.2	50.4	50.4	47.2	46.2	45.3	40.1	45.4	44.6	41.5	43.0	42.9	40.7	42.1	40.8	39.1	38.8	36.1	35.2	34.1	31.2	27.2	21.7	21.1	21.2	22.2	20.8
2018/01/24 15:09:20	50.0	25.6	25.6	44.2	44.2	53.1	53.1	52.2	52.2	47.9	45.5	44.6	40.0	44.9	44.3	41.5	41.4	41.4	40.2	40.9	39.0	37.6	38.1	36.2	35.7	35.5	33.5	30.1	23.5	21.7	21.6	22.4	21.4
2018/01/24 15:09:21	52.2	25.8	25.8	44.5	44.5	53.2	53.2	53.2	53.2	47.3	45.8	43.8	40.8	45.3	44.1	42.2	41.7	44.0	41.2	42.0	39.9	39.6	40.2	40.0	40.1	40.7	40.7	35.2	30.1	26.6	25.6	28.4	27.0
2018/01/24 15:09:22	49.7	26.7	26.7	44.4	44.4	53.5	53.5	53.0	53.0	46.8	46.0	44.4	41.6	45.2	44.7	41.4	41.8	41.7	39.9	40.7	38.5	37.3	37.4	35.3	35.1	33.9	30.1	25.8	21.2	20.8	20.9	21.9	20.7
2018/01/24 15:09:23	50.0	26.7	26.7	44.8	44.8	54.3	54.3	54.5	54.5	47.8	46.0	44.5	40.8	47.2	45.9	43.0	40.9	40.9	40.2	40.8	38.9	37.5	37.2	35.4	34.4	34.0	31.2	28.0	22.9	21.3	21.5	22.5	20.8
2018/01/24 15:09:24	49.1	26.4	26.4	42.4	42.4	52.6	52.6	52.8	52.8	46.5	45.4	44.9	40.4	44.1	42.9	42.3	40.7	39.8	39.7	39.8	38.0	37.0	37.0	35.7	34.7	33.7	32.5	27.5	22.7	21.1	21.2	22.2	21.1
2018/01/24 15:09:25	49.9	28.2	28.2	43.1	43.1	54.1	54.1	54.5	54.5	49.0	46.3	45.6	42.1	44.9	44.9	42.3	42.3	43.2	39.6	39.4	39.3	37.1	36.9	35.6	34.6	34.3	30.7	26.7	21.2	20.8	21.2	21.9	20.7
2018/01/24 15:09:26	49.0	26.5	26.5	43.0	43.0	53.4	53.4	53.6	53.6	47.2	43.9	45.5	41.5	46.1	43.9	42.0	40.6	40.7	40.1	38.1	37.8	36.4	36.6	34.2	34.1	33.2	29.4	24.6	20.5	20.7	21.0	21.8	20.7
2018/01/24 15:09:27	49.3	27.5	27.5	44.3	44.3	54.7	54.7	54.3	54.3	48.3	46.0	43.4	41.6	44.8	45.5	42.0	40.7	40.5	40.0	39.0	38.2	36.6	36.9	34.7	35.0	34.0	30.0	25.3	20.7	20.6	21.1	22.0	20.7
2018/01/24 15:09:28	48.3	26.9	26.9	45.2	45.2	54.2	54.2	52.9	52.9	47.4	45.5	44.2	41.2	45.8	44.4	40.4	39.8	38.6	37.7	38.2	36.8	36.9	36.2	33.5	33.7	33.1	29.4	24.8	20.6	20.5	20.9	21.9	20.6
2018/01/24 15:09:29	48.4	28.0	28.0	42.7	42.7	54.2	54.2	55.9	55.9	49.3	44.5	44.2	40.9	43.5	43.3	38.8	39.0	38.5	38.2	39.0	37.4	36.7	36.0	33.9	34.1	34.1	32.0	31.4	28.6	22.4	23.4	23.4	22.6
2018/01/24 15:09:30	49.0	29.5	29.5	44.8	44.8	55.3	55.3	55.1	55.1	47.1	45.1	45.8	41.7	43.6	43.4	41.0	39.2	38.9	38.9	39.2	37.6	36.5	38.0	36.0	35.6	35.3	31.9	28.4	24.7	21.4	22.2	22.7	21.5
2018/01/24 15:09:31	48.0	27.0	27.0	45.2	45.2	53.5	53.5	52.9	52.9	47.7	47.5	47.3	41.0	43.3	43.2	40.3	39.3	38.1	37.9	38.3	36.5	36.2	35.9	33.8	33.5	32.7	28.8	25.2	20.5	20.7	21.1	22.0	20.6
2018/01/24 15:09:32	47.9	26.5	26.5	43.1	43.1	53.1	53.1	53.1	53.1	46.0	46.1	46.0	40.6	44.8	43.5	38.5	39.4	38.0	37.7	38.2	36.6	36.2	36.3	33.2	33.9	32.2	29.5	25.1	21.0	20.5	21.0	21.9	20.7
2018/01/24 15:09:33	48.2	26.6	26.6	45.1	45.1	53.3	53.3	52.7	52.7	46.6	47.1	46.9	41.3	44.0	43.5	40.0	40.7	39.2	37.9	37.7	36.7	35.9	35.5	33.7	34.3	33.5	29.4	25.3	20.6	20.5	20.9	21.9	20.9
2018/01/24 15:09:34	49.1	27.9	27.9	44.6	44.6	53.1	53.1	52.6	52.6	47.0	47.6	48.5	42.1	44.7	45.1	41.4	39.9	39.7	37.8	39.3	37.7	37.0	37.5	35.7	34.9	34.0	30.8	25.3	20.8	20.8	20.9	22.0	20.7
2018/01/24 15:09:35	48.6	26.4	26.4	43.5	43.5	53.2	53.2	53.4	53.4	47.0	45.7	46.7	39.7	44.4	44.2	38.2	41.4	41.3	38.7	38.8	36.6	35.8	35.9	33.8	34.4	33.1	30.1	24.5	20.6	20.7	20.9	21.9	20.4
2018/01/24 15:09:36	49.7	28.4	28.4	46.4	46.4	55.5	55.5	55.1	55.1	47.6	45.5	46.0	41.0	43.6	42.9	39.3	41.1	41.7	39.7	39.4	38.2	37.0	36.8	35.6	38.3	36.5	35.4	31.3	27.4	25.7	24.5	24.5	23.0
2018/01/24 15:09:37	47.8	28.1	28.1	45.2	45.2	53.3	53.3	51.6	51.6	47.7	46.2	45.0	38.7	43.1	43.3	40.1	38.8	40.0	37.6	37.8	36.3	35.3	36.0	33.2	33.6	32.8	29.1	25.0	20.7	20.8	21.1	21.9	20.5
2018/01/24 15:09:38	47.4	26.4	26.4	43.9	43.9	53.2	53.2	52.1	52.1	48.2	46.0	43.7	39.6	42.3	42.7	38.6	38.6	38.2	36.6	37.7	36.0	35.7	36.2	33.0	33.5	32.7	29.7	24.7	20.6	20.7	20.9	22.0	20.6
2018/01/24 15:09:39	47.7	25.0	25.0	42.0	42.0	51.4	51.4	51.9	51.9	47.4	45.1	44.7	39.5	43.8	42.0	39.9	39.4	38.2	38.0	37.4	35.7	36.2	35.8	33.6	34.1	33.3	30.3	26.2	21.9	21.3	21.4	22.3	21.2
2018/01/24 15:09:40	47.7	25.0	25.0	42.1	42.1	51.1	51.1	51.7	51.7	47.9	45.9	43.7	39.9	43.4	42.8	41.4	38.5	38.3	37.3	38.6	36.1	35.4	35.4	33.0	33.7	32.8	29.5	25.7	21.2	21.3	21.1	22.0	20.9
2018/01/24 15:09:41	48.9	25.7	25.7	41.2	41.2	50.0	50.0	50.3	50.3	47.5	45.9	45.4	40.1	44.6	43.7	41.6	38.9	41.1	39.3	39.9	37.5	37.2	36.7	33.7	34.4	33.3	30.6	25.5	20.8	20.9	21.0	22.0	20.8
2018/01/24 15:09:42	49.2	26.9	26.9	43.3	43.3	53.0	53.0	52.0	52.0	47.8	45.5	44.9	40.6	44.8	45.1	40.4	39.8	40.6	39.7	39.1	38.7	36.9	37.6	35.5	34.6	33.6	31.0	26.6	21.0	20.7	21.0	21.9	20.5
2018/01/24 15:09:43	51.1	24.7	24.7	43.4	43.4	52.4	52.4	52.7	52.7	52.6	49.9	45.8	38.8	45.2	44.3	42.9	43.6	42.8	41.1	41.4	40.0	39.4	39.4	38.0	37.1	35.5	32.3	28.8	21.7	20.8	20.9	21.7	20.7
2018/01/24 15:09:44	55.3	27.7	27.7	47.4	47.4	56.4	56.4	54.5	54.5	49.9	49.7	47.1	42.6	50.1	46.4	44.4	46.2	45.8	45.7	46.9	46.1	46.1	43.3	40.3	40.3	38.2	37.4	34.0	25.1	21.6	21.5	22.0	20.9
2018/01/24 15:09:45	56.8	32.3	32.3	49.6	49.6	60.4	60.4	59.4	59.4	52.4	52.2	48.6	45.7	52.2	47.7	47.1	46.7	46.8	48.7	48.3	46.4	46.3	44.8	43.0	42.6	41.7	41.0	35.8	27.5	22.8	21.9	22.3	21.2
2018/01/24 15:09:46	67.7	29.9	29.9	48.3	48.3	54.4	54.4	54.0	54.0	55.5	53.4	51.6	50.2	57.6	57.1	56.4	59.7	59.4	56.4	58.0	58.3	57.6	57.0	55.6	54.8	52.7	51.6	46.5	37.5	30.8	26.5	27.3	24.2
2018/01/24 15:09:47	72.0	39.8	39.8	55.3	55.3	59.2	59.2	60.3	60.3	60.4	59.2	57.2	55.4	65.2	62.8	60.0	61.9	63.1	61.0	62.4	61.0	60.1	60.7	60.6	61.1	59.3	58.2	54.1	44.3	37.5	33.9	36.2	31.1
2018/01/24 15:09:48	63.1	37.2	37.2	53.9	53.9	57.3	57.3	55.4	55.4	53.2	53.0	52.5	47.7	58.6	56.9	50.3	54.5	54.2	53.8	56.3	52.9	51.3	48.9	47.5	47.9	48.2	48.2	44.8	35.5	30.6	26.8	26.4	23.0
2018/01/24 15:09:49	56.4	32.4	32.4	49.3	49.3	58.4	58.4	56.0	56.0	47.5	47.5	49.5	42.0	48.5	48.0	44.7	45.7	46.6	46.0	48.9	47.8	45.5	44.0	42.7	42.5	42.4	40.6	35.3	27.4	23.1	21.3	22.1	20.9
2018/01/24 15:09:50	54.6	31.0	31.0	48.8	48.8	58.4	58.4	56.8	56.8	49.4	46.4	49.4	43.7	47.0	47.3	45.5	45.3	45.0	44.0	46.2	46.1	43.8	42.0	40.3	40.3	39.4	37.9	32.1	24.7	21.6	21.2	21.9	20.9
2018/01/24 15:09:51	56.9	25.0	25.0	41.3	41.3	51.2	51.2	51.0	51.0	47.6	45.8	48.8	42.8	46.0	46.5	43.0	44.3	44.9	48.2	51.2	49.0	46.5	44.8	41.4	39.9	39.3	36.8	30.8	25.4	21.6	21.2	22.1	20.7
2018/01/24 15:09:52	56.7	26.0	26.0	41.1	41.1	52.0	52.0	53.6	53.6	49.8	47.1	47.0	43.7	46.3	45.8	43.1	45.9	45.3	45.2	50.3	48.6	47.4	45.4	42.4	41.1	41.2	39.0	32.6	26.8	22.1	21.3	22.2	20.7
2018/01/24 15:09:53	57.2	25.9	25.9	43.3	43.3	53.6	53.6	54.8	54.8	49.1	45.4	44.2	42.9	45.6	47.2	44.1	47.7	46.6	46.6	49.2	48.9	47.7	46.1	42.6	42.9	43.2	41.4	35.5	28.1	23.2	21.7	22.2	20.8
2018/01/24 15:09:54	60.3	32.0	32.0	45.6	45.6	57.1	57.1	57.4	57.4	49.8	47.7	48.8	46.5	48.8	49.4	47.7	54.9	50.0	50.7	51.2	50.4	48.0	48.7	47.8	46.6	47.7	45.9	39.8	32.2	26.8	24.0	23.4	21.4
2018/01/24 15:09:55	60.1	33.8	33.8	49.2	49.2	60.3	60.3	59.3	59.3	50.5	47.8	49.3	46.5	51.2	50.8	50.8	55.5	51.3	50.1	50.5	49.2	48.0	48.5	46.2	46.3	45.7	44.8	40.0	31.8	26.1	23.8	23.3	21.8
2018/01/24 15:09:56	56.7	30.7	30.7	46.8	46.8	56.9	56.9	56.3	56.3	49.3	47.2	46.9	42.5	47.3	47.8	45.4	47.9	46.9	47.6	46.6	47.7	47.4	45.3	42.7	43.0	42.0	40.6	36.0	27.2	22.6	21.7	22.4	21.0
2018/01/24 15:09:57	54.8	28.3	28.3	44.1	44.1	55.7	55.7	57.0	57.0	52.3	47.5	45.7	42.8	48.3	46.0	44.4	44.8	44.7	45.1	46.2	45.0	44.4	43.3	41.6	41.6	40.8	38.6	33.1	25.6	21.8	21.5	22.1	20.8
2018/01/24 15:09:58	57.0	26.7	26.7	44.5	44.5	54.7	54.7	56.1	56.1	52.2	49.2	45.0	42.7	49.5	48.9	47.0	45.8	46.4	47.2	48.3	46.8	46.7	46.9	43.3	44.4	43.8	41.0	36.0	27.4	22.0	21.4	22.0	20.8
2018/01/24 15:09:59	65.7	28.3	28.3	46.2	46.2	54.7	54.7	57.0	57.0	56.1	53.2	53.2	50.6	55.7	54.8	51.7	53.0	53.7	55.3	57.3	55.5	54.9	55.8	54.1	54.5	53.1	50.1	45.8	38.9	30.8	26.1	26.1	24.2
2018/01/24 15:10:00	71.8	33.4	33.4	53.1	53.1	62.8	62.8	62.8	62.8	59.9	56.8	55.0	53.5	62.5	61.1	59.0	58.1	60.2	61.5	62.1	60.5	59.1	61.5	60.5	62.0	61.2	58.6	54.0	47.6	40.8	35.5	33.3	31.7
2018/01/24 15:10:01	65.5	30.3	30.3	47.4	47.4	55.1	55.1	53.7	53.7	51.7	51.3	51.2	44.5	53.3	56.5	54.2	53.2	56.1	55.7	59.3	56.8	53.9	51.9	51.4	52.9	51.6	49.6	44.0	37.2	31.4	25.9	24.2	22.5
2018/01/24 15:10:02	67.8	33.0	33.0	50.0	50.0	59.0	59.0	58.4	58.4	57.6	54.0	53.2	51.5	54.7	56.1	53.8	57.8	57.7	58.1	59.8	59.1	58.8	55.3	54.9	53.7	53.6	52.1	45.5	37.9	32.1	27.1	26.8	25.6
2018/01/24 15:10:03	70.2	43.5	43.5	60.6	60.6	71.6	71.6	70.2	70.2	60.7	57.4	54.9	53.9	58.9	58.3	58.8	58.2	61.0	61.1	63.8	58.9	58.3	58.3	56.8	57.1	57.5	56.8	50.7	43.2	36.8	33.6	32.0	29.4
2018/01/24 15:10:04	63.3	36.1	36.1	52.7	52.7	63.8	63.8	62.7	62.7	53.1	48.9	48.6	44.5	51.8	50.9	48.6	51.6	54.2	53.0	56.9	54.8	52.9	50.9	48.5	49.9	50.0	46.8	42.1	33.5	27.3	24.4	23.8	21.3
2018/01/24 15:10:05	65.5	28.9	28.9	46.0	46.0	54.3	54.3	55.5	55.5	51.5	50.1	50.5	45.7	53.7	50.8	51.0	49.7	51.7	54.6	57.3	53.8	56.6	54.5	54.2	55.4	53.9	51.8	47.2	37.2	31.4	30.6	30.9	25.0
2018/01/24 15:10:06	70.4	34.6	34.6	52.6	52.6	60.7	60.7	60.0	60.0	53.2	50.7	48.7	47.2	54.3	54.3	56.2	54.6	61.2	60.5	62.1	60.1	60.1	59.3	58.2	57.5	58.4	58.2	53.8	44.9	37.1	34.8	33.8	30.8
2018/01/24 15:10:07	66.9	29.9	29.9	47.9	47.9	57.9	57.9	56.6	56.6	50.9	52.5	47.5	44.4	52.8	57.2	52.5	54.2	58.2	56.6	58.4	57.3	56.2	55.0	53.1	54.5	55.4	54.2	48.7	40.3	33.4	30.5	29.2	25.9
2018/01/24 15:10:08	58.8	28.0	28.0	46.1	46.1	55.7	55.7	54.6	54.6	48.3	48.5	46.1	40.7	46.2	47.5	44.2	44.4	45.3	47.7	51.8	50.0	48.6	47.5	45.5	46.9	47.4	43.9	38.3	29.5	23.6	21.8	22.1	20.7
2018/01/24 15:10:09	56.8	26.8	26.8	42.8	42.8	53.5	53.5	54.0	54.0	48.4	46.6	44.3	38.5	44.2	44.9	41.7	43.6	44.4	46.1	49.8	48.4	46.0	45.3	43.4	44.7	44.4	41.3	36.0	26.7	22.2	21.3	22.1	20.5
2018/01/24 15:10:10	59.6	27.0	27.0	42.4	42.4	53.1	53.1	54.1	54.1	49.2	48.1	46.4	42.7	44.5	43.9	42.8	43.0	44.5	47.3	54.2	52.0	51.5	48.8	44.5	42.4	40.9	38.4	32.0	24.3	21.5	21.2	21.9	20.8
2018/01/24 15:10:11	51.0	25.4	25.4	40.8	40.8	50.3	50.3	51.4	51.4	48.7	46.2	43.6	38.0	43.0	42.9	40.1	40.0	39.7	40.4	43.1	42.2	41.3	40.4	36.6	36.7	35.7	34.6	28.7	23.1	21.3	21.0	22.1	20.6
2018/01/24 15:10:12	49.0	25.3	25.3	41.7	41.7	51.4	51.4	51.9	51.9	47.7	46.3	43.0	40.4	43.0	42.8	38.9	38.4	38.9	40.4	40.7	39.2	37.4	36.4	34.2	35.2	34.7	32.4	27.7	22.7	20.7	21.1	21.9	20.7
2018/01/24 15:10:13	48.4	24.4	24.4	41.6	41.6	50.2	50.2	50.0	50.0	46.5	44.5	42.4	38.5	43.5	41.7	40.2	39.7	38.8	37.9	39.2	38.2	37.0	37.2	33.6	34.4	34.0	32.4	27.8	22.5	20.9	20.9	21.8	20.7
2018/01/24 15:10:14	56.4	27.3	27.3	43.6	43.6	52.6	52.6	51.4	51.4	47.6	45.0	43.7	40.0	43.4	43.9	43.9	45.0	45.1	43.4	42.6	43.5	44.5	42.6	45.0	47.7	46.8	47.8	39.9	37.9	28.8	24.4	22.8	21.0
2018/01/24 15:10:15	57.0	27.0	27.0	42.9	42.9	51.2	51.2	51.4	51.4	48.3	47.1	46.2	42.5	44.8	44.9	42.6	44.9	46.4	47.3	45.4	42.8	42.0	43.7	45.0	47.0	47.1	49.1	40.5	38.5	29.2	25.3	23.2	21.1
2018/01/24 15:10:16	54.6	26.4	26.4	43.4	43.4	52.3	52.3	52.6	52.6	50.5	50.0	46.9	41.5	45.6	46.1	41.8	42.9	49.0	47.3	43.6	42.4	41.5	39.5	42.4	42.6	42.0	39.9	34.4	26.8	22.3	21.3	22.2	20.9
2018/01/24 15:10:17	51.9	24.6	24.6	39.7	39.7	49.0	49.0	49.4	49.4	47.5	47.3	46.0	41.1	43.9	43.2	40.2	41.8	45.9	44.0	39.3	39.3	39.0	38.9	42.1	39.8	38.2	35.5	29.8	24.1	21.7	21.2	21.9	20.7
2018/01/24 15:10:18	51.7	25.5	25.5	43.0	43.0	50.6	50.6	49.2	49.2	47.2	46.3	44.3	40.7	45.3	42.8	40.8	41.3	45.1	41.0	41.2	39.6	39.5	38.3	41.7	40.6	38.0	35.8	30.7	24.2	21.9	20.8	21.9	20.8
2018/01/24 15:10:19	51.2	25.5	25.5	43.3	43.3	52.2	52.2	50.7	50.7	45.0	45.0	43.6	40.3	44.1	44.0	42.0	42.3	45.4	40.8	40.6	39.5	38.7	38.6	39.8	38.6	37.0	34.7	30.2	23.7	21.6	21.2	22.1	20.6
2018/01/24 15:10:20	51.0	28.4	28.4	44.0	44.0	52.7	52.7	52.7	52.7	52.0	49.4	45.4	41.9	45.3	44.4	39.7	41.2	45.1	41.1	41.0	38.6	38.0	37.4	39.5	38.3	37.2	34.2	29.5	23.2	21.5	21.0	21.9	20.7
2018/01/24 15:10:21	51.2	27.6	27.6	46.2	46.2	55.3	55.3	55.0	55.0	52.1	49.3	47.1	42.8	44.1	44.0	41.1	41.5	45.4	41.6	40.6	39.5	38.0	37.6	39.2	38.1	37.1	34.7	29.7	24.1	21.6	21.3	22.2	20.8
2018/01/24 15:10:22	51.1	29.0	29.0	45.8	45.8	53.5	53.5	54.1	54.1	52.0	48.5	46.9	39.5	44.0	44.4	39.0	41.9	46.0	40.6	39.5	38.7	38.1	38.0	39.2	38.5	37.2	35.2	30.4	24.1	21.5	21.3	22.2	20.9
2018/01/24 15:10:23	50.9	27.3	27.3	42.8	42.8	53.2	53.2	54.0	54.0	50.9	48.2	43.5	41.4	44.0	44.0	40.8	41.1	45.6	40.8	40.0	39.6	37.7	38.2	38.0	37.6	36.4	35.1	30.2	24.1	21.7	21.1	21.9	20.5
2018/01/24 15:10:24	50.4	24.8	24.8	41.5	41.5	50.0	50.0	49.9	49.9	48.5	46.9	44.4	40.6	43.7	42.7	40.6	40.6	44.4	41.4	39.8	38.6	38.0	37.6	37.7	37.4	37.1	35.5	30.5	24.3	21.7	21.8	22.2	20.9
2018/01/24 15:10:25	50.3	25.6	25.6	43.9	43.9	51.0	51.0	49.3	49.3	49.4	47.1	44.6	39.2	42.9	43.3	40.5	40.7	44.9	40.6	39.6	38.1	37.4	37.4	37.7	37.6	36.7	35.1	29.7	24.0	21.7	21.3	22.0	20.7
2018/01/24 15:10:26	50.4	25.7	25.7	44.9	44.9	54.1	54.1	53.8	53.8	48.6	47.5	45.1	38.3	43.9	43.8	40.5	40.2	45.8	40.1	38.7	37.9	37.1	37.4	37.1	37.5	36.7	34.8	29.5	24.0	21.5	21.7	22.4	21.1
2018/01/24 15:10:27	49.9	26.0	26.0	43.3	43.3	51.9	51.9	50.9	50.9	46.6	45.3	44.0	39.7	42.6	42.4	41.9	41.8	44.0	40.3	39.1	38.5	36.8	37.1	37.3	37.1	35.9	34.1	28.6	23.6	21.5	21.2	22.1	20.8
2018/01/24 15:10:28	50.3	26.0	26.0	44.5	44.5	52.8	52.8	51.5	51.5	46.2	45.4	43.3	39.4	44.0	43.4	40.9	41.5	42.8	40.0	39.3	38.6	37.8	37.4	37.5	38.1	38.5	36.3	31.4	24.1	21.5	21.1	22.0	20.8
2018/01/24 15:10:29	50.3	24.8	24.8	44.6	44.6	52.3	52.3	50.7	50.7	46.4	47.1	43.8	40.8	44.3	42.8	41.8	41.9	41.9	40.1	39.5	38.9	38.7	37.7	38.0	38.0	37.5	35.7	31.4	23.8	21.6	21.4	21.9	20.8
2018/01/24 15:10:30	49.8	24.7	24.7	42.2	42.2	50.5	50.5	50.1	50.1	48.4	46.6	43.7	40.5	43.6	42.4	40.7	41.1	41.7	39.4	38.9	38.4	38.3	37.5	37.4	37.6	36.8	35.6	31.4	24.5	21.6	21.3	22.1	20.6
2018/01/24 15:10:31	49.5	24.8	24.8	41.9	41.9	51.1	51.1	51.4	51.4	48.7	48.1	44.5	39.3	42.7	42.2	41.1	40.6	42.6	39.5	39.0	38.1	37.6	37.0	36.0	36.2	35.6	34.7	29.9	23.6	21.2	21.5	21.8	20.7
2018/01/24 15:10:32	50.0	24.9	24.9	42.0	42.0	50.6	50.6	49.9	49.9	47.4	46.2	43.9	38.1	42.6	42.6	41.4	41.9	43.7	39.8	38.7	38.6	38.3	38.0	37.2	37.1	36.0	34.7	29.9	23.4	21.3	21.1	22.0	20.6
2018/01/24 15:10:33	51.2	25.8	25.8	45.0	45.0	53.0	53.0	51.6	51.6	48.1	47.1	44.8	37.9	42.9	43.0	40.6	42.2	43.9	41.4	39.8	40.2	39.8	40.0	38.9	39.2	37.9	36.4	31.6	24.4	21.5	21.3	21.8	20.7
2018/01/24 15:10:34	53.5	24.5	24.5	41.8	41.8	50.4	50.4	49.7	49.7	45.4	45.0	45.6	40.5	43.8	42.6	41.3	43.4	44.9	42.3	42.9	42.5	43.8	43.3	42.4	41.9	39.8	37.5	32.6	24.8	21.4	21.2	22.0	20.7
2018/01/24 15:10:35	57.2	25.3	25.3	44.3	44.3	53.0	53.0	52.1	52.1	47.8	46.3	46.0	41.1	46.2	46.5	43.8	44.5	45.0	45.8	47.8	48.2	48.6	47.1	46.0	44.9	43.5	40.2	33.8	26.0	22.2	21.4	22.1	20.7
2018/01/24 15:10:36	57.1	26.4	26.4	43.5	43.5	51.8	51.8	50.3	50.3	46.4	45.2	44.9	40.9	46.3	46.4	45.1	46.0	45.7	45.1	45.2	46.9	48.1	47.6	46.8	45.7	44.2	41.5	35.3	27.5	22.9	21.6	22.1	20.7
2018/01/24 15:10:37	61.1	25.8	25.8	44.3	44.3	53.4	53.4	52.9	52.9	49.6	47.6	49.1	42.1	47.3	47.0	47.7	49.4	49.0	48.6	51.3	51.9	51.8	50.8	50.2	50.6	48.3	45.5	39.5	31.5	26.3	23.6	22.6	21.0
2018/01/24 15:10:38	63.0	27.7	27.7	50.4	50.4	57.8	57.8	54.9	54.9	50.6	50.3	50.9	48.0	54.2	52.7	49.1	53.8	53.8	52.4	52.4	53.1	51.7	51.9	52.3	51.3	50.5	48.6	43.6	37.2	32.2	30.1	27.5	25.0
2018/01/24 15:10:39	59.4	27.6	27.6	43.9	43.9	51.9	51.9	51.2	51.2	49.1	47.7	47.3	43.0	51.5	50.9	47.7	49.0	50.5	50.2	50.1	50.0	48.6	47.7	47.6	46.8	45.9	43.0	40.2	32.8	27.9	25.6	24.3	22.8
2018/01/24 15:10:40	57.1	26.4	26.4	43.7	43.7	51.9	51.9	50.8	50.8	48.4	47.8	45.0	42.7	48.4	48.1	45.7	44.9	47.3	46.9	49.1	49.0	49.3	45.2	42.4	40.6	39.6	38.4	34.5	26.6	22.5	21.5	22.3	20.7
2018/01/24 15:10:41	56.0	25.4	25.4	38.5	38.5	47.1	47.1	50.2	50.2	49.2	49.0	49.2	39.9	45.9	47.9	43.7	44.4	45.8	46.3	47.4	48.3	47.4	43.4	42.0	40.9	39.8	38.9	34.5	26.5	23.1	21.7	21.8	20.6
2018/01/24 15:10:42	54.0	25.7	25.7	40.8	40.8	50.4	50.4	51.1	51.1	48.0	47.3	49.8	41.5	47.7	48.2	43.7	46.4	45.1	43.2	45.5	43.2	41.2	40.5	40.9	41.0	40.4	39.4	35.9	28.9	24.7	22.3	22.4	20.7
2018/01/24 15:10:43	55.2	23.9	23.9	41.7	41.7	50.4	50.4	48.9	48.9	46.1	46.7	45.8	41.5	46.0	46.4	45.8	49.3	47.1	44.0	44.6	46.5	43.0	41.7	41.4	41.9	42.4	40.0	36.0	30.0	25.4	22.5	22.5	20.7
2018/01/24 15:10:44	52.7	25.2	25.2	41.4	41.4	49.0	49.0	47.6	47.6	47.7	47.5	47.3	41.3	44.8	47.3	44.9	44.9	43.3	43.7	42.4	43.0	40.6	39.7	38.2	39.2	38.7	36.9	32.4	28.0	23.4	21.6	22.2	20.8
2018/01/24 15:10:45	51.3	25.2	25.2	40.9	40.9	50.4	50.4	51.7	51.7	49.3	47.7	46.4	41.8	45.3	46.0	42.0	42.5	42.5	42.1	42.1	41.1	38.6	38.7	36.7	37.3	37.4	35.4	30.1	25.3	22.0	21.3	22.0	20.7
2018/01/24 15:10:46	49.3	24.4	24.4	43.0	43.0	51.1	51.1	51.3	51.3	48.4	45.6	43.7	39.1	43.3	43.1	40.3	40.8	40.7	40.8	39.9	38.4	37.6	37.0	34.6	35.6	35.2	33.5	28.3	22.8	20.9	21.1	22.0	20.7
2018/01/24 15:10:47	49.5	24.9	24.9	41.0	41.0	49.3	49.3	49.2	49.2	46.8	44.8	43.0	38.8	43.6	43.5	40.0	41.0	40.4	40.8	39.9	38.6	38.6	37.2	34.7	35.5	35.4	33.9	28.6	23.0	20.8	20.9	22.0	20.7
2018/01/24 15:10:48	48.6	24.9	24.9	39.3	39.3	47.6	47.6	47.5	47.5	46.7	44.7	43.4	38.2	43.0	42.4	39.9	39.8	40.0	39.4	39.0	38.1	36.8	36.3	34.9	35.1	35.0	32.4	27.6	22.6	20.8	21.0	21.7	20.7
2018/01/24 15:10:49	48.7	25.6	25.6	42.3	42.3	51.2	51.2	49.7	49.7	45.5	44.1	43.1	38.4	43.1	43.1	40.5	39.3	39.8	39.4	38.9	38.4	37.2	36.5	34.8	34.7	35.3	32.9	28.0	22.6	20.7	21.1	21.9	20.6
2018/01/24 15:10:50	49.0	25.4	25.4	40.9	40.9	49.5	49.5	50.2	50.2	46.1	44.1	43.9	38.8	43.0	43.3	41.5	40.2	40.0	40.0	38.7	38.2	36.9	36.7	35.3	35.3	35.8	32.6	27.7	22.7	21.0	21.1	21.8	20.7
2018/01/24 15:10:51	48.7	24.3	24.3	41.1	41.1	49.9	49.9	50.6	50.6	47.8	45.2	44.2	40.0	42.9	42.1	40.9	40.2	39.8	39.5	39.0	37.7	36.9	36.6	34.4	35.0	35.1	32.8	27.6	22.5	21.1	21.2	21.8	20.6
2018/01/24 15:10:52	49.0	24.2	24.2	41.1	41.1	49.8	49.8	50.2	50.2	48.5	45.9	43.3	39.5	44.7	43.2	42.3	40.4	39.6	39.2	38.8	38.4	36.7	36.3	35.0	35.3	35.3	32.9	28.0	22.7	21.1	21.2	22.1	20.6
2018/01/24 15:10:53	49.2	25.5	25.5	43.0	43.0	51.2	51.2	50.7	50.7	47.7	45.9	45.0	38.1	44.6	44.0	41.1	41.1	39.9	39.3	39.3	38.6	36.7	36.7	35.6	34.8	35.4	33.0	28.2	22.5	21.1	21.1	21.9	20.5
2018/01/24 15:10:54	49.6	24.8	24.8	41.3	41.3	49.6	49.6	49.9	49.9	47.5	48.2	47.5	38.2	44.0	42.8	41.5	41.4	40.5	39.2	40.1	39.1	37.6	37.4	36.4	35.9	35.9	33.4	28.2	22.8	20.9	20.8	22.1	20.6
2018/01/24 15:10:55	50.4	24.7	24.7	41.0	41.0	50.1	50.1	51.0	51.0	48.0	44.8	46.1	39.9	44.4	43.9	41.8	42.4	40.7	41.2	40.9	39.5	39.4	37.8	35.6	36.6	36.6	35.2	29.7	23.1	21.1	21.1	21.9	20.8
2018/01/24 15:10:56	51.4	25.5	25.5	41.7	41.7	51.5	51.5	52.6	52.6	49.0	45.0	44.3	40.8	44.6	44.9	43.4	45.1	43.4	42.1	41.0	40.9	40.1	38.6	37.1	37.6	37.0	34.3	30.1	23.9	21.3	21.1	21.9	20.7
2018/01/24 15:10:57	51.4	26.1	26.1	42.6	42.6	51.5	51.5	51.0	51.0	48.6	46.8	45.4	41.5	46.3	43.2	42.4	44.4	42.5	42.9	42.2	40.2	40.4	38.4	36.2	37.4	36.7	34.4	29.2	23.2	21.5	21.3	21.9	20.7
2018/01/24 15:10:58	51.3	25.5	25.5	42.9	42.9	52.9	52.9	54.2	54.2	51.3	47.9	45.5	40.8	46.2	44.0	42.5	42.2	42.8	41.8	41.4	40.8	40.3	38.9	37.4	37.7	37.8	34.9	30.0	23.5	21.2	21.0	22.0	20.6
2018/01/24 15:10:59	51.6	25.3	25.3	44.2	44.2	53.2	53.2	53.8	53.8	49.4	44.8	43.2	40.7	46.5	45.9	41.8	42.8	44.0	42.3	41.8	41.1	40.2	38.6	37.5	37.8	37.3	35.5	29.9	23.5	21.4	21.1	22.0	20.6
2018/01/24 15:11:00	53.3	28.2	28.2	43.6	43.6	54.3	54.3	55.2	55.2	51.0	47.8	45.7	40.2	46.7	45.1	43.4	44.1	44.1	44.9	45.8	42.2	41.4	40.0	39.9	40.2	38.8	37.9	32.3	24.8	21.7	21.1	22.1	20.3
2018/01/24 15:11:01	54.8	29.8	29.8	45.5	45.5	57.1	57.1	57.5	57.5	51.4	49.1	49.4	41.8	47.4	47.7	44.5	45.0	45.2	43.4	46.5	43.8	42.7	41.4	42.6	43.3	42.3	40.3	35.1	27.3	22.5	21.4	21.9	20.8
2018/01/24 15:11:02	57.8	28.0	28.0	44.7	44.7	56.0	56.0	56.3	56.3	49.1	48.3	47.9	42.6	49.2	49.5	48.2	48.3	47.7	45.7	48.4	47.9	47.1	45.6	45.5	46.1	46.1	43.5	38.8	29.8	24.0	21.8	22.5	20.9
2018/01/24 15:11:03	61.2	26.2	26.2	43.2	43.2	54.2	54.2	55.4	55.4	51.1	51.8	49.8	43.3	50.3	49.5	48.6	51.2	49.8	48.5	50.4	51.4	52.7	49.3	48.5	49.2	51.0	47.6	43.0	33.1	26.1	23.3	23.5	21.7
2018/01/24 15:11:04	70.3	28.6	28.6	48.4	48.4	58.1	58.1	62.8	62.8	61.3	56.4	54.0	50.6	57.1	57.4	58.7	63.2	61.8	59.7	58.7	57.9	59.9	60.6	57.0	58.0	59.0	56.5	51.8	42.2	34.8	30.8	32.4	31.2
2018/01/24 15:11:05	72.7	33.4	33.4	50.7	50.7	60.4	60.4	62.1	62.1	61.2	58.0	58.5	56.1	62.5	60.6	57.9	60.7	61.8	61.2	63.9	62.0	60.5	61.0	59.6	61.8	64.0	60.2	55.9	47.2	40.3	37.0	37.2	35.3
2018/01/24 15:11:06	77.4	38.1	38.1	54.3	54.3	63.2	63.2	66.9	66.9	69.1	62.6	58.2	56.8	60.5	65.3	64.1	66.3	67.1	63.9	66.6	66.8	66.1	66.3	65.6	67.7	68.1	64.0	61.2	52.6	44.7	40.3	38.5	37.5
2018/01/24 15:11:07	73.5	32.9	32.9	50.1	50.1	61.3	61.3	65.8	65.8	64.9	57.1	52.6	53.0	58.8	62.2	60.6	61.8	62.2	61.7	63.9	63.9	61.9	61.2	60.5	62.8	65.0	60.2	55.9	48.2	41.3	35.5	33.5	31.8
2018/01/24 15:11:08	76.5	35.3	35.3	52.4	52.4	64.0	64.0	67.6	67.6	66.2	62.3	60.8	57.4	69.6	63.9	64.7	66.5	66.7	66.7	67.0	67.1	65.7	64.2	64.4	64.4	64.5	63.3	58.6	51.5	44.7	40.1	39.2	35.8
2018/01/24 15:11:09	76.1	31.1	31.1	50.4	50.4	59.5	59.5	64.6	64.6	66.7	65.1	60.9	55.0	61.1	62.0	63.2	65.5	65.8	65.1	66.6	66.2	65.4	65.0	64.5	64.5	64.4	63.2	58.4	52.6	45.1	42.1	40.0	36.5
2018/01/24 15:11:10	66.5	31.2	31.2	48.9	48.9	58.2	58.2	60.0	60.0	58.9	59.3	55.8	46.8	55.3	54.3	55.6	56.8	55.1	56.2	58.2	56.7	55.6	55.6	53.9	54.2	54.1	52.8	47.9	42.2	34.3	29.3	26.8	23.7
2018/01/24 15:11:11	64.2	30.3	30.3	46.0	46.0	57.4	57.4	59.7	59.7	55.2	56.2	58.2	44.9	55.5	54.7	52.6	52.6	52.3	53.1	55.3	57.1	53.3	51.3	50.0	51.0	52.1	50.8	46.4	40.2	32.5	28.1	29.7	29.0
2018/01/24 15:11:12	63.2	27.5	27.5	45.0	45.0	54.5	54.5	56.3	56.3	51.1	49.0	56.1	46.0	50.3	54.7	48.5	52.1	49.8	51.6	53.9	56.2	53.8	51.8	48.2	49.5	50.3	49.8	45.5	40.2	33.5	31.8	36.1	34.1
2018/01/24 15:11:13	57.4	25.3	25.3	44.9	44.9	53.4	53.4	52.5	52.5	49.2	46.6	55.5	45.8	45.6	51.6	45.2	47.5	47.8	46.6	49.2	48.6	46.7	44.0	43.2	43.3	44.1	42.7	37.4	31.1	25.6	24.2	25.9	24.8
2018/01/24 15:11:14	53.4	26.9	26.9	44.8	44.8	53.2	53.2	52.7	52.7	50.0	47.5	53.6	44.0	45.5	44.8	42.8	44.6	42.4	42.6	44.0	43.3	42.8	42.2	40.8	39.9	39.4	37.1	32.1	25.9	22.6	21.9	22.9	21.4
2018/01/24 15:11:15	52.0	27.7	27.7	45.5	45.5	54.2	54.2	52.8	52.8	47.2	46.6	47.8	44.0	46.8	43.4	44.0	45.5	42.1	42.1	41.6	42.7	40.4	40.1	38.0	37.7	37.6	35.1	30.6	24.4	22.1	21.7	22.4	21.0
2018/01/24 15:11:16	52.5	28.3	28.3	43.7	43.7	53.2	53.2	52.7	52.7	48.5	48.1	46.6	41.3	46.2	45.3	44.5	43.8	42.8	42.2	44.3	44.2	41.5	40.3	37.0	36.6	36.8	34.6	29.2	24.0	21.7	21.3	22.2	21.1
2018/01/24 15:11:17	51.5	26.5	26.5	42.9	42.9	52.8	52.8	53.6	53.6	49.6	47.6	47.2	40.3	45.3	44.6	41.3	42.3	42.0	40.7	44.0	41.2	40.6	39.5	36.7	37.3	37.2	34.1	28.1	22.9	21.1	21.2	22.2	20.5
2018/01/24 15:11:18	50.9	26.1	26.1	42.8	42.8	52.2	52.2	52.5	52.5	49.1	45.8	46.8	42.3	44.3	43.6	42.5	41.6	41.5	40.7	42.6	41.6	39.6	38.1	36.1	36.7	37.2	34.9	29.8	24.8	21.9	21.4	22.2	20.9
2018/01/24 15:11:19	49.8	25.3	25.3	40.8	40.8	49.7	49.7	50.7	50.7	48.6	45.7	44.8	39.4	43.6	44.4	43.5	40.8	41.2	40.5	39.9	39.0	37.7	37.4	34.8	35.6	36.1	34.2	29.6	25.4	22.3	21.5	22.1	20.9
2018/01/24 15:11:20	50.5	25.4	25.4	42.6	42.6	49.8	49.8	50.3	50.3	49.5	46.5	45.1	41.6	44.4	44.2	43.2	43.4	41.8	40.7	40.1	39.0	37.1	37.7	35.7	36.7	37.9	37.2	32.0	29.8	23.2	21.9	22.5	21.0
2018/01/24 15:11:21	50.8	26.3	26.3	43.1	43.1	50.8	50.8	50.8	50.8	48.1	45.6	46.4	42.9	45.3	44.7	44.0	45.0	41.6	41.8	41.0	39.9	37.0	37.6	34.9	35.8	37.2	35.4	31.2	26.4	22.2	21.6	22.2	20.8
2018/01/24 15:11:22	50.0	26.8	26.8	44.3	44.3	51.7	51.7	50.7	50.7	48.6	45.7	44.6	41.8	44.1	44.0	43.9	41.7	41.2	40.1	40.1	39.1	37.2	37.7	35.1	36.2	36.8	34.8	31.9	25.4	22.2	21.5	22.3	20.8
2018/01/24 15:11:23	50.3	25.2	25.2	45.1	45.1	52.8	52.8	51.7	51.7	48.8	46.9	46.4	40.8	43.3	45.4	43.6	43.5	41.6	41.1	40.6	39.6	37.5	37.3	35.3	35.4	35.8	33.7	29.1	24.3	21.3	21.1	22.1	20.9
2018/01/24 15:11:24	50.4	25.4	25.4	41.4	41.4	50.4	50.4	50.5	50.5	48.8	46.4	44.9	42.0	45.2	45.2	43.2	43.8	41.8	41.2	40.8	40.1	37.2	36.8	35.1	35.2	36.1	34.3	29.6	24.8	21.3	21.6	22.2	20.7
2018/01/24 15:11:25	50.1	25.5	25.5	42.5	42.5	50.4	50.4	50.0	50.0	47.3	45.7	46.9	40.1	44.1	44.1	42.1	42.4	41.4	40.7	41.0	39.4	37.0	37.4	35.5	35.8	36.3	33.7	29.1	24.4	21.4	21.3	22.1	20.6
2018/01/24 15:11:26	49.5	27.0	27.0	45.0	45.0	52.8	52.8	51.0	51.0	48.2	45.3	45.4	40.5	44.2	44.3	41.1	42.2	41.3	40.1	38.8	38.8	36.9	36.8	35.0	35.2	36.0	34.0	29.3	24.0	21.4	21.1	22.1	20.7
2018/01/24 15:11:27	50.2	25.1	25.1	43.6	43.6	51.4	51.4	51.5	51.5	49.1	45.9	45.0	41.4	44.6	44.5	42.6	44.0	40.6	41.3	40.1	38.7	37.3	37.3	35.5	35.5	36.5	33.8	30.2	24.3	21.6	21.2	22.2	20.6
2018/01/24 15:11:28	49.8	27.1	27.1	42.9	42.9	50.1	50.1	50.0	50.0	47.7	45.9	45.4	40.6	44.2	43.0	42.5	43.2	40.7	40.6	39.9	38.5	37.1	37.4	35.0	35.7	36.4	34.3	30.2	24.6	21.3	21.3	22.3	20.7
2018/01/24 15:11:29	50.3	25.7	25.7	42.0	42.0	50.4	50.4	51.3	51.3	49.4	45.1	45.0	42.1	43.3	42.5	42.0	42.0	41.5	41.0	41.6	39.1	37.7	38.9	35.7	36.4	36.6	34.7	29.8	24.8	21.4	21.3	22.2	20.8
2018/01/24 15:11:30	49.8	25.1	25.1	41.0	41.0	50.3	50.3	50.1	50.1	48.2	46.5	44.3	40.0	44.3	43.4	41.8	42.8	40.4	40.1	40.6	39.0	36.1	37.3	35.6	36.0	36.8	34.7	30.4	25.1	21.5	21.3	22.3	20.8
2018/01/24 15:11:31	50.1	26.2	26.2	41.7	41.7	50.6	50.6	51.2	51.2	48.8	46.3	45.5	40.6	43.8	43.6	42.7	41.9	40.6	39.8	40.6	39.0	36.7	38.6	37.1	35.9	36.5	35.1	30.3	24.5	22.0	21.4	22.0	20.6
2018/01/24 15:11:32	50.1	26.3	26.3	43.2	43.2	52.1	52.1	51.6	51.6	48.6	46.0	47.3	39.5	43.4	42.6	41.3	42.8	40.6	40.6	40.3	39.1	37.0	38.5	36.5	36.4	36.8	34.7	30.8	25.8	21.9	21.5	22.1	20.8
2018/01/24 15:11:33	50.0	25.5	25.5	43.7	43.7	52.6	52.6	51.7	51.7	48.8	46.6	47.4	40.9	44.2	43.4	41.8	43.4	41.9	40.8	40.5	38.5	36.2	36.7	35.7	35.7	36.4	34.3	30.0	24.2	21.5	21.2	22.2	20.8
2018/01/24 15:11:34	50.3	27.6	27.6	43.9	43.9	52.7	52.7	53.3	53.3	49.0	47.3	51.2	40.9	44.9	44.0	41.5	42.0	41.5	40.4	41.3	38.2	37.1	38.8	35.7	36.3	36.5	34.0	29.3	24.4	21.7	21.4	22.0	20.8
2018/01/24 15:11:35	49.6	25.1	25.1	41.7	41.7	49.9	49.9	50.9	50.9	49.4	46.6	50.4	41.1	43.8	43.9	41.5	42.6	40.2	39.4	39.6	37.7	36.3	37.3	35.1	35.7	36.1	33.8	29.0	24.2	21.6	21.1	21.9	20.7
2018/01/24 15:11:36	49.7	23.5	23.5	42.3	42.3	51.6	51.6	50.9	50.9	48.9	47.1	45.2	40.7	42.7	43.6	42.0	41.6	40.5	40.1	40.6	38.0	37.2	36.8	35.2	35.9	36.9	34.2	29.6	24.3	21.4	20.8	22.0	20.8
2018/01/24 15:11:37	49.9	26.6	26.6	40.8	40.8	49.1	49.1	50.5	50.5	49.2	47.1	45.6	39.5	43.0	43.6	42.0	42.3	40.4	39.8	41.1	38.3	37.3	37.5	36.3	36.6	37.2	34.8	29.4	24.8	21.7	21.4	22.1	21.0
2018/01/24 15:11:38	51.2	24.9	24.9	43.0	43.0	52.0	52.0	52.0	52.0	49.1	46.5	46.9	41.2	43.6	43.1	41.8	42.7	41.0	41.5	41.9	40.0	39.6	40.6	38.3	38.5	38.2	35.2	30.2	25.4	21.8	21.6	22.4	20.7
2018/01/24 15:11:39	52.7	26.8	26.8	42.0	42.0	50.5	50.5	51.8	51.8	49.6	47.1	45.2	40.4	44.2	44.3	43.4	42.7	41.9	42.8	42.6	42.9	40.8	42.5	40.7	40.1	40.3	37.2	31.3	25.1	21.7	21.3	22.1	20.5
2018/01/24 15:11:40	52.6	25.2	25.2	42.1	42.1	50.2	50.2	50.0	50.0	46.0	44.6	45.0	40.0	44.2	45.4	43.0	42.7	41.2	41.3	42.3	41.1	41.5	42.5	41.3	40.8	40.6	37.8	31.4	25.3	21.7	21.4	22.1	20.8
2018/01/24 15:11:41	54.9	26.3	26.3	42.4	42.4	51.9	51.9	51.7	51.7	48.8	46.8	44.7	40.1	45.2	46.7	45.2	43.3	43.4	43.3	44.4	44.5	44.1	45.3	43.7	43.9	42.6	39.5	33.6	26.7	22.3	21.5	22.2	20.8
2018/01/24 15:11:42	57.6	24.5	24.5	41.4	41.4	50.5	50.5	51.1	51.1	49.4	46.4	45.5	42.4	45.5	48.3	46.3	46.8	48.0	45.9	47.3	47.8	47.3	46.8	46.3	46.5	45.4	42.9	36.3	29.1	24.8	22.6	22.7	21.2
2018/01/24 15:11:43	60.0	25.7	25.7	41.0	41.0	49.3	49.3	50.8	50.8	47.8	44.3	45.7	41.6	49.6	53.1	48.8	50.0	52.4	49.7	49.1	49.9	47.7	48.0	49.5	48.4	47.2	45.6	39.7	32.3	26.9	24.2	23.5	22.0
2018/01/24 15:11:44	57.5	25.0	25.0	42.3	42.3	50.6	50.6	50.4	50.4	49.5	45.9	46.0	42.1	47.4	51.6	47.9	49.2	49.1	46.8	47.3	47.0	46.7	46.5	45.6	45.3	43.6	41.2	36.0	28.9	24.4	22.7	22.8	21.5
2018/01/24 15:11:45	53.1	24.9	24.9	39.6	39.6	48.3	48.3	48.5	48.5	48.3	46.4	45.5	39.9	45.4	47.9	46.4	45.4	43.3	42.4	41.7	42.0	41.2	41.3	40.7	40.2	40.1	38.2	33.8	29.0	22.9	21.8	22.6	21.1
2018/01/24 15:11:46	52.4	24.7	24.7	40.5	40.5	49.1	49.1	50.7	50.7	50.7	47.4	45.9	41.3	45.1	45.5	42.7	42.5	41.4	40.7	42.3	41.1	40.7	41.2	39.1	39.5	41.3	40.5	36.6	32.5	25.9	23.2	23.4	22.0
2018/01/24 15:11:47	52.2	24.3	24.3	41.4	41.4	49.7	49.7	50.5	50.5	49.7	47.4	45.3	39.3	42.9	43.5	42.8	42.8	42.2	41.7	41.2	41.9	40.5	40.3	39.1	39.2	40.7	40.2	35.5	32.6	26.1	23.6	24.2	25.3
2018/01/24 15:11:48	51.8	24.0	24.0	42.5	42.5	50.9	50.9	51.0	51.0	48.3	46.3	45.3	43.2	43.3	42.1	40.5	40.9	40.5	41.7	40.4	40.6	39.2	38.7	38.4	39.1	41.7	41.9	38.4	31.6	24.6	22.4	23.0	21.4
2018/01/24 15:11:49	51.2	24.6	24.6	41.7	41.7	49.6	49.6	49.5	49.5	48.6	45.8	45.9	41.2	43.5	44.1	42.6	39.7	38.8	40.0	40.9	39.7	39.2	39.9	38.2	38.0	40.9	39.8	35.2	32.0	25.1	22.7	23.1	21.0
2018/01/24 15:11:50	50.8	26.0	26.0	41.4	41.4	49.9	49.9	49.4	49.4	47.9	47.5	46.3	41.4	44.2	43.4	40.2	40.7	39.6	40.2	40.9	38.8	37.5	39.7	37.4	37.8	40.2	39.1	34.1	31.3	23.7	22.5	23.1	21.0
2018/01/24 15:11:51	49.7	25.0	25.0	41.7	41.7	50.4	50.4	50.0	50.0	48.2	47.1	46.0	39.5	41.6	43.6	39.6	40.0	39.1	40.0	40.2	39.0	36.8	37.7	35.9	36.7	37.6	36.6	31.9	27.4	22.8	22.3	23.2	21.8
2018/01/24 15:11:52	51.1	25.5	25.5	42.7	42.7	51.9	51.9	51.8	51.8	49.3	47.4	46.4	40.6	42.4	42.9	40.6	39.6	40.6	41.0	38.9	36.9	36.3	38.3	37.0	39.0	43.5	40.8	35.7	30.1	25.8	24.1	24.1	22.2
2018/01/24 15:11:53	49.4	24.7	24.7	41.6	41.6	50.5	50.5	50.8	50.8	49.4	47.6	46.3	39.6	43.9	42.3	39.8	40.7	39.7	39.4	38.7	37.4	36.0	37.2	35.4	36.5	38.2	36.7	33.4	29.1	23.2	22.2	23.0	21.3
2018/01/24 15:11:54	49.4	25.4	25.4	43.0	43.0	51.9	51.9	51.8	51.8	48.7	48.3	45.7	39.9	43.5	42.6	40.9	41.5	38.7	39.2	39.7	37.5	35.4	37.0	35.6	36.6	37.8	36.2	32.2	28.4	22.9	21.7	22.7	20.9
2018/01/24 15:11:55	49.1	25.4	25.4	39.3	39.3	49.0	49.0	50.0	50.0	48.7	46.8	43.9	38.9	44.4	42.1	40.6	40.1	39.2	37.1	40.1	37.1	35.8	36.8	35.1	36.5	37.6	36.3	31.9	27.4	23.1	21.9	22.5	20.9
2018/01/24 15:11:56	50.0	25.8	25.8	41.1	41.1	51.8	51.8	52.7	52.7	48.8	48.5	45.2	41.3	47.3	42.1	40.6	41.7	39.0	38.5	38.9	37.6	35.9	37.1	35.8	37.6	38.3	39.7	35.5	29.0	25.1	22.8	23.2	21.5
2018/01/24 15:11:57	49.7	25.5	25.5	41.8	41.8	52.7	52.7	53.0	53.0	49.1	48.4	44.1	41.2	47.5	42.9	41.1	41.7	40.6	37.8	39.6	37.1	35.4	37.8	35.7	37.4	36.9	36.4	31.6	27.2	22.6	21.4	22.2	20.9
2018/01/24 15:11:58	50.0	28.2	28.2	44.5	44.5	54.9	54.9	54.1	54.1	48.9	46.5	44.7	40.7	46.3	43.0	43.0	41.9	41.2	38.1	39.7	37.5	36.2	38.1	35.3	37.5	37.3	37.7	32.7	28.1	23.5	21.8	22.4	21.1
2018/01/24 15:11:59	49.9	25.3	25.3	43.8	43.8	53.1	53.1	51.7	51.7	46.4	45.3	47.6	42.1	45.4	43.1	40.1	41.6	39.5	39.8	39.3	37.7	36.5	38.9	36.2	38.4	37.9	35.7	30.8	27.4	22.7	21.4	22.0	20.6
2018/01/24 15:12:00	50.5	25.7	25.7	43.3	43.3	52.0	52.0	50.8	50.8	49.3	48.0	48.1	42.1	45.5	43.6	40.6	43.3	41.3	39.7	39.8	37.3	36.9	39.2	36.7	38.5	38.2	36.3	31.4	27.8	22.4	21.6	22.1	20.9
2018/01/24 15:12:01	50.6	27.9	27.9	43.9	43.9	53.7	53.7	51.9	51.9	47.8	46.9	47.1	41.1	43.9	43.3	40.7	44.9	40.3	41.0	40.7	36.9	36.9	38.2	36.8	38.1	38.8	37.3	33.1	28.7	23.2	21.9	22.7	21.2
2018/01/24 15:12:02	51.3	27.6	27.6	45.7	45.7	55.5	55.5	54.8	54.8	47.7	45.6	47.3	40.8	43.5	42.4	44.3	45.5	41.7	41.5	39.8	37.6	37.0	38.2	37.1	38.6	40.4	39.3	34.6	31.4	26.6	22.9	23.5	21.9
2018/01/24 15:12:03	51.8	24.7	24.7	40.9	40.9	50.4	50.4	50.5	50.5	50.0	47.4	45.1	41.9	45.1	46.4	45.3	44.7	40.7	39.9	39.1	38.9	38.1	39.9	38.1	39.1	41.4	40.4	36.2	32.0	25.3	22.7	23.1	21.3
2018/01/24 15:12:04	51.5	25.5	25.5	43.4	43.4	51.1	51.1	49.9	49.9	48.3	47.1	44.4	42.2	45.0	45.6	43.6	43.7	42.6	39.1	39.6	39.1	37.4	38.9	37.6	38.2	41.0	40.4	35.2	32.0	25.7	22.9	23.2	21.0
2018/01/24 15:12:05	50.6	25.0	25.0	40.1	40.1	49.4	49.4	50.8	50.8	50.5	45.7	43.5	42.1	42.4	41.8	40.7	40.4	40.7	39.7	40.4	38.4	36.8	39.2	36.8	38.4	40.5	39.6	35.1	31.6	24.9	22.5	23.0	21.3
2018/01/24 15:12:06	49.6	24.7	24.7	41.6	41.6	49.1	49.1	49.9	49.9	50.1	46.9	44.5	40.6	40.1	42.3	39.9	40.7	39.8	38.8	38.9	37.7	36.1	37.5	36.1	37.2	39.1	37.6	34.1	28.6	23.5	22.1	22.7	21.1
2018/01/24 15:12:07	49.3	25.4	25.4	41.6	41.6	50.1	50.1	49.5	49.5	47.4	46.3	45.1	41.0	42.2	42.6	38.8	39.6	38.9	37.9	39.4	36.6	36.2	37.4	36.1	36.9	38.8	37.4	33.4	28.3	23.8	21.9	22.9	21.2
2018/01/24 15:12:08	51.3	24.4	24.4	43.0	43.0	51.2	51.2	51.5	51.5	48.2	45.8	43.6	40.3	43.4	42.4	38.4	40.1	39.9	40.1	38.7	36.8	35.5	37.2	37.2	38.2	44.4	42.5	38.3	33.4	25.7	24.3	23.4	22.3
2018/01/24 15:12:09	49.8	24.3	24.3	40.8	40.8	49.8	49.8	51.6	51.6	49.7	46.7	44.9	40.5	42.8	42.1	39.8	41.7	39.6	40.2	38.5	37.1	36.1	37.5	36.5	39.4	38.6	36.7	32.0	27.4	22.5	21.4	22.4	21.0
2018/01/24 15:12:10	52.9	28.0	28.0	45.2	45.2	53.1	53.1	51.9	51.9	47.7	45.4	44.0	40.5	42.8	43.0	40.7	41.8	41.1	41.0	40.4	38.0	37.7	39.0	38.6	41.6	44.4	44.6	42.0	36.5	33.4	29.0	28.7	27.3
2018/01/24 15:12:11	51.2	24.3	24.3	40.6	40.6	49.9	49.9	51.0	51.0	49.3	46.8	44.8	42.3	42.8	42.2	40.1	40.5	39.9	39.6	40.7	38.2	38.3	38.8	37.6	40.2	41.9	40.2	36.0	31.1	26.0	23.8	24.2	23.5
2018/01/24 15:12:12	52.1	26.9	26.9	43.3	43.3	53.6	53.6	53.9	53.9	51.3	46.2	44.5	41.1	42.8	43.1	41.6	42.5	40.5	40.0	41.1	38.8	39.3	39.9	39.3	41.5	43.3	40.7	36.0	30.1	24.0	22.3	22.7	21.1
2018/01/24 15:12:13	55.5	28.7	28.7	45.6	45.6	54.9	54.9	53.1	53.1	48.6	46.3	46.3	44.0	43.7	43.8	41.8	42.5	43.0	43.7	44.0	43.4	43.6	43.9	42.3	46.6	47.2	42.9	37.2	31.2	24.6	22.4	22.8	21.1
2018/01/24 15:12:14	55.6	29.8	29.8	46.7	46.7	57.1	57.1	56.5	56.5	50.5	49.0	48.3	44.4	45.2	45.5	43.3	42.3	43.9	44.5	43.6	44.1	42.7	45.1	43.4	45.9	46.5	43.2	38.1	31.2	24.7	22.4	22.6	20.9
2018/01/24 15:12:15	53.0	28.4	28.4	46.3	46.3	56.5	56.5	55.7	55.7	50.0	46.6	45.8	40.8	43.3	44.2	42.9	42.0	41.8	42.8	42.0	41.1	40.1	40.8	39.3	42.1	43.2	41.7	37.6	33.6	30.1	25.8	28.8	25.6
2018/01/24 15:12:16	53.0	27.6	27.6	46.5	46.5	55.5	55.5	54.8	54.8	50.3	46.5	46.4	42.8	44.2	43.8	41.4	42.7	41.8	42.7	41.6	41.7	40.0	39.8	39.7	42.8	44.3	40.1	34.8	30.0	23.3	21.6	22.6	21.1
2018/01/24 15:12:17	53.4	27.4	27.4	44.4	44.4	54.4	54.4	54.5	54.5	50.3	48.0	45.2	42.2	44.3	45.1	42.5	43.3	42.8	43.9	42.7	41.4	40.4	40.5	39.3	43.2	44.0	40.4	34.4	29.2	23.1	21.9	22.5	21.0
2018/01/24 15:12:18	54.0	25.6	25.6	43.5	43.5	53.4	53.4	54.4	54.4	50.7	47.5	46.7	42.6	45.5	45.9	44.3	44.1	44.0	44.5	43.7	43.7	42.6	41.1	39.6	42.5	43.8	39.8	34.1	27.9	22.5	21.9	22.5	21.1
2018/01/24 15:12:19	54.9	26.1	26.1	43.0	43.0	53.2	53.2	54.5	54.5	50.2	46.3	45.9	40.9	45.9	45.7	43.6	44.4	44.7	45.7	46.5	44.1	44.3	42.8	41.2	42.2	43.1	40.7	35.2	31.2	24.2	22.4	23.1	21.3
2018/01/24 15:12:20	56.6	25.4	25.4	41.3	41.3	52.0	52.0	53.9	53.9	49.3	46.1	47.1	41.3	45.3	47.1	44.5	46.3	46.0	48.4	50.2	46.7	45.9	44.0	42.3	41.6	42.2	39.8	34.4	31.1	23.9	22.3	22.7	21.1
2018/01/24 15:12:21	58.0	27.0	27.0	44.5	44.5	53.8	53.8	53.0	53.0	47.9	44.8	45.9	43.0	46.0	47.3	45.6	48.4	47.6	48.8	49.6	48.7	47.9	46.7	45.2	44.5	44.1	42.2	36.5	32.4	24.0	22.5	22.8	20.7
2018/01/24 15:12:22	62.8	29.4	29.4	44.0	44.0	55.1	55.1	55.4	55.4	51.0	49.0	48.0	41.9	48.8	51.3	48.7	50.5	51.7	54.2	56.2	54.5	51.9	51.3	49.6	49.5	47.6	45.4	40.2	33.6	26.7	23.6	23.1	21.3
2018/01/24 15:12:23	65.6	33.7	33.7	49.3	49.3	60.9	60.9	60.1	60.1	50.0	48.3	48.3	45.3	51.4	50.8	48.7	54.4	57.9	57.5	58.6	55.5	53.4	54.0	53.8	52.1	50.5	49.2	43.4	38.7	32.1	29.4	28.5	26.3
2018/01/24 15:12:24	65.4	37.4	37.4	54.5	54.5	65.3	65.3	63.9	63.9	53.2	50.7	50.7	47.3	54.0	54.6	51.9	55.2	56.8	57.2	57.1	55.8	55.0	53.8	53.1	52.4	50.2	47.6	42.0	36.0	29.5	26.5	26.2	24.1
2018/01/24 15:12:25	63.4	32.2	32.2	55.1	55.1	62.7	62.7	59.2	59.2	49.6	45.8	48.9	48.5	54.8	53.5	52.2	53.5	54.7	54.8	55.4	54.2	50.7	51.4	51.7	49.3	48.8	46.7	42.0	36.7	31.3	28.6	28.6	26.8
2018/01/24 15:12:26	59.1	24.8	24.8	42.6	42.6	51.4	51.4	51.6	51.6	49.2	45.8	45.7	43.8	51.1	51.0	48.1	47.3	48.7	49.2	52.4	51.1	47.5	48.0	45.7	44.2	42.9	41.4	36.9	32.1	25.1	23.3	23.4	21.4
2018/01/24 15:12:27	57.1	27.3	27.3	45.8	45.8	54.6	54.6	53.4	53.4	49.9	46.8	45.5	42.5	49.2	47.7	44.1	44.6	44.3	44.3	49.8	50.0	47.9	45.8	43.2	41.3	41.0	40.3	35.7	31.1	24.5	22.6	23.2	21.1
2018/01/24 15:12:28	52.0	25.6	25.6	43.8	43.8	52.9	52.9	52.1	52.1	46.8	46.3	45.3	42.4	47.0	46.5	41.7	42.4	41.7	40.8	43.5	42.9	40.0	39.3	37.0	37.3	38.7	39.3	34.2	30.2	24.8	24.1	24.2	22.1
2018/01/24 15:12:29	51.1	26.5	26.5	44.1	44.1	52.8	52.8	51.8	51.8	47.6	45.8	45.0	42.3	44.8	43.9	42.1	43.4	40.7	41.5	40.8	40.3	38.3	38.2	37.1	37.5	39.2	38.8	34.1	31.2	24.9	23.1	23.4	21.9
2018/01/24 15:12:30	51.8	27.1	27.1	44.3	44.3	53.5	53.5	52.4	52.4	48.1	46.5	44.1	40.9	44.9	44.3	43.5	44.6	41.8	42.5	42.1	40.7	39.3	38.8	38.2	38.1	39.7	39.4	34.4	30.4	24.1	22.5	23.1	21.4
2018/01/24 15:12:31	49.8	26.3	26.3	42.8	42.8	51.9	51.9	52.1	52.1	47.3	46.0	44.5	41.0	45.2	44.1	41.3	41.5	40.6	40.2	40.4	38.7	36.7	35.7	34.6	34.9	37.3	36.2	32.5	28.8	23.3	22.2	22.8	21.3
2018/01/24 15:12:32	49.3	25.6	25.6	43.5	43.5	52.3	52.3	52.3	52.3	49.5	47.4	46.7	43.1	45.5	43.5	39.9	41.0	39.3	38.7	40.4	38.0	36.0	34.9	33.6	34.7	36.7	36.5	32.3	28.8	23.1	22.0	22.9	21.0
2018/01/24 15:12:33	52.0	28.9	28.9	45.7	45.7	55.2	55.2	56.0	56.0	51.7	48.3	46.8	42.2	44.4	42.8	39.4	41.1	38.0	40.0	41.9	38.0	36.5	38.6	38.0	42.1	43.1	42.4	37.7	32.6	26.5	23.5	23.8	22.6
2018/01/24 15:12:34	49.5	27.3	27.3	44.7	44.7	54.4	54.4	55.5	55.5	50.2	46.9	46.8	42.7	44.6	42.2	39.8	40.9	39.8	38.7	39.9	36.8	35.6	34.7	34.0	36.8	37.7	38.0	33.7	30.6	24.1	22.5	22.7	21.0
2018/01/24 15:12:35	49.2	26.1	26.1	41.8	41.8	51.5	51.5	51.4	51.4	46.5	46.4	47.2	42.1	45.0	42.7	41.5	42.1	40.2	38.1	37.1	37.3	35.3	34.0	33.0	36.8	36.5	38.4	32.8	29.9	23.6	22.1	22.8	20.9
2018/01/24 15:12:36	49.3	25.2	25.2	45.9	45.9	54.3	54.3	54.2	54.2	49.2	45.3	46.6	40.1	43.1	42.8	41.3	41.6	41.1	39.7	38.0	36.4	35.7	35.1	32.7	36.5	36.5	38.3	32.8	29.6	23.1	22.2	22.6	20.9
2018/01/24 15:12:37	49.4	26.0	26.0	42.3	42.3	51.1	51.1	51.2	51.2	49.2	46.4	46.0	41.5	44.9	45.0	40.4	42.5	40.8	40.4	39.6	36.6	35.6	35.0	32.7	33.3	35.3	37.2	32.1	28.0	23.1	21.9	22.5	20.9
2018/01/24 15:12:38	49.4	25.5	25.5	43.9	43.9	51.9	51.9	51.7	51.7	48.7	45.0	45.7	41.8	45.3	44.2	41.9	43.0	40.9	39.6	37.9	36.5	35.6	34.8	33.8	34.5	36.3	37.4	32.1	28.3	22.8	21.9	22.4	20.7
2018/01/24 15:12:39	50.7	27.1	27.1	41.3	41.3	50.7	50.7	51.1	51.1	47.7	45.2	45.2	40.9	47.1	45.8	41.5	43.2	42.8	42.0	40.3	38.5	37.8	37.0	35.2	36.3	36.6	36.8	31.5	25.8	22.1	21.8	22.7	21.3
2018/01/24 15:12:40	52.5	25.2	25.2	40.8	40.8	49.7	49.7	51.5	51.5	48.6	47.5	47.3	40.3	47.2	45.5	41.9	46.0	44.0	45.9	41.9	39.9	40.0	38.7	37.1	38.2	38.7	38.5	33.9	25.4	21.9	21.6	22.4	21.0
2018/01/24 15:12:41	55.4	29.7	29.7	43.6	43.6	51.1	51.1	52.0	52.0	51.2	49.3	47.0	43.0	53.0	49.7	44.6	49.6	47.0	46.7	44.4	44.0	40.9	40.5	39.5	41.6	42.2	41.6	36.7	28.3	23.3	23.4	22.6	21.2
2018/01/24 15:12:42	59.2	31.5	31.5	44.7	44.7	52.7	52.7	54.8	54.8	53.2	50.7	48.1	44.3	53.5	50.9	46.9	50.9	51.5	50.9	46.7	47.4	45.5	46.1	46.8	47.7	46.6	47.0	42.9	35.9	29.6	29.2	26.7	24.4
2018/01/24 15:12:43	56.8	26.6	26.6	43.2	43.2	52.1	52.1	53.6	53.6	49.7	47.3	47.0	47.1	52.5	48.3	46.2	48.9	50.6	49.0	46.5	44.1	41.7	43.1	42.2	44.3	43.3	43.3	40.1	32.6	26.8	25.5	24.0	22.6
2018/01/24 15:12:44	52.8	27.7	27.7	43.7	43.7	52.7	52.7	52.8	52.8	50.3	47.3	47.1	45.3	50.8	46.6	44.4	45.6	45.5	44.4	41.1	40.3	39.7	40.4	38.1	38.6	37.4	37.0	32.5	26.7	22.6	21.5	21.9	20.7
2018/01/24 15:12:45	52.0	25.7	25.7	42.5	42.5	52.6	52.6	53.3	53.3	49.3	47.8	47.0	44.1	47.7	46.4	44.8	43.7	43.6	42.5	41.2	41.7	40.9	39.6	37.0	37.0	36.7	35.6	31.4	24.5	21.5	21.4	22.0	20.7
2018/01/24 15:12:46	54.4	27.5	27.5	45.1	45.1	54.6	54.6	54.7	54.7	50.6	47.8	47.5	43.9	47.8	46.2	44.5	45.7	45.7	45.0	44.7	45.1	44.4	42.8	39.3	38.9	38.9	38.5	35.6	25.8	22.0	21.3	21.9	20.7
2018/01/24 15:12:47	57.9	28.4	28.4	46.8	46.8	54.4	54.4	53.7	53.7	51.7	50.3	48.7	42.9	51.1	54.2	47.5	51.2	49.7	48.5	46.3	47.5	46.8	44.6	42.8	43.6	44.5	43.0	38.9	30.8	22.9	21.6	22.3	20.8
2018/01/24 15:12:48	60.4	27.1	27.1	44.2	44.2	50.0	50.0	51.7	51.7	50.5	47.6	48.7	45.5	53.4	52.5	46.1	49.5	53.0	51.4	51.8	50.8	48.7	47.1	48.1	46.9	46.2	46.4	42.1	32.6	26.0	23.4	23.4	21.9
2018/01/24 15:12:49	54.5	26.5	26.5	42.5	42.5	49.9	49.9	51.1	51.1	48.2	46.7	46.3	44.5	50.3	49.7	45.7	46.2	48.2	44.9	42.8	45.2	42.6	41.5	38.8	39.0	37.6	38.5	35.1	27.3	23.1	22.2	22.5	21.3
2018/01/24 15:12:50	50.5	26.3	26.3	41.6	41.6	51.4	51.4	52.6	52.6	49.3	45.2	45.4	42.3	48.4	46.0	44.9	43.5	43.5	39.2	38.9	39.1	38.2	35.9	33.4	34.9	34.3	33.9	29.6	23.6	21.8	21.6	22.1	20.9
2018/01/24 15:12:51	50.0	23.9	23.9	42.4	42.4	52.3	52.3	52.9	52.9	48.5	44.7	46.9	44.0	48.8	45.8	42.4	42.6	41.8	39.7	39.4	39.1	37.1	35.7	32.8	34.4	33.5	33.6	28.9	23.6	21.4	21.4	22.1	21.1
2018/01/24 15:12:52	48.7	25.2	25.2	40.4	40.4	50.5	50.5	51.6	51.6	47.9	44.8	44.2	41.2	44.9	44.8	41.5	39.9	42.1	38.4	37.8	36.5	35.0	34.9	32.5	34.6	33.8	34.9	28.4	26.7	21.7	21.3	22.1	21.2
2018/01/24 15:12:53	49.2	25.2	25.2	40.4	40.4	50.2	50.2	50.7	50.7	47.3	43.7	45.1	41.8	44.5	44.1	42.8	41.1	40.3	37.8	37.9	38.2	36.9	36.0	33.2	34.9	34.7	36.9	31.6	30.2	23.9	23.2	23.1	22.1
2018/01/24 15:12:54	48.8	25.5	25.5	41.7	41.7	50.4	50.4	50.3	50.3	48.0	46.8	45.2	41.1	45.0	44.7	43.5	41.6	40.8	38.7	38.4	35.9	34.9	34.9	32.0	33.3	32.9	36.1	27.8	24.6	22.4	21.7	22.4	21.2
2018/01/24 15:12:55	49.9	26.1	26.1	43.6	43.6	52.1	52.1	50.5	50.5	47.8	46.1	45.2	42.3	46.8	46.9	43.7	42.8	42.7	40.4	37.4	36.8	36.1	36.9	32.8	34.9	34.4	34.4	28.2	26.4	21.5	21.1	22.1	20.8
2018/01/24 15:12:56	50.6	26.4	26.4	42.7	42.7	51.9	51.9	52.7	52.7	49.5	48.2	46.5	42.3	45.4	45.9	44.2	43.8	44.8	41.7	39.3	36.5	36.0	36.3	35.1	36.3	35.7	34.3	28.6	23.0	21.2	21.1	22.0	21.0
2018/01/24 15:12:57	52.6	26.3	26.3	42.2	42.2	52.0	52.0	53.9	53.9	51.5	48.0	46.1	43.2	47.9	46.7	44.1	44.4	44.9	43.6	42.4	40.1	39.9	38.1	39.1	40.5	39.6	38.0	31.3	24.6	21.4	21.2	22.2	20.8
2018/01/24 15:12:58	56.8	27.6	27.6	43.1	43.1	54.1	54.1	55.8	55.8	53.8	51.8	50.9	47.2	51.7	50.6	47.4	48.3	49.3	47.5	46.4	45.4	47.3	44.6	41.5	41.5	41.8	41.0	37.1	27.6	23.3	22.1	22.5	21.3
2018/01/24 15:12:59	68.1	31.9	31.9	53.4	53.4	60.5	60.5	58.9	58.9	62.2	57.4	51.9	50.8	61.7	55.8	56.2	55.2	56.8	56.5	56.2	56.3	55.3	56.2	56.4	58.4	57.9	58.1	52.2	44.5	38.0	36.1	33.7	30.1
2018/01/24 15:13:00	62.4	34.0	34.0	56.7	56.7	64.0	64.0	61.0	61.0	60.2	57.3	51.5	48.3	56.2	53.2	51.2	53.0	51.0	51.0	52.6	52.4	52.9	49.9	49.8	49.7	49.4	50.3	44.1	36.2	29.9	26.2	24.7	22.5
2018/01/24 15:13:01	60.9	29.7	29.7	52.6	52.6	60.4	60.4	58.4	58.4	57.8	56.6	54.1	53.1	58.0	56.1	50.6	52.0	54.3	52.2	48.5	49.2	50.1	48.5	46.5	46.1	45.4	44.3	39.0	30.7	24.8	23.0	23.0	21.7
2018/01/24 15:13:02	69.8	33.9	33.9	59.2	59.2	66.0	66.0	63.2	63.2	62.9	59.4	55.9	53.7	63.0	62.7	57.6	60.4	62.9	60.7	59.3	56.4	56.7	57.2	57.5	57.9	58.2	57.9	51.8	44.3	38.5	34.9	33.6	30.4
2018/01/24 15:13:03	63.3	28.3	28.3	54.5	54.5	61.2	61.2	56.7	56.7	56.8	55.0	52.8	49.2	59.2	58.5	50.9	55.8	53.4	53.5	54.2	55.0	52.4	50.2	48.3	47.4	46.7	46.2	42.5	33.7	28.9	25.4	25.6	23.1
2018/01/24 15:13:04	59.7	28.6	28.6	48.3	48.3	56.8	56.8	55.6	55.6	51.9	51.0	50.3	43.9	52.5	52.9	47.9	50.0	50.2	51.1	50.5	50.6	50.1	48.2	46.4	45.5	44.0	41.5	35.5	27.5	23.8	21.9	22.2	20.7
2018/01/24 15:13:05	67.8	29.6	29.6	50.0	50.0	59.4	59.4	60.0	60.0	57.5	53.9	53.2	48.9	56.5	60.1	61.8	59.5	61.1	55.8	55.2	57.9	57.9	56.3	54.8	55.5	53.5	51.5	45.0	36.2	30.2	26.3	25.2	23.4
