DataTime                     	dB(A)	16	20	25	31.5	40	50	63	80	100	125	160	200	250	315	400	500	630	800	1000	1250	1600	2000	2500	3150	4000	5000	6300	8000	10000	12500	16000	20000
2018/02/08 14:43:45	49.6	25.7	25.7	44.7	44.7	51.4	51.4	54.2	54.2	53.4	48.0	48.5	46.5	48.0	40.7	38.8	43.1	39.6	39.3	39.3	39.7	38.4	36.6	33.7	32.8	30.4	28.4	26.2	22.7	22.7	23.1	23.3	22.1
2018/02/08 14:43:46	50.2	25.1	25.1	41.7	41.7	50.8	50.8	52.3	52.3	49.1	44.6	45.9	43.9	45.1	40.8	40.9	41.7	40.8	39.7	41.4	40.9	40.1	39.2	36.1	34.4	33.3	30.3	26.9	23.2	23.0	23.2	23.4	21.9
2018/02/08 14:43:47	50.4	28.0	28.0	43.6	43.6	52.5	52.5	53.2	53.2	47.5	42.9	46.0	41.1	44.2	42.8	39.8	40.5	40.9	41.0	41.9	40.3	40.7	39.3	37.0	35.3	33.5	29.9	26.0	22.4	22.4	22.7	23.1	21.7
2018/02/08 14:43:48	50.5	28.2	28.2	44.1	44.1	53.5	53.5	53.0	53.0	47.2	42.9	45.7	41.6	44.5	43.7	40.9	40.7	40.1	42.3	42.4	41.5	40.4	38.0	36.1	34.2	31.9	27.1	23.6	21.5	21.9	22.3	22.8	21.5
2018/02/08 14:43:49	52.7	27.3	27.3	42.2	42.2	50.2	50.2	53.6	53.6	51.4	44.3	46.9	43.4	47.6	46.3	43.0	43.5	43.0	42.4	45.8	43.4	42.4	39.9	37.8	37.0	35.1	29.9	24.6	21.0	21.8	22.6	22.9	21.4
2018/02/08 14:43:50	51.7	28.6	28.6	44.8	44.8	51.3	51.3	55.0	55.0	53.2	42.8	46.3	41.6	45.0	45.5	43.4	42.1	41.0	41.2	42.7	41.9	41.1	40.6	39.1	37.0	34.9	33.9	30.8	22.1	22.1	22.8	23.0	21.4
2018/02/08 14:43:51	51.6	29.7	29.7	48.0	48.0	55.2	55.2	55.0	55.0	53.6	46.4	45.8	42.3	46.2	44.8	41.7	41.5	42.7	42.0	42.7	42.1	41.2	40.6	38.6	35.6	33.0	29.4	25.9	21.5	22.0	22.4	23.1	21.9
2018/02/08 14:43:52	52.2	29.5	29.5	47.4	47.4	55.9	55.9	54.6	54.6	50.4	46.3	46.8	40.9	47.3	46.6	42.0	42.7	43.1	42.5	42.4	42.7	41.5	40.6	39.3	37.2	35.4	32.9	36.5	23.2	22.1	22.7	22.8	21.4
2018/02/08 14:43:53	53.2	27.4	27.4	43.4	43.4	52.5	52.5	52.3	52.3	48.2	47.1	49.3	42.8	47.8	47.3	42.7	42.7	43.8	44.0	43.5	44.0	42.8	41.9	40.4	38.6	36.5	33.8	30.4	23.4	22.6	22.7	23.0	21.4
2018/02/08 14:43:54	58.5	29.5	29.5	44.9	44.9	53.8	53.8	54.8	54.8	52.1	47.1	49.8	44.4	51.4	49.1	46.5	44.8	47.8	47.6	50.9	50.4	50.3	47.3	44.4	41.9	42.3	40.9	36.2	29.3	24.8	22.9	23.1	21.4
2018/02/08 14:43:55	61.1	28.4	28.4	45.3	45.3	54.2	54.2	54.3	54.3	52.2	50.2	49.2	46.2	52.4	49.9	46.7	49.3	51.7	51.9	51.8	52.7	52.3	50.4	47.7	46.5	46.4	44.4	40.1	31.9	27.6	24.0	24.1	21.8
2018/02/08 14:43:56	66.0	30.5	30.5	46.1	46.1	55.3	55.3	55.6	55.6	53.7	49.9	52.3	49.1	56.0	52.8	50.8	54.1	55.4	56.5	56.8	57.0	57.0	55.2	53.4	53.3	52.5	50.3	44.6	38.0	35.8	30.1	27.3	23.4
2018/02/08 14:43:57	65.9	29.9	29.9	46.7	46.7	56.9	56.9	58.1	58.1	56.0	52.0	54.4	53.5	58.3	53.0	51.8	56.3	56.4	56.3	56.1	55.7	55.5	54.6	55.1	53.5	53.6	48.5	43.7	39.5	32.7	27.7	26.7	26.3
2018/02/08 14:43:58	60.8	26.6	26.6	47.1	47.1	56.3	56.3	57.3	57.3	54.6	50.1	51.9	51.6	54.6	50.1	48.7	52.5	51.9	52.6	53.5	50.8	50.6	48.3	47.2	45.0	43.9	42.3	40.0	29.6	25.1	24.0	23.6	21.7
2018/02/08 14:43:59	61.7	25.5	25.5	42.3	42.3	51.9	51.9	54.8	54.8	53.3	51.0	50.9	51.0	54.9	51.2	46.3	52.0	51.8	54.4	55.6	53.6	50.9	48.3	45.5	43.1	40.9	37.9	33.4	25.2	22.8	23.1	23.6	21.7
2018/02/08 14:44:00	56.4	26.4	26.4	42.9	42.9	52.4	52.4	55.2	55.2	52.9	47.9	48.4	47.6	51.0	47.7	45.0	47.6	47.4	48.2	48.0	48.1	46.7	43.5	41.4	39.5	37.6	33.3	27.8	23.9	21.9	23.0	23.5	21.5
2018/02/08 14:44:01	55.6	26.5	26.5	44.3	44.3	51.9	51.9	55.6	55.6	54.7	47.4	48.5	44.1	49.1	46.8	43.5	46.6	46.5	47.5	47.0	46.7	45.4	43.6	41.9	40.1	38.2	35.1	29.2	23.5	22.7	22.7	23.3	21.6
2018/02/08 14:44:02	58.6	25.9	25.9	44.4	44.4	54.5	54.5	56.1	56.1	50.9	47.1	49.3	45.3	51.4	49.6	46.1	47.6	49.5	50.7	50.1	50.9	48.4	46.2	44.5	42.9	41.3	39.4	33.1	25.6	22.6	22.8	23.1	21.3
2018/02/08 14:44:03	70.2	30.7	30.7	47.2	47.2	57.7	57.7	57.3	57.3	54.5	51.6	55.2	54.8	60.6	56.4	52.8	56.8	59.6	64.8	64.1	61.0	60.3	57.3	53.8	51.7	50.1	47.8	43.1	34.4	27.9	23.8	23.6	21.2
2018/02/08 14:44:04	73.3	29.0	29.0	46.2	46.2	58.8	58.8	60.6	60.6	58.6	56.8	57.6	56.3	63.6	60.5	60.1	63.1	64.8	65.1	65.1	64.9	64.0	61.8	60.0	57.9	56.8	53.7	47.8	42.1	36.9	31.4	29.4	28.9
2018/02/08 14:44:05	69.2	30.9	30.9	47.3	47.3	56.5	56.5	59.2	59.2	58.5	58.5	61.4	58.6	62.7	61.3	57.0	60.8	61.8	60.7	60.2	59.7	58.1	56.6	55.3	54.7	53.7	52.4	47.5	39.3	36.5	32.7	29.5	26.3
2018/02/08 14:44:06	78.0	39.6	39.6	51.9	51.9	58.7	58.7	66.5	66.5	65.2	62.7	69.4	62.6	64.2	64.6	63.1	62.8	62.7	65.2	67.6	68.4	65.7	67.0	66.6	68.2	68.4	66.1	61.3	57.9	56.8	51.6	50.9	47.3
2018/02/08 14:44:07	67.7	33.2	33.2	46.7	46.7	55.5	55.5	58.7	58.7	56.5	56.7	64.8	56.4	58.5	59.6	56.4	53.7	54.8	54.5	55.1	56.8	55.3	56.7	56.0	57.7	57.3	57.0	52.3	44.5	40.9	36.7	34.3	31.4
2018/02/08 14:44:08	60.9	29.8	29.8	43.9	43.9	55.1	55.1	56.6	56.6	51.2	50.5	60.5	54.3	55.7	54.6	56.2	51.1	50.7	49.2	50.9	51.0	47.5	48.6	46.7	46.6	47.4	46.9	42.1	35.1	29.1	25.5	24.3	21.7
2018/02/08 14:44:09	60.1	26.8	26.8	43.4	43.4	54.9	54.9	56.5	56.5	50.7	52.8	57.4	50.5	53.0	55.6	53.5	50.1	50.4	49.5	51.0	51.2	46.5	47.6	47.1	46.6	45.7	44.0	37.4	29.6	25.0	22.6	22.7	21.0
2018/02/08 14:44:10	57.1	28.8	28.8	44.2	44.2	56.2	56.2	59.1	59.1	55.1	51.5	54.0	47.5	51.4	51.4	50.7	48.1	48.7	47.8	48.4	47.6	44.5	43.7	42.5	41.3	40.7	38.4	32.2	25.7	23.5	23.0	23.0	21.8
2018/02/08 14:44:11	57.6	27.5	27.5	44.0	44.0	53.0	53.0	55.2	55.2	54.4	50.0	52.0	47.0	52.6	50.2	48.6	47.3	47.4	48.2	48.9	49.1	46.7	43.4	42.6	46.5	40.6	40.3	34.1	25.9	24.7	23.7	23.8	23.2
2018/02/08 14:44:12	55.1	25.8	25.8	44.6	44.6	52.7	52.7	54.9	54.9	54.8	49.2	51.0	45.9	48.0	46.4	44.9	45.2	44.3	46.6	47.7	46.1	43.9	42.1	42.2	39.7	39.8	34.9	31.0	25.5	23.7	23.0	23.1	21.9
2018/02/08 14:44:13	53.9	29.5	29.5	42.0	42.0	55.6	55.6	57.4	57.4	49.5	44.6	47.7	43.4	49.1	44.8	44.5	43.1	43.9	44.9	44.5	44.6	43.9	42.1	41.7	39.4	38.1	34.4	30.0	24.8	22.9	22.6	22.7	21.8
2018/02/08 14:44:14	53.9	29.3	29.3	41.5	41.5	56.2	56.2	58.8	58.8	52.8	45.8	51.2	44.6	48.2	46.8	44.9	43.8	43.8	44.2	44.1	44.3	43.3	43.1	41.5	39.1	37.4	33.8	26.9	21.3	21.3	21.5	22.3	20.6
2018/02/08 14:44:15	55.0	25.2	25.2	41.3	41.3	54.0	54.0	57.9	57.9	54.1	48.2	49.9	43.9	48.9	46.3	43.8	44.5	43.2	43.9	44.4	44.0	44.4	46.4	45.0	42.2	38.5	32.9	26.5	21.6	21.0	21.7	22.0	20.8
2018/02/08 14:44:16	53.6	29.0	29.0	42.6	42.6	56.1	56.1	60.0	60.0	54.5	46.8	47.8	44.4	48.7	45.7	43.1	42.6	42.9	42.7	43.7	44.4	43.4	42.4	41.4	41.3	37.7	30.2	23.8	21.0	20.6	21.5	22.2	20.8
2018/02/08 14:44:17	52.4	27.0	27.0	42.2	42.2	54.2	54.2	59.1	59.1	53.9	46.5	49.1	44.9	47.0	44.2	40.5	42.0	42.7	42.5	43.8	42.6	42.1	41.3	38.7	38.0	35.6	30.0	22.8	20.3	20.6	21.2	22.1	20.8
2018/02/08 14:44:18	52.7	28.8	28.8	44.8	44.8	55.2	55.2	58.2	58.2	53.5	46.6	49.2	42.6	48.6	44.8	41.0	42.4	42.9	43.7	43.1	42.9	42.6	42.0	39.7	37.2	35.5	30.6	22.6	20.2	20.3	21.2	22.1	20.8
2018/02/08 14:44:19	53.1	29.7	29.7	46.7	46.7	57.8	57.8	59.6	59.6	53.5	47.3	49.3	45.0	49.2	45.1	43.6	42.9	42.7	43.2	43.6	43.6	42.9	41.9	40.7	38.5	36.8	30.5	23.5	20.6	20.4	21.4	22.3	20.9
2018/02/08 14:44:20	53.3	27.1	27.1	45.9	45.9	56.4	56.4	60.3	60.3	57.4	47.2	50.6	42.2	51.2	46.4	44.3	42.1	42.5	43.4	43.2	43.2	43.1	41.8	39.6	38.8	36.4	30.9	22.7	22.6	20.5	21.4	22.2	20.6
2018/02/08 14:44:21	52.9	29.0	29.0	45.6	45.6	54.9	54.9	58.4	58.4	54.4	45.8	50.8	43.0	50.5	45.2	42.3	43.0	42.9	43.8	42.4	43.1	41.8	41.9	39.8	38.4	35.9	30.8	23.2	22.8	20.7	21.5	22.2	20.8
2018/02/08 14:44:22	52.5	27.8	27.8	41.7	41.7	53.5	53.5	58.8	58.8	55.9	48.0	49.9	41.1	50.1	44.7	41.1	42.2	41.3	42.5	42.9	42.5	42.0	41.1	39.4	37.8	35.4	35.3	22.5	20.5	20.3	21.0	22.1	20.7
2018/02/08 14:44:23	51.4	29.5	29.5	45.4	45.4	53.9	53.9	56.3	56.3	54.8	47.8	46.1	42.6	46.9	44.0	41.7	41.6	41.7	41.4	41.7	42.0	40.6	40.1	38.7	36.6	34.5	28.8	22.1	20.4	20.6	21.2	22.3	20.8
2018/02/08 14:44:24	50.8	28.3	28.3	45.6	45.6	52.6	52.6	52.5	52.5	49.5	45.5	46.7	40.1	45.1	43.4	40.5	41.3	40.4	40.4	41.7	41.2	41.3	39.8	38.9	36.1	33.5	27.7	22.0	19.9	20.7	21.3	22.2	20.9
2018/02/08 14:44:25	50.5	25.2	25.2	43.0	43.0	50.6	50.6	51.3	51.3	48.4	45.8	46.1	40.7	44.5	42.6	39.0	40.9	39.6	40.2	39.8	41.2	41.7	39.9	38.4	36.7	33.1	26.9	21.7	20.3	20.8	21.5	22.2	20.9
2018/02/08 14:44:26	51.6	28.1	28.1	43.3	43.3	54.9	54.9	55.8	55.8	49.1	43.6	45.0	41.3	47.9	44.3	41.2	41.6	41.4	41.6	40.9	41.2	41.3	41.3	39.5	37.5	37.5	34.5	30.6	24.1	22.1	21.7	22.0	20.9
2018/02/08 14:44:27	51.6	28.9	28.9	43.8	43.8	56.7	56.7	58.3	58.3	50.5	45.7	46.8	44.2	48.0	45.2	42.2	41.0	40.9	41.4	41.3	41.4	41.3	41.1	38.6	37.4	35.8	30.6	27.0	21.5	21.1	21.2	22.3	20.9
2018/02/08 14:44:28	51.9	27.8	27.8	43.5	43.5	54.3	54.3	57.7	57.7	53.8	50.2	49.0	43.1	49.0	44.7	42.9	41.9	41.4	41.5	40.9	40.8	41.9	41.5	39.2	37.5	36.1	31.1	27.6	21.5	21.2	21.4	22.2	21.0
2018/02/08 14:44:29	52.6	27.3	27.3	41.6	41.6	50.9	50.9	56.2	56.2	54.3	45.6	48.9	43.7	48.6	46.0	45.9	42.4	43.2	42.5	41.7	41.4	42.1	41.6	39.7	38.8	36.6	31.2	27.4	21.2	21.1	21.3	22.3	20.7
2018/02/08 14:44:30	52.9	27.0	27.0	42.6	42.6	51.0	51.0	59.2	59.2	59.2	49.6	48.9	43.4	51.6	45.5	43.2	42.0	42.1	43.3	42.0	41.8	42.0	40.9	40.0	39.2	37.6	31.0	26.6	23.7	20.7	21.2	21.9	20.9
2018/02/08 14:44:31	51.6	23.6	23.6	39.9	39.9	49.2	49.2	51.5	51.5	49.4	43.9	45.5	40.8	44.5	43.3	40.6	42.4	40.9	41.9	41.9	42.1	41.3	40.8	40.2	39.2	35.8	29.2	24.0	20.4	20.6	21.4	22.2	20.8
2018/02/08 14:44:32	51.7	26.9	26.9	42.8	42.8	50.9	50.9	51.4	51.4	48.4	44.8	45.4	44.3	45.9	42.5	40.6	41.8	41.5	41.7	42.8	42.2	41.7	41.6	39.4	37.9	35.0	29.4	23.1	20.2	20.2	21.2	22.0	20.7
2018/02/08 14:44:33	52.3	25.1	25.1	41.9	41.9	50.7	50.7	51.8	51.8	49.2	44.4	46.2	43.9	45.5	46.5	44.5	42.4	41.4	41.7	42.5	42.3	42.8	41.9	40.4	38.1	35.6	29.4	23.6	20.5	20.6	21.4	22.2	20.8
2018/02/08 14:44:34	51.9	25.7	25.7	41.5	41.5	50.4	50.4	51.6	51.6	47.6	44.7	46.6	40.9	43.4	44.3	42.4	41.8	40.5	41.1	42.5	42.6	42.7	41.5	40.0	39.1	35.2	29.5	23.5	20.1	20.7	21.4	22.1	20.8
2018/02/08 14:44:35	52.0	24.7	24.7	42.1	42.1	51.4	51.4	52.7	52.7	48.1	41.6	46.6	43.1	44.7	43.4	43.1	43.0	41.4	41.7	42.7	42.5	42.3	41.8	39.7	37.6	35.4	29.7	23.8	20.4	20.6	21.4	22.0	20.7
2018/02/08 14:44:36	53.3	26.1	26.1	41.4	41.4	50.9	50.9	51.8	51.8	47.5	43.9	45.5	42.0	44.8	44.1	40.2	41.5	41.2	42.5	44.9	45.2	44.7	43.0	40.9	38.2	35.6	31.9	26.3	22.3	21.0	21.3	21.9	20.6
2018/02/08 14:44:37	54.9	26.7	26.7	41.4	41.4	51.2	51.2	51.4	51.4	45.1	43.4	46.6	43.3	46.0	43.1	42.7	43.2	43.4	44.0	45.0	47.0	47.6	44.9	41.7	39.7	37.6	34.0	28.4	23.3	21.4	21.5	22.1	20.7
2018/02/08 14:44:38	61.2	24.3	24.3	41.6	41.6	51.0	51.0	51.5	51.5	47.3	48.1	51.9	48.9	51.3	46.7	45.3	46.1	48.1	52.0	54.6	53.8	53.3	49.1	46.5	44.7	43.1	40.6	35.5	28.7	23.2	22.3	22.4	20.9
2018/02/08 14:44:39	65.1	28.1	28.1	49.1	49.1	56.7	56.7	55.1	55.1	50.8	50.1	52.8	48.5	51.5	46.9	46.7	51.8	50.6	53.4	57.0	57.9	57.5	54.4	51.4	50.9	49.4	47.0	42.4	35.2	30.4	27.7	25.0	23.8
2018/02/08 14:44:40	69.7	28.9	28.9	56.7	56.7	62.4	62.4	58.6	58.6	54.1	52.5	54.9	52.7	55.7	51.5	53.9	58.0	57.6	61.0	61.6	61.2	60.8	59.0	56.8	56.9	55.7	52.5	46.5	42.3	40.3	35.4	33.9	30.9
2018/02/08 14:44:41	62.2	26.4	26.4	50.3	50.3	56.5	56.5	54.3	54.3	49.8	46.4	48.9	48.7	47.5	45.6	47.2	48.2	47.4	52.4	55.2	54.4	54.4	50.9	48.1	46.7	46.4	44.1	38.5	31.8	26.3	23.3	23.0	20.9
2018/02/08 14:44:42	57.9	26.9	26.9	43.7	43.7	53.1	53.1	53.2	53.2	50.2	47.6	50.1	46.0	47.9	43.5	44.3	46.2	46.7	48.4	50.9	51.3	48.1	45.3	43.2	41.5	41.0	37.8	31.9	26.2	21.5	21.5	22.1	20.8
2018/02/08 14:44:43	56.0	23.7	23.7	44.9	44.9	52.1	52.1	51.9	51.9	48.0	45.9	47.3	43.6	47.8	43.6	42.8	44.4	44.8	47.0	50.1	48.8	45.6	42.8	41.5	39.1	37.6	33.7	28.3	21.7	21.0	21.5	22.3	20.7
2018/02/08 14:44:44	53.7	25.3	25.3	44.4	44.4	51.5	51.5	52.1	52.1	47.2	43.2	47.6	43.5	44.2	41.5	42.4	43.0	43.4	43.9	46.2	45.9	44.1	42.2	40.4	38.6	35.5	29.1	23.4	20.4	20.3	21.2	22.2	20.8
2018/02/08 14:44:45	52.7	27.6	27.6	43.4	43.4	52.2	52.2	52.1	52.1	47.0	44.1	45.5	40.7	43.9	42.4	41.2	42.2	42.0	42.4	44.5	44.1	43.1	42.3	40.7	38.5	35.4	29.0	23.2	20.5	20.4	21.1	22.1	20.6
2018/02/08 14:44:46	52.5	26.3	26.3	43.0	43.0	50.3	50.3	52.1	52.1	49.0	43.7	44.4	38.3	44.0	41.9	40.2	43.8	42.7	42.7	44.6	43.7	42.3	42.0	40.3	37.8	35.3	29.5	22.9	20.4	20.3	20.9	21.9	20.6
2018/02/08 14:44:47	54.1	26.0	26.0	43.4	43.4	51.5	51.5	53.1	53.1	50.3	45.8	45.7	40.9	45.7	43.3	42.5	45.1	44.9	45.8	46.2	44.8	44.4	42.7	41.4	38.8	35.9	30.4	23.1	20.5	20.5	21.3	22.1	20.8
2018/02/08 14:44:48	53.7	27.1	27.1	41.4	41.4	50.8	50.8	53.1	53.1	51.7	46.1	45.1	39.7	45.8	42.8	42.5	45.3	45.1	44.6	45.7	44.8	43.6	42.2	40.5	37.9	34.9	29.9	23.3	20.7	20.8	21.4	22.3	20.7
2018/02/08 14:44:49	53.7	28.1	28.1	44.3	44.3	53.0	53.0	53.1	53.1	50.9	44.9	44.6	42.9	45.5	41.9	41.4	45.6	46.5	43.3	45.2	45.1	43.7	41.9	40.2	38.3	36.3	33.2	25.6	24.3	21.2	21.4	22.1	20.9
2018/02/08 14:44:50	54.4	26.9	26.9	42.3	42.3	50.8	50.8	52.3	52.3	51.6	45.9	44.9	42.1	45.0	41.5	43.4	44.9	48.4	44.3	45.6	46.2	44.1	42.4	40.9	37.9	36.8	33.7	28.5	22.1	20.8	21.3	21.8	20.9
2018/02/08 14:44:51	60.8	27.7	27.7	43.9	43.9	53.6	53.6	53.6	53.6	52.0	51.9	56.2	46.8	53.3	50.5	45.7	50.4	52.5	55.0	54.3	50.8	49.7	45.6	44.8	43.0	42.9	42.6	36.1	28.6	23.2	21.5	22.0	20.7
2018/02/08 14:44:52	64.1	27.1	27.1	45.0	45.0	53.6	53.6	52.9	52.9	47.5	47.1	50.8	44.0	53.4	49.0	47.1	53.9	56.0	55.6	56.3	57.1	54.5	50.8	49.7	47.9	47.7	45.8	39.8	32.2	26.9	22.7	22.7	20.9
2018/02/08 14:44:53	69.3	29.2	29.2	47.4	47.4	55.7	55.7	56.3	56.3	55.6	58.6	58.4	52.1	58.5	52.4	53.7	62.0	61.5	60.6	62.3	60.8	58.3	55.7	55.3	54.4	53.8	51.3	43.9	40.2	34.0	27.5	25.8	24.5
2018/02/08 14:44:54	64.5	27.1	27.1	44.9	44.9	54.7	54.7	59.2	59.2	58.2	57.6	55.5	52.8	55.9	49.1	50.7	56.9	55.2	56.7	56.8	56.2	53.0	51.6	51.7	48.9	47.5	44.7	39.8	31.8	26.7	23.3	22.8	21.1
2018/02/08 14:44:55	62.2	27.2	27.2	44.6	44.6	54.8	54.8	56.9	56.9	55.8	54.7	56.0	50.4	55.5	48.6	46.8	51.4	52.0	55.8	55.4	53.7	51.3	48.7	46.0	46.0	46.4	42.3	35.8	28.6	23.2	21.9	22.1	20.7
2018/02/08 14:44:56	53.5	26.4	26.4	42.5	42.5	52.4	52.4	52.9	52.9	48.3	47.4	47.3	41.3	44.9	41.3	42.8	45.5	45.1	44.5	45.7	43.9	44.1	42.1	39.5	36.4	34.6	30.3	24.7	21.3	20.7	21.4	22.1	20.9
2018/02/08 14:44:57	51.8	27.3	27.3	41.7	41.7	50.7	50.7	50.2	50.2	46.9	45.7	45.7	40.8	44.1	40.1	40.5	42.7	41.2	42.3	43.8	42.8	42.8	41.4	38.4	35.7	33.2	28.5	22.7	20.3	20.5	21.4	22.0	20.7
2018/02/08 14:44:58	55.4	26.4	26.4	41.6	41.6	50.9	50.9	51.2	51.2	48.7	49.5	50.4	41.5	45.3	42.6	41.5	43.7	45.6	49.4	46.6	47.1	44.5	43.5	42.4	39.4	38.2	33.0	27.4	21.3	21.0	21.5	22.1	21.1
2018/02/08 14:44:59	52.2	25.2	25.2	41.1	41.1	49.9	49.9	50.0	50.0	46.9	44.7	43.6	38.0	43.1	40.9	40.0	43.0	41.3	43.5	43.5	43.4	42.4	42.0	40.4	36.6	34.6	29.1	23.3	20.2	20.5	21.2	22.1	20.7
2018/02/08 14:45:00	52.0	25.1	25.1	40.6	40.6	50.4	50.4	50.8	50.8	47.8	45.1	44.6	39.2	43.9	40.7	39.1	42.0	40.4	42.7	44.6	43.7	42.5	41.1	38.8	35.9	33.2	28.2	22.2	20.4	20.7	21.2	22.1	20.7
2018/02/08 14:45:01	51.4	26.5	26.5	40.6	40.6	50.6	50.6	51.5	51.5	47.9	45.0	46.0	41.7	44.9	42.0	38.9	41.4	39.8	41.3	43.3	42.9	41.8	41.4	38.0	35.8	33.2	28.4	23.5	21.2	21.1	21.5	22.4	20.8
2018/02/08 14:45:02	51.1	27.1	27.1	41.0	41.0	50.2	50.2	51.9	51.9	48.9	43.5	46.8	40.7	43.8	42.0	38.4	40.0	40.0	41.6	42.1	42.2	41.8	41.6	37.8	35.8	33.5	30.1	24.3	20.4	20.5	21.2	22.2	20.8
2018/02/08 14:45:03	50.9	25.6	25.6	41.0	41.0	49.4	49.4	50.1	50.1	48.3	44.0	44.7	39.1	43.2	40.8	39.7	41.7	40.4	40.2	42.9	42.0	41.6	40.7	38.5	35.3	32.6	27.6	21.8	20.2	20.3	21.2	21.9	20.6
2018/02/08 14:45:04	50.5	27.0	27.0	42.6	42.6	51.7	51.7	50.7	50.7	46.7	44.0	45.6	38.7	43.4	40.4	38.7	40.2	40.0	40.1	41.5	42.2	41.3	40.3	38.1	35.6	33.0	28.6	22.7	26.2	20.7	21.6	22.1	20.6
2018/02/08 14:45:05	51.2	25.9	25.9	41.7	41.7	51.3	51.3	51.6	51.6	46.1	45.0	45.4	39.3	43.4	41.3	41.1	43.2	40.9	40.5	43.0	41.9	41.6	40.9	38.0	35.9	32.7	27.5	22.0	25.3	20.3	21.1	21.9	20.6
2018/02/08 14:45:06	51.1	24.6	24.6	41.6	41.6	51.1	51.1	51.9	51.9	49.2	45.9	43.9	42.6	46.0	41.8	40.0	42.0	41.6	39.9	42.6	41.8	41.9	40.3	37.9	35.4	33.0	29.3	24.0	25.7	20.8	21.6	22.0	20.9
2018/02/08 14:45:07	51.2	25.6	25.6	43.1	43.1	51.7	51.7	50.6	50.6	49.7	46.1	44.0	41.0	44.6	40.8	39.9	41.6	41.3	41.4	43.9	42.3	41.2	39.9	37.9	35.4	32.5	27.2	21.8	23.0	20.3	21.1	22.1	20.7
2018/02/08 14:45:08	50.6	26.7	26.7	42.3	42.3	50.6	50.6	50.8	50.8	47.5	46.9	45.9	40.5	43.4	41.1	40.4	40.1	40.6	40.1	42.1	41.9	41.1	40.0	37.9	35.6	32.9	27.6	21.9	20.4	20.1	21.1	21.9	20.5
2018/02/08 14:45:09	50.7	24.0	24.0	42.0	42.0	50.6	50.6	49.7	49.7	45.1	44.5	45.7	39.5	45.6	41.6	39.8	41.3	39.5	40.4	42.0	42.0	41.1	40.6	38.4	35.5	32.2	26.9	21.7	20.1	20.5	21.2	21.9	20.7
2018/02/08 14:45:10	51.1	28.1	28.1	43.6	43.6	52.2	52.2	53.0	53.0	47.5	44.4	44.7	39.2	44.4	40.6	39.3	42.0	41.3	41.1	43.1	42.2	41.3	40.5	38.5	35.9	32.7	27.5	21.7	20.1	20.2	21.2	22.0	20.6
2018/02/08 14:45:11	50.4	25.3	25.3	43.3	43.3	52.9	52.9	53.6	53.6	47.8	43.1	45.2	37.9	43.1	40.5	37.5	39.9	40.0	40.3	41.2	41.9	40.9	40.0	38.5	35.6	32.1	27.0	21.4	20.2	20.5	21.6	22.0	20.6
2018/02/08 14:45:12	50.2	26.0	26.0	40.5	40.5	49.8	49.8	51.0	51.0	47.2	45.2	45.6	39.6	43.8	40.4	38.2	40.8	40.2	39.7	41.6	40.7	40.7	39.9	38.1	35.5	32.3	27.1	22.0	19.8	20.2	21.0	21.9	20.7
2018/02/08 14:45:13	50.2	25.6	25.6	40.4	40.4	51.9	51.9	52.9	52.9	49.1	46.4	44.1	39.2	43.4	41.4	40.8	40.4	40.3	40.3	40.7	40.8	41.2	39.9	37.2	35.2	32.7	27.8	21.6	19.9	20.2	21.1	22.0	20.6
2018/02/08 14:45:14	50.3	26.8	26.8	38.2	38.2	50.2	50.2	51.6	51.6	46.4	43.9	44.8	38.6	41.5	40.9	42.0	40.8	39.2	40.0	41.5	41.8	41.3	39.7	37.1	35.0	31.6	26.5	21.4	20.1	20.4	21.5	22.2	20.7
2018/02/08 14:45:15	50.8	25.2	25.2	38.9	38.9	51.7	51.7	54.0	54.0	47.9	44.0	42.8	40.4	44.0	40.7	39.3	41.3	42.5	40.4	41.9	42.7	40.8	39.8	37.4	34.7	31.6	26.8	21.3	20.0	20.2	21.1	22.1	20.7
2018/02/08 14:45:16	50.5	24.8	24.8	39.7	39.7	48.9	48.9	51.5	51.5	46.9	46.0	45.6	37.3	44.3	40.6	40.3	41.9	40.7	40.1	42.1	41.6	40.8	39.7	37.7	34.7	31.7	26.5	21.6	20.0	20.4	21.2	22.2	20.6
2018/02/08 14:45:17	50.2	25.4	25.4	40.2	40.2	50.7	50.7	52.3	52.3	49.1	45.5	44.5	39.7	45.0	40.9	39.6	40.2	40.1	40.0	42.3	41.0	40.8	39.0	37.3	34.8	31.6	27.0	21.7	20.0	20.6	21.3	21.9	20.7
2018/02/08 14:45:18	50.2	26.8	26.8	41.0	41.0	51.2	51.2	52.6	52.6	49.1	45.6	43.4	41.2	45.0	40.4	38.1	40.0	39.9	39.1	41.3	40.5	40.9	40.5	37.6	36.9	31.7	27.4	21.9	20.1	20.4	21.3	22.1	20.6
2018/02/08 14:45:19	50.0	25.9	25.9	40.3	40.3	50.8	50.8	52.4	52.4	46.8	42.1	45.0	41.0	45.5	40.9	38.3	39.7	39.2	39.4	40.9	40.3	40.9	39.7	37.3	38.0	31.4	26.8	21.6	19.8	20.4	21.2	22.0	20.7
2018/02/08 14:45:20	50.8	27.7	27.7	43.1	43.1	51.3	51.3	51.6	51.6	51.3	47.2	43.6	40.2	45.0	41.5	39.1	39.8	39.6	40.3	41.5	42.3	41.9	40.4	37.7	36.8	32.3	27.0	21.9	20.0	20.8	21.3	22.1	20.7
2018/02/08 14:45:21	50.3	25.1	25.1	38.3	38.3	47.5	47.5	50.8	50.8	52.8	46.7	42.0	41.9	44.0	39.2	38.3	39.8	39.5	39.4	40.4	42.0	41.4	40.2	37.3	36.3	32.7	28.2	21.9	19.8	20.3	21.1	22.0	20.8
2018/02/08 14:45:22	50.2	28.8	28.8	39.9	39.9	50.5	50.5	55.3	55.3	54.2	45.4	44.5	40.3	42.7	40.3	38.7	40.3	39.9	39.2	40.6	40.8	41.2	39.9	37.8	34.9	32.3	28.5	22.9	20.2	20.3	21.1	22.1	20.7
2018/02/08 14:45:23	50.6	26.5	26.5	44.8	44.8	52.9	52.9	52.7	52.7	49.8	48.5	45.5	40.7	44.1	41.8	38.5	40.1	40.1	40.5	41.7	40.6	41.2	40.6	37.5	36.4	33.5	29.4	23.2	20.2	20.4	21.2	21.8	20.9
2018/02/08 14:45:24	51.9	26.2	26.2	46.1	46.1	53.2	53.2	53.4	53.4	52.8	49.6	46.7	41.9	44.4	43.5	40.5	40.3	41.8	41.6	43.2	42.9	42.4	41.1	38.7	37.5	35.3	31.3	24.9	20.6	20.7	21.0	22.0	20.9
2018/02/08 14:45:25	52.8	27.2	27.2	43.0	43.0	51.1	51.1	51.2	51.2	51.0	45.8	47.8	44.4	47.9	44.2	42.1	42.4	42.1	42.0	43.2	42.8	43.4	42.8	40.1	39.4	37.7	34.5	27.9	22.1	21.3	21.5	22.2	20.9
2018/02/08 14:45:26	54.0	26.5	26.5	43.6	43.6	53.1	53.1	52.7	52.7	46.2	45.8	50.6	46.0	46.7	46.0	43.5	42.1	43.5	44.3	44.8	43.8	45.2	42.9	41.2	39.9	39.0	36.9	31.5	24.2	21.2	21.9	22.1	20.9
2018/02/08 14:45:27	54.7	29.6	29.6	46.1	46.1	54.8	54.8	55.4	55.4	52.5	49.4	50.5	44.3	47.0	45.8	42.4	42.5	43.9	44.6	45.3	45.3	45.2	44.1	42.4	40.9	40.8	37.6	31.8	26.2	22.4	22.2	22.2	20.8
2018/02/08 14:45:28	55.0	30.5	30.5	44.1	44.1	54.8	54.8	55.0	55.0	50.5	48.6	47.1	44.2	48.7	46.5	44.0	44.8	44.9	45.2	45.4	47.2	45.5	43.3	42.2	40.0	38.4	36.2	30.5	24.6	21.8	21.8	22.1	20.8
2018/02/08 14:45:29	55.4	31.7	31.7	45.0	45.0	54.8	54.8	55.4	55.4	52.2	47.5	48.9	48.0	48.5	47.0	44.6	45.0	44.4	45.7	46.8	45.9	45.0	44.1	43.8	41.8	40.1	37.8	32.2	26.1	22.5	22.3	22.7	21.4
2018/02/08 14:45:30	61.8	30.1	30.1	46.9	46.9	56.7	56.7	57.3	57.3	52.3	49.0	50.7	46.2	51.1	48.6	48.8	49.9	50.7	49.7	56.7	51.5	52.0	51.7	49.4	44.5	44.0	42.7	37.9	30.3	26.1	23.8	23.1	20.9
2018/02/08 14:45:31	59.0	27.3	27.3	43.3	43.3	54.1	54.1	54.0	54.0	48.6	44.8	48.1	44.9	46.7	48.3	47.2	46.7	47.1	50.2	49.7	50.7	49.7	47.0	47.2	44.9	45.1	43.7	39.8	33.0	29.5	26.9	25.2	21.9
2018/02/08 14:45:32	64.8	35.4	35.4	49.2	49.2	62.6	62.6	62.6	62.6	53.2	52.8	55.2	50.8	53.1	54.7	52.3	52.0	54.0	56.2	58.2	56.5	55.0	51.3	49.9	49.1	49.2	49.4	45.2	39.1	35.6	33.4	31.4	25.9
2018/02/08 14:45:33	72.7	39.0	39.0	53.7	53.7	66.7	66.7	66.1	66.1	54.5	56.0	61.0	57.0	56.2	61.6	60.2	60.9	61.7	62.1	61.3	62.3	61.0	60.7	62.0	62.9	62.0	60.2	57.7	51.2	48.6	47.8	45.0	38.6
2018/02/08 14:45:34	71.6	39.1	39.1	54.2	54.2	65.8	65.8	64.9	64.9	54.9	52.7	58.7	55.7	57.2	59.0	58.7	59.4	60.8	62.8	61.3	61.4	60.5	59.2	60.2	59.4	61.2	59.8	53.2	49.2	46.5	45.9	43.9	37.2
2018/02/08 14:45:35	59.6	29.3	29.3	42.7	42.7	54.3	54.3	54.4	54.4	47.3	44.1	49.0	48.6	48.8	48.6	47.4	47.2	48.9	49.2	51.3	51.2	49.2	47.5	47.0	47.0	46.8	46.0	42.1	34.9	29.7	28.0	24.9	21.8
2018/02/08 14:45:36	57.1	25.5	25.5	40.9	40.9	50.5	50.5	50.8	50.8	47.2	48.2	50.7	46.5	49.4	48.4	47.5	48.1	48.5	47.0	49.2	48.5	45.6	44.1	42.9	43.0	43.3	41.1	36.2	27.4	23.6	22.6	22.4	20.7
2018/02/08 14:45:37	54.6	26.9	26.9	40.5	40.5	50.5	50.5	51.6	51.6	48.4	46.8	48.6	44.5	49.1	46.7	44.0	44.3	44.8	45.9	47.5	45.6	44.4	40.7	39.3	38.7	39.3	37.9	32.4	23.0	21.2	21.7	22.1	20.7
2018/02/08 14:45:38	51.0	24.8	24.8	38.1	38.1	48.3	48.3	49.2	49.2	42.9	40.1	42.5	40.5	42.5	42.8	38.2	40.9	41.0	43.0	42.4	42.8	41.4	38.9	37.1	35.1	33.6	30.6	24.6	20.8	20.7	21.1	21.9	20.6
2018/02/08 14:45:39	50.8	27.6	27.6	36.8	36.8	47.4	47.4	49.4	49.4	47.4	42.4	41.5	39.9	43.1	41.0	39.9	40.2	40.0	41.9	42.8	42.8	40.9	39.4	37.2	35.5	33.2	29.5	23.3	20.4	20.5	21.2	22.0	20.7
2018/02/08 14:45:40	50.1	26.1	26.1	37.1	37.1	48.5	48.5	51.0	51.0	48.2	43.0	42.9	40.3	42.2	41.6	38.7	40.0	39.6	41.2	41.7	41.9	40.4	38.9	36.6	34.8	32.6	28.1	23.0	20.5	20.6	21.6	22.0	21.0
2018/02/08 14:45:41	50.0	27.7	27.7	38.6	38.6	50.5	50.5	51.0	51.0	47.0	44.9	44.7	41.4	41.7	40.6	39.0	40.7	39.7	40.2	41.9	41.2	40.3	39.2	36.9	35.2	33.2	27.8	22.0	20.1	20.3	21.0	22.0	20.4
2018/02/08 14:45:42	50.0	26.2	26.2	38.3	38.3	47.8	47.8	51.2	51.2	49.5	43.8	43.4	40.5	43.0	40.2	38.6	40.1	39.9	41.2	41.5	40.8	41.1	39.0	35.9	35.1	32.7	27.5	21.9	20.1	20.2	21.1	21.9	20.7
2018/02/08 14:45:43	50.2	26.3	26.3	40.9	40.9	49.9	49.9	50.5	50.5	45.9	44.3	45.1	38.4	43.9	40.7	38.3	40.6	40.3	40.8	42.2	40.9	40.9	38.7	36.2	35.1	32.8	27.0	21.9	20.2	20.2	20.9	21.9	20.7
2018/02/08 14:45:44	49.5	25.9	25.9	40.9	40.9	50.2	50.2	50.6	50.6	47.1	43.2	44.4	40.1	43.3	40.6	38.9	39.2	39.8	39.7	41.9	40.1	39.9	38.0	36.2	34.1	31.7	26.4	21.0	20.0	20.5	21.3	21.9	20.6
2018/02/08 14:45:45	50.0	25.7	25.7	37.2	37.2	46.3	46.3	47.7	47.7	47.4	44.6	44.3	41.0	43.6	40.5	40.2	39.6	39.6	39.4	41.7	41.4	40.7	39.1	36.5	34.6	31.7	27.0	21.3	20.1	20.8	21.1	22.0	20.6
2018/02/08 14:45:46	49.9	24.8	24.8	39.4	39.4	47.7	47.7	49.7	49.7	48.2	42.0	44.1	41.1	43.8	39.5	38.8	39.5	40.0	39.9	42.0	40.6	40.2	39.8	37.1	34.0	31.3	26.5	21.2	19.8	20.6	21.3	22.2	20.7
2018/02/08 14:45:47	49.5	25.7	25.7	38.8	38.8	47.3	47.3	51.6	51.6	51.7	44.7	43.9	39.2	43.5	41.1	39.1	39.5	38.8	39.2	40.8	40.4	40.6	38.8	36.5	33.5	30.2	25.1	21.0	19.7	20.3	21.3	21.9	20.5
2018/02/08 14:45:48	49.2	25.6	25.6	42.8	42.8	50.4	50.4	51.8	51.8	52.3	46.6	45.7	38.7	42.0	41.0	38.5	37.9	38.2	38.6	40.4	39.9	39.3	38.4	37.5	34.6	30.1	25.3	20.8	19.9	20.1	20.9	22.0	20.6
2018/02/08 14:45:49	49.0	25.0	25.0	39.0	39.0	47.6	47.6	48.0	48.0	44.8	43.2	44.4	38.9	41.5	40.0	37.8	38.7	38.2	38.7	39.7	39.9	39.6	38.9	37.2	34.6	31.9	26.5	21.3	20.0	20.1	21.1	22.1	20.7
2018/02/08 14:45:50	48.6	24.7	24.7	39.4	39.4	48.7	48.7	49.4	49.4	48.2	43.8	42.9	38.5	42.1	39.4	38.8	39.0	38.3	38.3	39.3	39.1	39.4	38.4	36.5	33.6	31.1	27.5	20.9	19.8	20.5	21.4	22.1	20.8
2018/02/08 14:45:51	48.4	27.1	27.1	41.8	41.8	50.4	50.4	51.3	51.3	50.5	45.5	45.3	40.7	44.5	40.4	39.1	39.1	38.1	37.8	39.4	38.6	38.6	37.6	35.6	32.2	29.6	25.2	20.8	19.8	20.3	20.9	22.1	20.5
2018/02/08 14:45:52	51.0	25.8	25.8	46.4	46.4	53.9	53.9	52.9	52.9	52.3	45.1	44.6	42.4	45.1	40.8	38.6	39.2	48.3	37.7	39.3	41.6	38.7	38.6	35.5	32.8	29.9	25.6	21.4	20.0	20.6	21.1	22.1	20.5
2018/02/08 14:45:53	50.0	26.3	26.3	45.7	45.7	53.5	53.5	52.3	52.3	49.7	43.9	44.0	41.8	45.5	42.7	38.4	39.7	42.7	39.1	39.9	39.7	39.5	39.7	36.9	34.6	34.8	28.3	22.4	20.1	20.5	21.1	22.1	20.6
2018/02/08 14:45:54	52.4	26.5	26.5	44.6	44.6	54.7	54.7	57.0	57.0	51.0	42.3	44.8	40.4	44.9	41.9	38.6	40.0	50.2	38.7	39.8	44.2	38.7	39.1	36.0	34.0	31.8	27.4	22.5	20.6	20.9	21.4	22.0	20.7
2018/02/08 14:45:55	49.8	24.6	24.6	41.5	41.5	53.2	53.2	57.8	57.8	52.9	43.8	46.0	41.0	46.6	44.6	40.7	40.1	40.1	39.4	39.8	39.0	38.9	38.7	35.7	34.9	32.5	28.0	22.4	20.0	20.5	21.4	21.9	20.7
2018/02/08 14:45:56	50.1	26.0	26.0	41.6	41.6	50.9	50.9	57.0	57.0	56.0	47.4	46.8	40.8	47.6	43.7	40.3	40.3	41.2	39.6	39.7	39.3	39.6	38.9	36.3	34.4	32.1	27.8	22.4	20.4	20.3	21.3	21.8	20.6
2018/02/08 14:45:57	50.2	26.7	26.7	41.2	41.2	49.4	49.4	52.5	52.5	53.1	47.2	46.9	42.7	46.3	42.5	39.4	41.3	40.3	40.4	41.0	39.4	39.5	39.6	36.8	34.9	36.0	27.3	21.7	19.8	20.0	21.0	21.8	20.6
2018/02/08 14:45:58	49.6	25.9	25.9	40.7	40.7	49.8	49.8	52.4	52.4	49.8	44.4	45.7	41.9	45.0	41.9	39.0	41.6	40.5	39.7	40.7	39.3	39.2	38.8	36.2	34.2	32.3	27.6	22.4	20.2	20.2	21.1	22.0	20.8
2018/02/08 14:45:59	50.6	25.1	25.1	41.5	41.5	50.7	50.7	51.0	51.0	46.2	44.1	45.5	40.5	44.8	43.0	40.2	41.9	39.4	41.2	40.9	41.0	40.7	40.8	37.6	35.5	34.6	29.4	24.3	20.7	20.0	21.0	21.8	20.7
2018/02/08 14:46:00	50.9	25.7	25.7	41.3	41.3	50.8	50.8	52.4	52.4	48.0	44.4	47.4	41.9	44.2	43.0	39.8	41.8	40.9	40.4	41.4	41.2	41.0	40.6	38.7	36.6	35.7	30.0	25.9	21.0	20.6	21.2	22.0	20.6
2018/02/08 14:46:01	50.1	24.8	24.8	41.8	41.8	53.1	53.1	57.3	57.3	53.5	44.0	45.0	41.2	46.6	43.8	41.0	39.1	39.2	40.3	40.1	40.3	39.6	39.3	37.0	34.9	32.2	28.9	25.0	21.7	20.8	21.7	22.1	20.9
2018/02/08 14:46:02	50.8	26.4	26.4	40.3	40.3	51.7	51.7	57.6	57.6	55.2	45.2	46.3	40.9	46.8	45.1	40.9	40.0	40.7	42.0	40.8	40.3	40.9	39.6	36.9	35.1	33.9	32.1	26.2	21.0	20.5	21.2	22.0	20.7
2018/02/08 14:46:03	50.7	26.6	26.6	41.1	41.1	50.6	50.6	53.1	53.1	52.9	46.2	47.1	44.8	47.9	44.5	38.9	40.1	40.6	40.3	41.4	41.1	41.3	38.8	36.7	34.8	33.5	31.9	26.8	20.2	20.5	20.9	21.8	20.8
2018/02/08 14:46:04	51.7	26.2	26.2	40.6	40.6	50.2	50.2	54.1	54.1	54.3	47.8	45.5	44.0	47.3	44.6	40.6	40.4	41.5	40.6	42.5	40.8	43.1	40.7	37.8	37.5	35.4	33.7	31.3	22.8	20.7	21.4	21.9	20.6
2018/02/08 14:46:05	53.1	25.9	25.9	39.4	39.4	48.9	48.9	52.1	52.1	51.1	45.6	46.9	44.2	46.0	43.3	40.3	41.5	41.3	42.4	43.3	43.6	43.3	42.2	40.7	41.4	38.7	38.9	37.6	25.4	21.8	21.5	22.0	20.7
2018/02/08 14:46:06	60.3	26.4	26.4	40.4	40.4	52.3	52.3	56.7	56.7	53.4	47.7	51.0	44.1	49.4	48.4	44.9	45.5	49.3	47.4	49.8	51.9	50.9	51.0	49.5	47.6	46.4	46.0	43.9	33.3	26.2	22.5	22.2	20.8
2018/02/08 14:46:07	65.0	25.5	25.5	41.1	41.1	50.5	50.5	56.8	56.8	55.4	49.7	49.5	50.3	54.1	51.0	50.3	49.8	53.2	52.1	54.5	54.8	55.0	55.8	54.1	54.0	53.2	53.0	48.4	39.4	32.3	26.8	24.0	21.5
2018/02/08 14:46:08	73.2	28.0	28.0	41.4	41.4	51.8	51.8	57.7	57.7	59.2	60.0	55.2	48.1	59.7	56.2	57.9	57.5	60.2	61.9	62.1	61.4	61.9	64.0	63.2	62.4	63.4	61.3	54.8	53.1	44.7	37.6	33.5	31.7
2018/02/08 14:46:09	70.3	26.5	26.5	42.0	42.0	51.9	51.9	56.7	56.7	59.7	58.7	53.6	52.3	56.7	56.7	57.3	56.1	57.5	57.5	59.9	59.5	59.1	60.9	60.8	60.2	59.4	55.5	52.7	46.4	37.6	30.9	30.6	30.1
2018/02/08 14:46:10	65.0	27.9	27.9	44.1	44.1	54.0	54.0	56.2	56.2	53.9	51.8	54.8	51.3	56.7	54.4	53.4	52.6	53.1	53.9	57.4	57.6	55.4	54.2	52.3	50.4	47.7	46.7	42.7	32.5	25.1	22.8	22.5	20.6
2018/02/08 14:46:11	56.6	26.0	26.0	39.3	39.3	50.9	50.9	53.6	53.6	50.8	44.3	51.6	42.9	48.3	46.6	47.2	46.9	47.8	47.6	47.4	47.2	46.6	45.2	43.4	42.0	41.0	40.7	36.4	26.3	21.2	21.3	22.0	20.6
2018/02/08 14:46:12	54.1	25.0	25.0	40.6	40.6	51.1	51.1	52.7	52.7	50.8	46.4	46.5	43.5	46.5	44.9	44.1	44.0	45.4	46.2	45.4	44.2	44.3	43.3	40.4	38.7	36.0	35.0	29.6	21.7	20.9	21.4	22.2	20.7
2018/02/08 14:46:13	54.2	24.1	24.1	39.9	39.9	49.2	49.2	51.6	51.6	49.8	46.5	47.1	42.7	48.2	45.2	43.1	45.1	45.0	44.7	45.1	45.0	45.0	43.0	41.1	39.7	36.8	34.2	28.8	21.4	20.3	21.1	22.0	20.7
2018/02/08 14:46:14	55.7	26.3	26.3	37.7	37.7	48.7	48.7	51.6	51.6	50.8	47.7	46.5	42.5	47.3	45.2	43.9	46.0	44.4	46.5	46.0	46.6	46.4	45.4	44.2	42.2	39.8	36.5	30.4	22.5	21.5	21.5	22.1	20.6
2018/02/08 14:46:15	63.3	26.6	26.6	43.4	43.4	53.2	53.2	54.2	54.2	53.3	49.4	50.6	44.9	50.5	48.9	47.5	49.7	49.1	51.5	54.1	55.7	55.5	53.9	52.0	48.3	46.3	44.0	37.5	28.6	24.3	22.4	22.3	20.8
2018/02/08 14:46:16	65.8	28.8	28.8	41.5	41.5	54.5	54.5	56.2	56.2	52.3	48.5	48.4	45.9	50.0	50.7	49.5	53.2	52.6	55.6	55.7	57.6	57.6	56.3	54.7	52.4	51.7	48.1	41.8	32.7	29.0	26.7	25.7	23.0
2018/02/08 14:46:17	68.3	25.5	25.5	43.7	43.7	54.4	54.4	55.6	55.6	51.4	48.1	53.3	50.0	53.9	53.5	53.1	55.4	56.3	58.1	60.1	59.3	58.2	57.9	57.6	56.6	54.7	51.5	43.4	40.4	37.2	30.6	29.8	30.3
2018/02/08 14:46:18	68.0	26.6	26.6	42.7	42.7	50.9	50.9	54.1	54.1	53.0	49.1	54.1	51.9	57.1	57.4	54.2	57.4	57.0	58.3	62.2	59.7	58.6	55.4	54.3	51.9	49.8	47.1	42.4	33.6	29.2	26.2	24.4	23.4
2018/02/08 14:46:19	74.3	29.9	29.9	52.1	52.1	59.1	59.1	58.3	58.3	55.7	54.7	56.9	52.6	57.5	59.2	61.8	68.3	62.1	66.8	67.2	65.5	64.1	62.0	59.9	59.2	57.1	54.0	48.6	41.2	36.8	32.5	31.1	26.9
2018/02/08 14:46:20	70.4	32.7	32.7	50.4	50.4	55.3	55.3	54.8	54.8	52.1	47.8	52.6	50.4	58.5	55.2	59.2	65.5	58.5	63.1	62.1	62.2	59.7	57.7	54.5	54.4	53.5	50.4	43.3	36.2	30.8	26.2	25.2	22.3
2018/02/08 14:46:21	61.1	24.5	24.5	42.6	42.6	51.8	51.8	54.6	54.6	51.5	46.9	47.9	46.2	52.9	49.3	49.5	52.8	50.2	54.1	54.0	53.7	51.0	46.8	43.6	43.4	42.0	39.5	33.3	26.2	22.0	21.4	22.1	20.7
2018/02/08 14:46:22	63.3	26.2	26.2	44.9	44.9	52.2	52.2	52.8	52.8	53.1	50.8	54.0	50.4	56.3	52.4	50.9	54.7	52.5	55.4	56.8	56.4	53.8	47.4	44.0	43.1	42.7	39.7	34.1	25.3	21.8	21.4	22.0	20.5
2018/02/08 14:46:23	64.7	27.9	27.9	45.6	45.6	54.5	54.5	55.0	55.0	53.7	47.2	48.8	45.2	53.4	51.2	48.6	56.9	56.1	54.7	57.1	57.4	56.0	51.5	48.6	48.7	48.1	44.4	37.2	29.1	24.8	22.8	22.8	21.0
2018/02/08 14:46:24	69.4	32.2	32.2	54.4	54.4	62.2	62.2	59.4	59.4	53.5	52.3	53.6	50.4	59.6	57.2	56.3	62.3	61.5	59.1	61.7	61.5	58.5	56.4	55.3	55.8	53.8	50.3	42.2	38.7	34.5	28.3	27.3	26.0
2018/02/08 14:46:25	64.5	29.4	29.4	53.8	53.8	61.0	61.0	57.2	57.2	54.4	49.6	50.7	50.6	56.8	53.2	51.5	58.5	55.7	54.5	56.3	55.9	54.1	51.5	51.2	51.0	48.8	44.7	40.1	31.5	27.3	24.0	23.2	21.8
2018/02/08 14:46:26	62.1	27.3	27.3	49.6	49.6	57.4	57.4	55.8	55.8	53.5	51.5	53.4	49.9	56.2	52.7	50.6	54.1	52.2	51.7	55.3	55.1	51.7	47.6	45.2	44.9	44.2	41.0	33.8	26.8	23.0	21.9	22.3	20.7
2018/02/08 14:46:27	55.7	27.5	27.5	47.5	47.5	57.2	57.2	57.3	57.3	50.7	46.3	48.2	46.0	51.7	46.4	44.7	48.1	48.1	46.0	48.0	46.5	44.9	42.9	40.9	39.3	36.3	32.3	26.9	21.4	20.7	21.1	22.0	20.6
2018/02/08 14:46:28	53.4	26.0	26.0	43.3	43.3	52.6	52.6	53.6	53.6	51.4	47.5	45.9	41.6	48.4	44.6	43.1	45.1	44.7	44.6	44.7	44.3	43.0	42.1	39.4	37.2	34.6	30.7	24.3	20.5	20.4	21.1	21.9	20.6
2018/02/08 14:46:29	54.0	27.7	27.7	45.3	45.3	52.1	52.1	53.2	53.2	55.2	50.4	47.5	43.0	46.9	44.7	43.2	46.0	43.6	43.7	44.1	44.1	46.1	42.7	39.9	40.0	37.1	33.8	26.6	20.6	20.4	20.9	21.8	20.8
2018/02/08 14:46:30	52.2	27.5	27.5	42.4	42.4	52.1	52.1	52.9	52.9	48.1	43.9	45.8	40.8	44.6	45.9	41.0	43.5	43.1	41.7	42.5	42.6	42.6	41.3	39.2	38.4	35.9	31.8	25.4	20.7	20.8	21.2	22.0	20.8
2018/02/08 14:46:31	52.7	26.9	26.9	43.6	43.6	53.9	53.9	54.5	54.5	47.0	44.6	46.2	42.4	47.6	49.6	40.8	41.2	41.6	42.7	42.6	42.2	42.8	41.8	39.4	39.7	37.2	34.0	27.8	22.0	21.1	21.3	22.0	20.6
2018/02/08 14:46:32	54.0	24.1	24.1	42.7	42.7	51.7	51.7	52.7	52.7	48.9	46.0	47.8	42.4	48.4	50.4	43.1	42.9	43.9	44.4	43.1	44.2	43.6	44.1	40.6	39.9	38.3	35.5	28.9	23.2	21.1	21.4	21.9	20.6
2018/02/08 14:46:33	57.3	27.1	27.1	43.9	43.9	52.5	52.5	51.8	51.8	48.0	48.2	49.4	43.3	48.9	53.2	44.4	45.1	49.5	47.3	47.7	47.8	48.7	46.4	42.0	42.7	41.1	37.9	31.9	25.5	22.6	22.4	22.5	21.0
2018/02/08 14:46:34	60.9	28.4	28.4	50.3	50.3	56.4	56.4	54.1	54.1	50.2	50.7	52.6	43.7	52.1	60.0	48.1	47.8	51.3	50.0	51.3	51.5	50.6	49.7	46.3	46.4	44.7	43.4	37.5	30.7	25.7	23.9	24.2	21.9
2018/02/08 14:46:35	67.9	27.9	27.9	56.4	56.4	62.0	62.0	56.8	56.8	50.8	51.1	55.4	50.0	58.4	65.3	56.2	53.9	56.1	57.2	55.5	55.4	57.3	58.0	55.0	56.7	57.2	54.4	49.4	41.3	37.3	34.6	33.1	28.0
2018/02/08 14:46:36	69.6	29.8	29.8	54.3	54.3	60.0	60.0	55.1	55.1	53.9	52.7	60.1	58.9	61.6	66.0	57.8	58.5	58.9	59.3	60.1	58.7	57.5	58.7	55.8	57.9	58.7	54.6	48.4	44.8	40.2	37.6	37.1	32.2
2018/02/08 14:46:37	60.2	26.9	26.9	47.0	47.0	53.0	53.0	50.2	50.2	46.9	47.3	52.2	46.7	52.2	53.9	50.4	49.9	49.9	49.9	51.2	50.5	50.0	49.1	46.4	46.8	46.6	44.4	40.1	32.6	28.4	25.7	24.8	22.6
2018/02/08 14:46:38	55.5	27.8	27.8	46.1	46.1	53.7	53.7	52.2	52.2	46.5	45.8	49.4	44.2	50.1	51.3	45.2	44.3	44.6	44.4	45.6	45.0	45.4	44.1	41.5	44.3	42.0	40.1	34.9	27.8	23.8	22.4	22.5	21.3
2018/02/08 14:46:39	55.5	28.3	28.3	46.2	46.2	54.2	54.2	52.7	52.7	47.3	45.5	48.9	42.5	50.2	50.0	47.5	45.5	45.3	46.0	46.6	47.5	43.8	42.4	40.1	43.2	39.8	36.8	31.3	23.9	21.7	21.6	22.1	20.7
2018/02/08 14:46:40	52.5	27.4	27.4	45.3	45.3	54.1	54.1	51.6	51.6	44.4	43.8	48.2	42.6	47.3	47.4	44.7	42.0	42.0	42.8	43.1	43.1	42.6	40.8	38.5	38.3	36.4	33.4	28.1	23.7	21.9	21.9	22.1	20.7
2018/02/08 14:46:41	52.5	26.2	26.2	44.3	44.3	53.4	53.4	52.3	52.3	46.4	44.1	47.1	41.1	46.5	47.3	43.5	42.8	42.0	42.8	42.6	42.9	41.9	41.4	38.4	39.6	36.4	36.3	32.6	26.1	21.2	21.8	22.2	20.9
2018/02/08 14:46:42	53.0	27.7	27.7	46.4	46.4	56.3	56.3	56.0	56.0	48.5	43.4	46.2	43.3	47.4	47.7	41.0	42.7	42.3	43.4	42.6	43.2	44.2	41.8	39.0	41.2	35.2	32.0	27.0	25.0	21.3	21.6	22.3	20.7
2018/02/08 14:46:43	58.2	28.9	28.9	48.4	48.4	58.2	58.2	57.5	57.5	50.1	45.4	48.6	45.3	49.4	48.7	43.2	43.9	46.0	48.9	50.5	49.8	50.3	47.0	43.6	43.6	40.8	38.4	33.8	30.1	24.3	23.0	22.9	20.8
2018/02/08 14:46:44	60.8	31.2	31.2	55.9	55.9	63.6	63.6	60.6	60.6	52.2	49.2	50.8	45.8	53.4	54.5	45.3	48.6	50.2	49.7	51.8	53.0	52.2	49.8	46.9	45.5	43.9	42.6	38.4	34.7	30.9	28.1	25.6	22.3
2018/02/08 14:46:45	65.3	34.9	34.9	58.1	58.1	63.5	63.5	59.3	59.3	55.6	53.3	55.6	57.9	65.9	61.9	50.1	53.4	53.3	54.0	54.1	54.9	54.4	52.8	51.3	51.9	52.0	49.3	47.2	42.9	38.5	35.9	33.4	29.5
2018/02/08 14:46:46	62.4	35.8	35.8	50.6	50.6	60.4	60.4	60.8	60.8	55.0	52.0	56.9	56.6	57.9	52.0	47.7	50.0	51.7	51.3	51.8	51.0	50.3	50.1	48.8	51.6	53.5	49.5	44.3	44.1	40.0	35.7	34.0	30.9
2018/02/08 14:46:47	55.6	31.9	31.9	46.8	46.8	54.8	54.8	57.3	57.3	52.9	48.8	50.4	44.3	49.3	45.1	43.3	43.8	43.1	44.1	43.8	44.7	44.6	44.4	42.7	44.3	45.4	44.1	39.4	34.2	29.2	26.9	25.3	22.8
2018/02/08 14:46:48	52.4	31.0	31.0	45.4	45.4	55.9	55.9	56.6	56.6	50.2	43.2	44.9	40.3	44.5	41.9	39.7	41.0	40.4	42.1	42.3	42.0	43.1	42.6	40.1	39.8	39.6	37.5	33.4	29.4	25.8	23.5	23.0	21.0
2018/02/08 14:46:49	51.6	29.4	29.4	44.6	44.6	55.5	55.5	54.9	54.9	47.5	43.5	45.4	39.9	43.5	42.7	38.8	39.9	40.8	41.4	41.5	41.5	42.2	42.2	39.2	38.0	36.8	35.2	32.0	27.7	23.9	22.6	22.2	20.9
2018/02/08 14:46:50	51.7	29.0	29.0	44.6	44.6	52.2	52.2	52.9	52.9	50.1	43.1	45.1	40.2	44.1	41.3	38.8	40.5	41.6	41.4	42.0	42.2	42.6	42.3	39.6	37.8	35.9	32.9	29.7	25.9	22.8	22.0	22.4	20.7
2018/02/08 14:46:51	52.2	28.5	28.5	49.4	49.4	55.9	55.9	54.2	54.2	51.6	46.5	44.3	39.6	45.6	41.8	39.1	41.6	42.2	44.4	41.0	42.3	43.0	41.6	40.7	37.4	36.5	33.4	29.3	24.7	22.8	22.3	22.7	21.2
2018/02/08 14:46:52	52.3	30.4	30.4	49.7	49.7	56.9	56.9	53.7	53.7	49.3	46.5	45.5	41.1	45.4	43.7	40.6	41.2	42.8	45.3	43.2	42.6	42.0	41.0	39.2	37.3	34.9	31.7	27.6	24.9	22.9	22.6	22.6	21.1
2018/02/08 14:46:53	52.8	32.9	32.9	48.0	48.0	58.2	58.2	56.7	56.7	50.8	48.5	46.4	47.5	49.1	43.6	39.4	41.6	43.2	46.5	43.1	43.7	41.8	40.8	38.5	37.8	35.0	31.6	27.1	23.8	22.4	21.9	22.2	20.8
2018/02/08 14:46:54	52.1	31.7	31.7	51.1	51.1	59.8	59.8	58.2	58.2	53.7	46.9	44.9	41.2	45.1	42.6	40.2	41.3	41.6	42.2	43.2	42.3	42.2	40.9	40.8	37.9	36.3	33.3	26.2	23.7	21.9	22.0	22.3	21.0
2018/02/08 14:46:55	51.6	30.7	30.7	47.9	47.9	57.5	57.5	56.6	56.6	49.1	43.2	44.2	41.5	44.4	42.1	41.5	42.2	41.0	42.0	42.8	42.1	41.5	41.3	39.2	37.3	34.9	30.8	25.4	21.2	20.6	21.1	22.1	20.6
2018/02/08 14:46:56	52.4	27.3	27.3	45.5	45.5	54.5	54.5	53.6	53.6	48.6	45.4	44.1	42.4	46.0	42.3	40.9	43.0	43.3	44.0	43.6	42.7	42.4	41.4	39.4	37.8	35.0	30.2	24.6	20.8	20.8	21.3	22.1	20.5
2018/02/08 14:46:57	54.0	27.6	27.6	47.0	47.0	56.4	56.4	55.6	55.6	48.4	44.7	45.6	43.6	47.6	44.0	44.6	45.2	45.0	45.2	45.2	44.2	44.1	42.4	41.1	39.6	37.3	34.1	27.8	22.3	21.1	21.3	22.0	20.6
2018/02/08 14:46:58	62.1	29.5	29.5	44.4	44.4	53.5	53.5	54.9	54.9	51.3	48.3	52.6	50.2	53.0	48.5	48.6	51.1	55.5	56.5	53.8	53.3	50.7	47.3	47.1	45.4	44.5	42.2	36.5	29.5	24.0	22.1	22.4	20.7
2018/02/08 14:46:59	64.9	26.7	26.7	42.8	42.8	53.3	53.3	55.0	55.0	49.2	46.3	50.8	49.2	52.8	51.9	52.7	55.5	56.7	58.5	57.9	56.6	52.6	50.3	48.9	49.5	48.5	45.9	40.2	32.2	27.8	25.1	24.9	21.1
2018/02/08 14:47:00	67.1	27.9	27.9	42.8	42.8	51.2	51.2	53.1	53.1	51.8	50.4	53.4	56.8	58.7	56.1	58.8	59.9	58.4	59.2	58.5	57.6	54.7	52.9	53.4	54.3	53.1	49.4	43.1	40.0	34.4	28.7	29.5	26.9
2018/02/08 14:47:01	61.4	26.8	26.8	43.8	43.8	52.8	52.8	54.1	54.1	52.0	48.9	52.7	50.6	51.5	51.1	52.7	53.2	53.4	53.4	53.0	52.4	50.1	48.4	47.0	48.0	45.2	42.8	38.5	30.0	24.9	22.8	22.5	21.1
2018/02/08 14:47:02	61.7	30.3	30.3	46.7	46.7	56.4	56.4	56.3	56.3	53.7	53.7	56.9	51.8	54.1	51.4	50.1	51.2	53.0	56.1	54.9	52.9	48.9	47.0	45.1	44.0	41.7	39.3	32.8	25.6	21.7	21.5	22.0	20.7
2018/02/08 14:47:03	55.4	28.7	28.7	43.7	43.7	53.9	53.9	55.5	55.5	52.7	48.2	47.4	45.8	48.7	45.6	44.4	45.6	46.3	46.6	46.7	46.0	45.0	44.1	42.3	41.6	39.5	35.9	28.2	22.4	20.3	20.9	21.7	20.4
2018/02/08 14:47:04	61.9	26.3	26.3	43.7	43.7	51.2	51.2	53.0	53.0	52.3	50.1	52.4	46.1	49.5	49.6	45.1	49.9	51.3	51.2	51.4	53.3	53.3	52.4	49.6	48.7	48.4	46.8	39.8	29.5	23.9	22.1	22.0	20.6
2018/02/08 14:47:05	67.0	27.6	27.6	43.3	43.3	52.2	52.2	54.2	54.2	49.9	50.2	51.7	45.4	52.4	52.9	49.8	54.2	56.0	56.6	57.7	57.9	57.5	55.8	55.4	55.5	55.4	52.8	45.5	37.1	32.8	28.6	25.5	23.0
2018/02/08 14:47:06	68.5	29.5	29.5	45.4	45.4	59.6	59.6	61.8	61.8	54.0	54.3	56.4	52.5	58.4	56.4	51.7	58.2	59.1	58.3	59.4	59.2	59.2	56.9	56.4	56.5	56.1	52.6	45.5	40.6	35.0	28.0	26.7	26.6
2018/02/08 14:47:07	66.0	29.4	29.4	47.2	47.2	57.8	57.8	59.1	59.1	54.2	53.8	56.2	51.2	56.1	56.2	51.2	56.2	55.3	56.1	58.0	58.0	56.8	53.5	51.5	52.4	52.4	49.1	43.4	37.2	30.2	25.3	23.8	22.0
2018/02/08 14:47:08	67.5	27.4	27.4	43.4	43.4	54.3	54.3	56.1	56.1	52.3	52.3	54.5	53.3	56.6	52.8	50.7	58.2	57.6	56.8	58.9	59.1	57.2	55.7	55.8	55.6	54.3	50.5	42.6	38.0	33.8	26.5	24.4	23.8
2018/02/08 14:47:09	64.6	25.8	25.8	44.4	44.4	54.3	54.3	55.3	55.3	51.3	47.3	52.4	51.3	53.0	53.5	51.4	55.3	54.9	53.5	54.8	56.3	55.4	54.5	52.2	50.7	49.7	47.2	41.0	31.8	27.0	23.6	23.0	21.5
2018/02/08 14:47:10	67.5	29.4	29.4	46.5	46.5	57.0	57.0	57.6	57.6	54.6	53.7	56.3	52.7	56.4	55.7	55.4	56.3	55.7	56.9	59.8	59.5	58.6	56.2	53.7	53.4	52.9	50.2	43.6	36.7	31.7	26.0	23.8	21.7
2018/02/08 14:47:11	66.6	30.8	30.8	47.9	47.9	58.6	58.6	57.9	57.9	51.1	51.5	55.1	51.8	52.7	54.8	55.4	56.4	56.3	56.5	59.1	59.0	57.3	55.4	52.9	51.3	51.1	47.6	41.5	35.0	29.3	24.0	24.0	23.2
2018/02/08 14:47:12	64.3	28.5	28.5	46.6	46.6	55.3	55.3	55.0	55.0	53.1	52.0	53.3	47.2	52.4	54.2	51.6	52.7	53.9	53.7	54.8	56.2	56.0	53.5	50.4	50.3	51.0	48.2	41.9	34.2	27.4	24.3	23.9	21.6
2018/02/08 14:47:13	67.9	28.1	28.1	45.4	45.4	56.9	56.9	59.9	59.9	56.6	53.7	57.2	53.5	56.9	56.7	54.4	58.1	56.7	56.9	59.4	59.4	57.6	55.9	55.7	55.4	56.7	52.9	45.1	40.8	35.3	30.5	28.4	27.7
2018/02/08 14:47:14	64.3	30.1	30.1	48.5	48.5	59.3	59.3	60.2	60.2	55.5	51.9	52.1	50.9	53.1	56.3	52.4	55.1	53.8	54.7	55.3	55.2	54.5	52.6	52.1	51.0	51.6	47.7	42.9	34.7	29.8	26.5	24.7	24.5
2018/02/08 14:47:15	61.1	31.9	31.9	48.6	48.6	57.2	57.2	56.9	56.9	54.1	54.5	54.7	51.2	53.1	52.2	49.6	50.4	49.0	50.7	52.2	53.1	50.7	48.9	47.4	47.7	48.4	46.7	39.4	31.9	25.4	22.8	22.5	20.8
2018/02/08 14:47:16	56.0	30.7	30.7	46.3	46.3	54.3	54.3	54.0	54.0	53.3	50.3	48.0	45.1	48.2	48.8	46.7	46.1	47.9	46.5	47.8	46.9	45.8	44.7	41.5	40.1	39.5	36.2	30.1	25.4	21.7	21.7	22.1	20.7
2018/02/08 14:47:17	54.4	28.8	28.8	45.0	45.0	55.0	55.0	55.6	55.6	51.7	49.4	48.4	45.5	47.6	46.8	43.0	43.6	46.2	45.0	45.6	44.8	44.2	43.2	40.8	39.7	38.8	34.2	27.6	24.4	21.2	21.4	22.1	20.7
2018/02/08 14:47:18	53.7	29.6	29.6	46.6	46.6	55.4	55.4	54.3	54.3	52.2	49.0	46.5	47.1	47.8	46.9	41.5	42.9	46.5	43.3	44.6	44.9	43.0	41.6	39.2	39.0	38.3	33.8	27.2	23.9	20.9	21.2	22.0	20.6
2018/02/08 14:47:19	53.9	28.6	28.6	45.7	45.7	54.6	54.6	53.8	53.8	52.1	47.1	46.3	44.8	47.4	46.0	42.1	42.0	45.0	45.1	45.3	44.6	43.6	42.5	40.1	39.6	38.4	33.7	27.5	24.2	21.2	21.2	22.0	20.8
2018/02/08 14:47:20	53.7	28.7	28.7	44.2	44.2	54.0	54.0	53.4	53.4	49.3	45.9	47.2	46.6	49.1	45.7	41.9	43.6	45.2	43.6	44.0	44.2	43.6	42.9	39.8	39.8	39.9	34.9	28.2	24.4	20.9	21.2	22.1	20.7
2018/02/08 14:47:21	54.9	28.2	28.2	42.7	42.7	52.5	52.5	52.5	52.5	48.4	44.0	50.2	50.8	48.7	48.0	43.0	43.9	45.9	44.2	45.6	45.5	44.3	43.5	42.4	41.4	41.4	37.6	30.8	25.6	21.6	21.4	22.2	20.6
2018/02/08 14:47:22	56.1	28.7	28.7	45.2	45.2	53.4	53.4	52.9	52.9	51.2	47.1	52.7	53.8	49.8	48.3	43.6	46.0	46.6	44.9	45.8	45.9	45.4	45.3	44.2	42.9	42.3	38.9	32.8	26.4	22.5	21.7	22.3	20.8
2018/02/08 14:47:23	58.3	29.5	29.5	42.9	42.9	50.9	50.9	53.7	53.7	55.2	52.7	53.5	48.6	52.1	49.5	46.7	46.9	47.9	46.2	47.1	48.8	48.7	47.2	46.5	46.0	45.8	43.0	37.4	30.5	24.5	22.5	22.5	21.0
2018/02/08 14:47:24	61.9	29.6	29.6	44.1	44.1	53.1	53.1	57.1	57.1	56.2	55.0	55.4	50.2	51.6	51.9	49.4	50.0	50.6	49.8	49.8	52.1	51.6	49.8	50.6	51.0	51.3	49.9	45.9	37.5	34.5	30.6	28.1	23.9
2018/02/08 14:47:25	79.5	33.0	33.0	58.7	58.7	64.1	64.1	68.2	68.2	71.6	63.7	64.5	63.3	64.9	60.5	62.7	68.2	63.3	63.5	70.1	70.2	70.4	67.6	67.2	68.0	69.7	67.2	64.0	62.0	59.4	54.5	51.3	48.7
2018/02/08 14:47:26	70.9	29.0	29.0	55.0	55.0	60.4	60.4	61.3	61.3	65.1	60.6	61.9	62.3	60.9	61.6	58.5	62.1	55.8	55.7	57.3	59.2	59.5	58.1	58.4	60.4	62.7	61.1	55.4	48.3	44.5	44.3	42.2	36.7
2018/02/08 14:47:27	61.6	29.0	29.0	46.3	46.3	55.0	55.0	55.8	55.8	56.4	50.9	56.2	56.5	52.2	53.3	50.0	50.3	50.9	49.2	53.4	51.6	49.9	48.5	49.8	47.9	50.4	48.7	44.6	37.5	31.8	29.3	26.6	22.3
2018/02/08 14:47:28	59.0	26.1	26.1	45.5	45.5	53.4	53.4	54.0	54.0	52.6	48.3	52.3	50.5	49.5	51.1	48.9	48.7	50.9	47.3	50.9	49.2	46.4	45.1	46.0	46.0	47.7	44.4	39.4	32.1	27.8	24.5	23.8	21.2
2018/02/08 14:47:29	55.6	27.1	27.1	44.6	44.6	52.3	52.3	52.6	52.6	49.9	49.4	52.6	49.9	49.2	49.0	47.1	45.1	47.6	44.7	46.6	45.7	44.4	43.5	41.3	41.4	42.1	39.7	34.0	27.5	23.1	21.7	22.0	20.8
2018/02/08 14:47:30	56.7	28.1	28.1	44.2	44.2	52.8	52.8	53.7	53.7	51.5	49.0	51.7	49.1	48.5	48.3	45.4	44.9	47.1	45.8	47.1	46.7	46.8	44.9	44.3	43.7	44.4	42.9	37.5	31.6	27.1	23.8	22.8	21.2
2018/02/08 14:47:31	56.6	30.1	30.1	45.8	45.8	53.1	53.1	53.6	53.6	49.6	44.8	49.4	47.3	47.2	45.2	44.5	45.8	48.4	46.6	46.7	46.6	46.0	45.1	44.7	43.8	44.3	42.2	35.3	28.2	24.9	23.0	23.1	21.7
2018/02/08 14:47:32	62.1	28.3	28.3	48.0	48.0	55.9	55.9	55.2	55.2	50.2	44.9	51.1	47.5	51.6	49.3	45.6	51.1	53.3	50.4	50.6	50.2	52.2	50.2	51.2	52.1	51.2	49.7	42.5	37.4	34.3	29.9	26.4	24.8
2018/02/08 14:47:33	65.8	31.6	31.6	44.7	44.7	56.2	56.2	56.5	56.5	52.2	50.5	52.5	51.6	54.7	53.3	49.6	53.1	55.5	53.3	55.9	55.3	56.2	53.7	55.6	55.8	55.1	50.8	43.8	42.2	35.6	28.5	28.5	30.8
2018/02/08 14:47:34	64.4	28.7	28.7	44.7	44.7	56.4	56.4	56.7	56.7	48.9	49.6	51.7	46.4	53.7	53.9	49.6	52.4	52.9	53.2	54.2	53.6	55.5	53.7	53.1	54.1	52.8	49.3	44.7	38.1	32.6	29.0	25.9	25.3
2018/02/08 14:47:35	64.0	34.0	34.0	50.1	50.1	60.9	60.9	59.2	59.2	50.8	48.8	50.1	46.8	52.3	51.5	50.6	51.7	53.4	54.8	56.1	54.3	54.8	53.0	51.2	51.3	50.6	48.2	43.9	39.6	33.7	32.9	25.2	22.2
2018/02/08 14:47:36	65.0	36.3	36.3	57.1	57.1	66.4	66.4	63.7	63.7	52.0	52.2	56.0	49.9	54.0	52.3	51.8	54.7	55.7	57.2	57.4	54.6	53.4	52.8	53.2	52.1	51.2	47.7	42.9	41.8	34.3	29.0	26.1	25.0
2018/02/08 14:47:37	60.5	27.4	27.4	48.4	48.4	56.4	56.4	53.9	53.9	51.2	49.6	52.2	45.9	50.7	49.7	48.1	50.8	52.8	50.8	50.4	49.8	49.2	50.5	48.7	48.4	45.5	43.1	42.9	34.9	28.8	25.7	22.9	21.1
2018/02/08 14:47:38	60.7	27.8	27.8	44.8	44.8	53.4	53.4	52.0	52.0	49.7	48.0	49.5	46.3	51.6	49.4	47.9	49.8	49.1	51.4	53.6	51.5	50.3	49.7	47.3	48.1	46.1	41.1	39.8	32.5	25.8	23.1	22.4	20.8
2018/02/08 14:47:39	55.3	27.5	27.5	46.1	46.1	55.4	55.4	53.6	53.6	47.3	44.4	46.8	43.7	47.4	44.5	43.7	45.4	45.6	46.2	44.7	44.5	46.1	45.9	42.5	42.3	41.3	37.7	37.5	28.8	23.7	21.7	22.1	20.5
2018/02/08 14:47:40	52.2	25.8	25.8	43.8	43.8	52.6	52.6	51.3	51.3	47.7	45.3	47.2	42.6	45.1	45.8	44.0	43.3	42.8	42.8	42.9	42.8	41.6	41.1	38.7	36.4	35.0	30.7	27.2	22.6	21.4	21.4	22.0	20.9
2018/02/08 14:47:41	55.8	27.3	27.3	43.3	43.3	52.5	52.5	52.4	52.4	49.4	45.4	48.1	44.0	46.7	43.2	45.9	45.8	44.6	44.4	47.5	47.6	44.5	45.5	44.3	42.4	41.3	38.8	34.9	24.9	21.4	21.1	21.8	20.5
2018/02/08 14:47:42	52.8	28.2	28.2	43.5	43.5	51.9	51.9	51.4	51.4	46.5	44.8	45.7	44.1	46.9	42.8	42.0	41.5	42.4	44.1	43.5	43.3	42.4	42.8	41.1	38.8	37.2	32.3	27.8	21.8	20.7	21.1	22.0	20.7
2018/02/08 14:47:43	51.3	27.5	27.5	42.5	42.5	51.9	51.9	51.4	51.4	46.7	44.3	43.3	43.0	46.1	41.8	38.5	40.3	40.1	41.7	41.9	42.2	41.9	41.6	38.7	36.8	35.9	31.8	26.8	21.3	21.0	21.4	22.4	20.9
2018/02/08 14:47:44	50.2	26.6	26.6	43.1	43.1	52.0	52.0	50.7	50.7	47.9	45.4	44.8	43.6	45.6	40.3	39.4	40.0	39.8	40.4	41.9	40.7	40.8	39.4	37.1	34.4	33.1	29.3	26.1	21.5	21.1	21.3	22.1	20.7
2018/02/08 14:47:45	51.5	27.7	27.7	43.7	43.7	52.3	52.3	51.0	51.0	49.4	45.0	46.2	44.5	46.1	42.0	40.7	41.0	41.0	41.7	43.7	42.9	42.1	40.0	37.3	35.8	34.1	30.0	25.6	21.2	20.4	21.1	22.0	20.7
2018/02/08 14:47:46	52.1	26.8	26.8	42.9	42.9	52.1	52.1	51.5	51.5	46.2	42.9	45.6	41.9	45.4	43.0	41.0	40.8	40.3	42.5	44.6	43.6	42.5	41.1	38.1	37.3	35.6	31.9	26.8	22.1	20.9	21.4	21.8	20.7
2018/02/08 14:47:47	51.4	25.5	25.5	45.5	45.5	53.2	53.2	51.1	51.1	45.6	42.5	47.0	42.2	43.9	42.7	41.1	41.0	41.2	42.2	42.5	42.7	42.2	40.1	37.5	35.7	35.5	32.9	28.2	21.6	21.6	21.5	22.6	21.2
2018/02/08 14:47:48	54.3	27.0	27.0	44.6	44.6	52.9	52.9	50.8	50.8	44.9	43.5	46.5	40.1	44.4	44.1	41.8	45.2	44.4	45.0	43.5	45.1	43.9	43.6	40.8	41.9	42.2	39.5	34.7	27.4	25.8	22.4	22.0	20.7
2018/02/08 14:47:49	52.2	25.8	25.8	42.4	42.4	50.5	50.5	49.9	49.9	46.5	44.2	46.4	39.7	43.7	42.3	40.4	40.3	39.9	46.6	42.1	42.2	44.6	40.2	37.4	35.4	33.0	28.2	23.0	20.2	19.9	20.8	21.9	20.6
2018/02/08 14:47:50	51.4	24.8	24.8	39.7	39.7	47.6	47.6	47.7	47.7	46.2	44.5	47.0	39.3	42.1	42.3	40.2	40.6	41.1	40.5	43.2	42.7	42.3	41.1	38.7	36.0	33.3	29.0	23.0	20.1	20.4	21.1	21.9	20.7
2018/02/08 14:47:51	50.9	26.5	26.5	43.5	43.5	51.6	51.6	51.5	51.5	49.8	46.1	46.2	40.3	45.5	42.6	39.6	41.8	40.8	41.1	42.2	41.5	41.2	40.4	37.7	36.0	33.6	29.4	23.5	20.4	20.3	21.1	22.1	20.6
2018/02/08 14:47:52	51.3	25.6	25.6	41.6	41.6	50.1	50.1	51.4	51.4	52.0	46.8	46.8	44.4	44.9	42.0	39.3	41.3	40.8	41.8	42.5	42.2	40.9	40.3	38.6	36.4	34.6	31.7	25.7	21.2	20.6	21.3	21.7	20.6
2018/02/08 14:47:53	55.6	25.7	25.7	43.3	43.3	50.7	50.7	52.4	52.4	54.0	49.6	49.5	42.1	45.6	43.6	41.7	44.6	47.3	47.0	47.4	47.4	46.4	43.7	40.9	39.6	39.4	37.3	31.7	24.0	21.8	21.7	22.1	20.8
2018/02/08 14:47:54	56.5	26.5	26.5	46.6	46.6	53.8	53.8	53.6	53.6	51.5	50.5	51.7	42.7	47.1	45.9	43.8	46.2	50.0	46.9	47.5	48.1	45.2	44.6	43.0	41.7	41.7	39.7	32.9	26.4	22.9	22.0	22.4	20.7
2018/02/08 14:47:55	60.4	28.4	28.4	51.1	51.1	56.9	56.9	55.3	55.3	54.6	52.6	53.6	45.8	49.9	50.3	47.1	50.6	53.3	51.5	51.6	51.4	49.4	47.5	47.0	46.8	46.4	44.0	37.2	29.6	25.9	24.4	24.5	22.0
2018/02/08 14:47:56	64.0	31.9	31.9	52.9	52.9	59.7	59.7	59.5	59.5	61.1	58.2	59.1	48.3	53.5	52.5	50.6	53.8	54.7	53.7	54.7	53.8	52.6	52.9	53.2	52.5	51.2	48.0	41.0	38.3	32.5	26.8	26.5	26.9
2018/02/08 14:47:57	62.3	32.6	32.6	52.8	52.8	59.6	59.6	60.7	60.7	60.6	57.2	57.7	50.3	52.3	54.5	52.5	53.1	53.5	50.8	51.5	51.6	50.9	50.3	51.6	52.2	48.6	46.3	41.6	33.6	28.6	24.3	24.5	24.2
2018/02/08 14:47:58	63.7	30.4	30.4	54.2	54.2	61.6	61.6	59.6	59.6	60.3	58.1	55.6	50.0	52.9	52.3	51.3	53.1	54.8	54.0	53.8	54.0	53.3	52.2	49.6	50.9	52.5	49.7	42.8	34.3	34.5	29.3	27.6	22.9
2018/02/08 14:47:59	66.3	33.5	33.5	55.5	55.5	63.6	63.6	60.7	60.7	59.0	57.7	56.0	54.6	58.4	57.0	54.1	56.0	56.4	57.0	56.4	55.8	55.4	54.7	53.8	55.2	54.5	52.3	43.9	41.0	39.1	30.3	30.7	28.5
2018/02/08 14:48:00	60.7	29.2	29.2	55.5	55.5	62.6	62.6	59.4	59.4	55.0	51.1	50.0	50.6	54.1	56.2	51.2	50.2	49.2	49.2	50.5	51.7	51.1	49.0	47.8	47.7	46.4	44.2	39.7	29.8	29.5	24.1	24.4	21.6
2018/02/08 14:48:01	56.9	26.3	26.3	52.8	52.8	59.2	59.2	57.5	57.5	54.4	50.5	50.8	48.7	50.8	50.2	45.8	47.0	47.4	46.2	48.0	48.6	46.2	45.7	43.2	41.0	40.2	39.2	33.5	25.9	24.2	21.7	22.2	20.7
2018/02/08 14:48:02	55.6	25.6	25.6	46.2	46.2	52.4	52.4	52.5	52.5	52.0	47.5	50.5	45.4	49.8	48.6	45.0	46.4	46.6	43.9	45.8	47.4	45.2	44.7	42.0	40.8	39.5	37.3	31.3	23.4	23.1	21.4	22.1	20.8
2018/02/08 14:48:03	53.5	29.1	29.1	47.3	47.3	54.6	54.6	52.9	52.9	53.0	48.3	48.1	45.1	48.6	46.5	42.6	43.7	44.5	44.0	43.0	43.0	43.2	43.7	41.1	38.6	37.0	33.4	27.1	21.7	21.3	21.1	21.9	20.7
2018/02/08 14:48:04	52.7	29.1	29.1	45.5	45.5	52.4	52.4	51.9	51.9	51.0	48.1	47.3	41.2	46.1	46.2	42.8	43.4	41.9	41.8	42.3	42.8	42.9	43.3	40.4	38.6	36.3	32.4	25.6	21.0	20.3	20.8	21.8	20.5
2018/02/08 14:48:05	53.5	26.0	26.0	44.7	44.7	53.4	53.4	53.0	53.0	48.0	44.5	48.6	42.8	44.5	46.2	41.4	42.7	42.1	42.5	43.6	43.7	43.7	44.2	42.0	40.6	39.6	31.6	24.2	20.0	20.3	20.7	21.6	20.5
2018/02/08 14:48:06	52.7	26.1	26.1	44.4	44.4	51.2	51.2	52.0	52.0	52.0	46.9	44.3	42.2	46.2	43.5	39.8	41.6	42.2	41.3	42.8	42.8	43.1	44.1	41.0	39.1	36.6	30.7	22.9	19.8	20.1	21.0	21.6	20.7
2018/02/08 14:48:07	55.8	28.3	28.3	45.7	45.7	52.4	52.4	51.5	51.5	50.0	46.9	46.6	42.1	46.5	45.5	43.5	44.5	43.5	44.3	46.0	48.2	46.1	46.0	45.0	42.6	40.1	36.2	28.2	20.5	20.2	21.1	22.0	20.4
2018/02/08 14:48:08	52.5	26.8	26.8	42.7	42.7	49.7	49.7	51.0	51.0	49.2	47.0	45.6	40.3	46.2	43.3	40.6	41.9	41.2	41.7	42.9	43.6	42.6	43.1	41.6	38.5	36.0	30.3	23.5	20.3	20.6	21.2	22.0	20.8
2018/02/08 14:48:09	52.3	30.4	30.4	44.2	44.2	49.0	49.0	49.8	49.8	47.9	43.3	45.1	42.5	46.8	43.6	39.8	40.8	41.4	43.1	43.2	43.0	42.8	42.7	40.7	37.8	34.5	29.5	24.3	21.3	20.8	21.0	21.8	20.4
2018/02/08 14:48:10	51.9	32.0	32.0	43.3	43.3	51.3	51.3	51.9	51.9	46.4	40.7	45.5	44.1	45.7	43.0	42.1	43.5	40.2	41.5	42.2	42.1	42.3	42.4	40.3	37.3	34.8	30.6	24.1	20.7	21.0	21.3	22.2	20.8
2018/02/08 14:48:11	51.8	31.0	31.0	43.0	43.0	51.4	51.4	52.4	52.4	48.7	45.8	46.3	42.7	47.0	44.7	40.5	43.5	42.4	41.8	41.6	42.5	41.9	41.4	38.8	36.4	34.3	29.3	25.0	21.4	20.9	21.2	21.9	20.6
2018/02/08 14:48:12	52.1	31.0	31.0	42.6	42.6	50.2	50.2	55.7	55.7	56.1	48.1	48.1	44.1	48.3	44.0	39.6	41.9	42.9	42.2	42.5	43.4	41.7	40.9	38.9	36.6	34.2	29.5	23.6	21.3	21.4	21.4	21.8	20.6
2018/02/08 14:48:13	51.6	28.6	28.6	41.5	41.5	49.5	49.5	52.4	52.4	49.4	45.0	46.8	43.5	46.9	43.0	40.5	40.8	42.3	41.8	42.2	42.7	42.1	40.8	38.4	36.2	33.0	29.2	24.0	21.7	21.5	21.6	22.4	20.8
2018/02/08 14:48:14	52.1	27.9	27.9	43.5	43.5	51.1	51.1	50.7	50.7	50.0	44.6	49.1	46.6	45.4	43.2	41.8	42.5	40.8	41.7	42.3	42.7	42.5	42.5	39.6	37.2	34.0	29.2	23.9	21.2	20.8	21.1	22.0	20.7
2018/02/08 14:48:15	52.8	24.8	24.8	43.5	43.5	52.1	52.1	53.2	53.2	52.5	47.0	48.3	45.8	48.4	44.9	40.1	41.8	42.9	41.6	43.0	43.8	43.4	43.3	40.1	37.5	35.0	31.0	24.8	22.3	20.6	21.1	21.9	20.6
2018/02/08 14:48:16	53.2	26.1	26.1	40.7	40.7	52.1	52.1	53.7	53.7	49.5	44.8	48.6	43.7	46.2	46.3	41.3	42.8	43.6	42.5	42.8	44.0	43.6	43.6	41.3	38.6	37.0	30.6	25.0	20.8	20.6	21.3	22.0	20.7
2018/02/08 14:48:17	53.4	25.6	25.6	40.0	40.0	50.2	50.2	52.5	52.5	47.7	46.0	49.8	42.2	47.4	45.8	40.0	40.9	41.6	43.8	43.8	44.7	43.7	43.1	41.5	39.4	38.8	32.0	25.7	21.5	20.5	21.0	21.8	20.6
2018/02/08 14:48:18	52.8	27.0	27.0	40.7	40.7	49.3	49.3	50.4	50.4	46.7	46.9	46.1	42.4	47.1	43.4	41.1	41.5	41.4	42.5	44.1	44.1	43.0	43.5	40.4	37.6	36.4	31.3	24.6	20.6	20.8	21.3	22.3	20.6
2018/02/08 14:48:19	53.0	25.7	25.7	40.1	40.1	50.6	50.6	52.6	52.6	48.3	47.7	47.3	42.0	46.2	43.4	41.0	42.1	42.1	43.0	44.6	43.6	43.8	43.3	40.2	39.1	35.2	30.1	23.5	20.5	20.3	21.0	21.8	20.6
2018/02/08 14:48:20	52.4	25.5	25.5	41.3	41.3	53.1	53.1	54.5	54.5	53.2	48.3	46.2	43.3	45.1	42.4	40.3	42.0	42.4	42.3	43.2	42.7	42.7	42.7	39.3	39.9	33.4	28.6	23.5	20.4	20.2	20.9	21.8	20.6
2018/02/08 14:48:21	53.5	27.1	27.1	43.1	43.1	53.2	53.2	55.9	55.9	54.9	47.9	47.6	43.1	46.0	41.8	40.9	43.2	42.5	43.3	43.9	44.2	42.8	45.5	41.1	39.3	35.4	31.6	25.4	20.9	20.2	21.0	21.9	20.6
2018/02/08 14:48:22	54.2	25.4	25.4	43.8	43.8	53.3	53.3	56.0	56.0	53.0	46.6	48.0	41.6	44.8	43.3	42.8	42.6	42.4	43.6	43.6	43.9	43.6	47.3	42.0	40.8	36.5	34.2	25.8	21.4	20.6	21.2	21.9	20.7
2018/02/08 14:48:23	55.9	25.1	25.1	40.6	40.6	48.7	48.7	49.8	49.8	46.7	45.4	48.2	42.3	45.0	44.8	41.9	42.5	41.5	42.8	44.7	46.6	44.1	47.5	43.4	44.9	46.5	40.7	32.2	30.7	25.4	22.7	23.2	21.4
2018/02/08 14:48:24	56.6	25.9	25.9	41.1	41.1	51.7	51.7	51.8	51.8	46.3	45.6	47.5	43.4	47.8	44.6	41.3	41.9	43.5	42.3	46.2	47.3	43.9	44.2	42.9	46.2	49.5	43.9	36.2	37.8	29.4	23.9	23.7	22.6
2018/02/08 14:48:25	53.8	27.7	27.7	42.4	42.4	51.5	51.5	52.1	52.1	48.1	47.0	47.6	44.6	49.1	45.4	45.6	43.7	44.9	43.2	43.8	43.4	43.5	43.3	40.0	40.7	40.0	34.6	28.2	26.0	21.9	21.6	22.0	20.8
2018/02/08 14:48:26	56.8	31.4	31.4	49.8	49.8	58.6	58.6	57.0	57.0	50.3	49.4	53.6	50.7	53.1	46.7	45.1	47.6	47.9	46.9	46.4	46.3	45.6	46.7	43.1	43.3	41.7	41.6	39.2	30.5	26.0	24.0	23.0	21.4
2018/02/08 14:48:27	65.4	30.6	30.6	43.2	43.2	56.1	56.1	60.3	60.3	58.5	50.2	58.5	58.3	58.7	58.0	57.2	53.5	56.3	55.1	55.7	55.0	52.9	53.2	51.8	52.9	53.0	53.2	49.0	40.0	34.2	32.3	30.7	25.9
2018/02/08 14:48:28	73.5	31.1	31.1	42.2	42.2	53.6	53.6	60.2	60.2	69.0	69.0	63.3	66.4	69.3	65.7	64.2	64.8	63.2	62.0	61.1	65.0	60.1	58.9	60.9	62.2	61.8	60.4	55.4	48.3	45.0	42.4	41.3	34.0
2018/02/08 14:48:29	67.7	35.0	35.0	47.0	47.0	61.4	61.4	64.3	64.3	60.7	56.0	66.6	66.1	64.8	57.4	55.5	56.5	58.5	56.9	57.9	55.4	54.8	55.3	55.6	55.6	55.1	52.5	48.2	42.5	38.7	35.2	32.4	32.9
2018/02/08 14:48:30	64.3	30.9	30.9	45.3	45.3	61.0	61.0	64.0	64.0	56.9	52.6	58.7	61.0	61.9	54.4	55.2	53.9	57.2	59.1	53.0	50.7	50.8	50.9	48.6	49.8	48.7	47.5	43.1	34.6	29.3	28.2	24.8	21.7
2018/02/08 14:48:31	61.9	29.6	29.6	43.4	43.4	55.2	55.2	58.8	58.8	53.7	52.1	57.2	54.7	61.3	53.4	52.7	52.0	51.2	55.3	50.9	51.6	51.1	48.8	46.7	46.6	46.4	44.8	40.3	32.7	26.4	24.7	23.0	20.8
2018/02/08 14:48:32	55.6	29.6	29.6	45.4	45.4	55.5	55.5	55.1	55.1	50.6	47.5	51.8	49.2	50.6	47.1	44.2	45.6	46.7	46.9	46.1	45.8	45.6	44.6	42.0	40.6	39.4	37.0	31.4	25.4	21.7	21.7	22.0	20.8
2018/02/08 14:48:33	55.1	27.6	27.6	44.0	44.0	54.3	54.3	55.6	55.6	54.1	48.8	48.6	46.8	49.1	46.8	45.5	45.3	45.2	46.6	45.5	45.2	45.3	45.1	42.0	40.0	37.7	33.7	27.5	23.5	21.3	21.4	22.4	21.0
2018/02/08 14:48:34	55.3	28.6	28.6	45.4	45.4	55.4	55.4	55.8	55.8	52.7	48.3	51.3	48.7	49.9	46.4	44.9	45.1	44.4	45.5	45.1	44.9	46.3	45.1	43.4	41.4	39.2	34.1	27.3	23.8	21.2	21.4	22.1	20.7
2018/02/08 14:48:35	55.1	27.9	27.9	44.3	44.3	54.8	54.8	54.7	54.7	48.6	48.2	50.6	45.2	48.3	45.6	44.1	43.0	44.8	45.2	46.0	46.6	45.8	45.3	42.5	39.7	38.6	33.4	26.3	23.7	21.4	21.1	22.1	20.8
2018/02/08 14:48:36	54.7	26.6	26.6	44.1	44.1	54.4	54.4	56.0	56.0	52.5	46.8	47.5	44.9	47.2	44.6	43.5	43.8	45.9	44.2	45.4	44.6	45.0	44.6	42.7	41.1	40.4	33.6	26.6	23.3	21.3	21.4	22.1	20.9
2018/02/08 14:48:37	57.2	29.3	29.3	44.0	44.0	52.1	52.1	53.5	53.5	52.5	48.1	48.8	45.6	50.2	47.4	43.8	44.0	46.4	47.7	50.8	48.7	48.1	46.3	42.0	40.2	38.7	34.6	27.4	24.1	21.4	21.4	22.0	20.6
2018/02/08 14:48:38	55.6	27.7	27.7	44.0	44.0	52.3	52.3	52.2	52.2	49.1	46.6	47.8	45.0	49.3	46.2	43.0	44.0	45.4	46.1	46.4	47.1	46.2	45.3	42.6	41.4	39.6	36.5	29.0	24.3	21.3	21.3	22.1	20.6
2018/02/08 14:48:39	58.2	26.2	26.2	41.6	41.6	50.3	50.3	52.3	52.3	54.4	50.1	49.2	46.4	50.7	48.1	46.3	47.9	50.1	48.0	49.1	49.8	48.2	47.4	45.3	43.9	42.4	40.4	34.1	27.4	25.3	21.9	22.2	21.1
2018/02/08 14:48:40	58.4	27.1	27.1	41.8	41.8	51.4	51.4	51.5	51.5	49.7	47.9	48.8	46.8	52.6	48.3	46.9	48.3	50.3	50.8	47.7	48.6	47.7	47.2	44.3	43.9	46.5	39.4	34.7	34.2	31.7	23.2	23.9	22.2
2018/02/08 14:48:41	55.3	26.9	26.9	43.1	43.1	53.5	53.5	54.1	54.1	48.9	45.3	49.7	48.2	53.5	45.9	44.0	46.0	45.2	44.5	45.1	45.4	46.2	43.8	41.2	41.2	40.0	38.3	32.5	27.8	27.2	23.0	23.4	21.7
2018/02/08 14:48:42	54.2	27.9	27.9	43.4	43.4	53.2	53.2	55.3	55.3	55.8	50.7	48.5	46.4	48.2	43.5	43.8	43.7	43.9	43.4	44.3	45.1	45.1	44.1	39.9	40.2	38.9	35.9	29.0	25.4	22.4	21.5	22.5	20.9
2018/02/08 14:48:43	54.4	28.1	28.1	43.5	43.5	53.1	53.1	53.1	53.1	48.8	44.4	50.6	45.9	47.7	43.6	41.8	43.2	44.8	43.9	43.9	45.8	45.1	44.5	41.2	40.1	38.9	35.7	29.8	26.0	23.4	23.2	22.8	21.3
2018/02/08 14:48:44	54.5	27.0	27.0	44.8	44.8	53.7	53.7	53.9	53.9	49.4	47.2	48.2	43.4	48.0	44.7	42.7	41.2	46.1	44.4	43.7	45.3	46.1	44.8	40.8	40.4	38.5	34.3	27.2	24.4	21.8	21.6	22.3	20.8
2018/02/08 14:48:45	54.1	26.9	26.9	41.5	41.5	51.0	51.0	53.7	53.7	50.6	45.5	50.4	47.2	47.6	42.0	40.6	42.6	43.6	44.0	43.1	46.0	44.3	44.7	40.8	40.3	38.6	36.0	29.1	24.9	23.0	22.3	22.6	21.1
2018/02/08 14:48:46	55.1	28.2	28.2	44.3	44.3	53.8	53.8	54.2	54.2	49.2	45.3	50.3	48.6	47.9	43.8	43.0	43.4	45.3	43.6	45.2	46.7	45.5	45.1	42.6	41.3	39.8	39.3	33.6	29.4	26.4	25.2	25.6	23.9
2018/02/08 14:48:47	54.7	28.4	28.4	45.4	45.4	54.8	54.8	55.1	55.1	50.3	47.7	53.3	48.8	46.6	44.2	42.8	43.3	43.7	43.4	45.3	46.8	45.3	44.0	41.5	40.5	39.1	35.6	30.0	24.2	22.7	22.0	22.6	21.3
