DataTime                     	dB(A)	16	20	25	31.5	40	50	63	80	100	125	160	200	250	315	400	500	630	800	1000	1250	1600	2000	2500	3150	4000	5000	6300	8000	10000	12500	16000	20000
2018/02/08 15:07:57	58.1	32.2	32.2	44.4	44.4	51.2	51.2	53.7	53.7	50.3	49.2	51.3	48.5	52.4	50.4	47.3	50.1	47.1	44.7	47.5	50.1	49.5	46.0	43.9	43.4	44.1	42.6	35.1	25.8	22.8	21.8	22.3	21.7
2018/02/08 15:07:58	60.1	27.2	27.2	42.0	42.0	58.4	58.4	61.4	61.4	54.1	55.5	57.2	49.4	53.2	51.5	47.6	50.9	46.5	44.5	47.5	47.8	50.5	47.7	47.9	50.6	50.0	47.9	41.2	29.4	24.0	21.7	22.3	21.8
2018/02/08 15:07:59	58.8	30.4	30.4	44.9	44.9	55.6	55.6	55.9	55.9	51.8	50.7	51.4	46.6	53.2	50.9	48.6	51.5	49.6	45.7	47.6	47.9	48.9	47.0	46.0	47.4	46.6	44.3	37.0	27.0	22.5	21.6	22.2	21.3
2018/02/08 15:08:00	58.6	29.8	29.8	43.8	43.8	52.8	52.8	52.7	52.7	52.6	51.8	49.1	44.8	52.8	50.6	50.4	51.1	52.8	46.8	47.0	47.5	47.5	46.8	44.7	45.5	45.0	42.6	35.5	26.8	22.3	21.6	22.2	21.5
2018/02/08 15:08:01	51.5	27.7	27.7	43.1	43.1	51.1	51.1	52.8	52.8	49.9	45.0	45.1	40.6	43.9	41.7	42.0	42.2	41.4	39.8	41.0	42.0	41.0	39.5	38.9	39.5	39.9	36.8	30.6	23.0	20.9	21.0	22.0	21.1
2018/02/08 15:08:02	50.4	28.7	28.7	42.6	42.6	50.5	50.5	51.7	51.7	48.1	43.4	43.8	38.6	44.2	40.7	40.1	41.2	40.6	38.7	40.0	41.5	40.7	39.0	36.5	37.7	37.1	34.7	29.8	23.2	21.5	21.6	22.5	21.8
2018/02/08 15:08:03	51.5	25.5	25.5	43.0	43.0	52.6	52.6	52.1	52.1	46.0	44.1	46.0	42.2	44.7	42.6	41.8	42.2	41.7	39.9	41.8	42.6	41.6	40.4	37.7	37.5	38.2	35.2	28.9	22.5	21.4	21.4	22.0	21.1
2018/02/08 15:08:04	51.9	24.7	24.7	39.1	39.1	49.0	49.0	51.5	51.5	50.2	47.3	47.2	43.0	45.2	43.5	41.8	43.3	42.5	40.7	41.9	43.0	41.3	40.5	38.7	38.2	38.4	35.6	29.9	22.2	20.6	21.0	22.0	21.2
2018/02/08 15:08:05	52.5	26.4	26.4	39.4	39.4	49.4	49.4	52.3	52.3	50.1	47.3	48.1	43.2	46.1	44.9	44.3	44.4	44.1	41.3	42.2	42.6	42.7	40.6	39.1	37.7	38.1	35.7	30.3	22.9	21.3	21.1	22.0	21.1
2018/02/08 15:08:06	54.7	25.9	25.9	42.1	42.1	51.7	51.7	53.4	53.4	53.6	52.3	49.9	46.0	47.1	47.1	45.2	45.0	43.9	42.3	44.2	45.0	45.0	42.6	42.0	42.4	42.2	40.6	32.7	24.4	21.4	21.2	21.9	21.1
2018/02/08 15:08:07	56.6	27.1	27.1	42.2	42.2	52.3	52.3	58.6	58.6	61.5	58.1	52.1	49.4	49.6	48.2	44.8	45.8	46.0	44.9	45.2	47.5	46.8	43.9	44.0	43.5	43.9	41.5	34.7	26.2	22.8	21.4	22.1	21.0
2018/02/08 15:08:08	56.4	28.7	28.7	43.5	43.5	54.5	54.5	57.4	57.4	57.1	53.5	51.2	50.5	50.4	48.5	44.2	46.7	46.6	45.9	44.4	47.6	47.3	44.5	43.1	43.0	42.5	40.3	34.4	26.3	22.7	21.5	22.1	21.3
2018/02/08 15:08:09	56.7	30.6	30.6	46.7	46.7	55.9	55.9	55.9	55.9	50.6	47.7	49.5	47.7	48.4	48.0	44.8	47.4	48.0	46.4	45.6	46.4	48.6	45.4	43.7	43.4	41.8	40.7	35.0	27.5	24.7	22.7	22.4	21.3
2018/02/08 15:08:10	60.1	27.8	27.8	45.3	45.3	53.6	53.6	53.6	53.6	50.4	47.7	52.5	46.8	52.4	48.3	47.1	49.5	49.5	50.4	51.5	49.3	51.0	48.5	47.7	47.1	47.2	46.4	41.1	33.1	28.9	26.6	26.0	23.3
2018/02/08 15:08:11	60.9	27.8	27.8	43.6	43.6	51.2	51.2	54.2	54.2	54.3	50.9	53.2	50.9	55.3	49.3	48.7	51.8	52.1	51.0	52.5	51.7	49.8	48.0	46.5	46.9	47.9	47.6	42.8	35.9	32.6	31.3	31.6	27.6
2018/02/08 15:08:12	58.4	26.8	26.8	42.2	42.2	52.9	52.9	54.7	54.7	50.8	49.1	51.4	49.8	54.5	50.3	49.0	48.6	47.3	45.7	48.1	48.9	48.4	45.8	44.1	44.9	47.2	45.5	41.0	36.6	32.7	31.6	30.6	25.6
2018/02/08 15:08:13	56.7	26.7	26.7	38.8	38.8	48.7	48.7	51.8	51.8	48.8	45.7	49.1	43.4	51.1	48.2	45.1	48.0	46.7	45.5	47.3	46.8	45.9	44.1	43.2	43.4	45.8	42.1	37.4	30.7	25.8	24.2	23.8	21.6
2018/02/08 15:08:14	59.4	25.2	25.2	38.9	38.9	48.9	48.9	53.4	53.4	53.6	49.3	49.9	46.7	52.8	47.8	47.4	51.0	49.8	48.6	51.6	49.5	47.9	46.8	45.4	46.6	47.9	45.2	39.1	30.1	24.9	23.4	23.3	21.7
2018/02/08 15:08:15	60.4	29.9	29.9	40.4	40.4	51.6	51.6	53.5	53.5	51.6	50.4	52.2	47.1	53.1	49.6	48.6	51.8	49.3	50.0	54.1	51.5	49.4	47.6	46.0	45.4	47.3	44.7	37.7	29.3	24.8	22.6	23.0	21.7
2018/02/08 15:08:16	64.1	28.5	28.5	40.0	40.0	53.7	53.7	57.7	57.7	52.3	47.0	52.0	46.1	53.1	52.4	51.6	54.3	53.7	53.1	57.9	55.7	52.6	51.3	49.9	50.0	52.0	47.7	41.4	32.9	27.7	24.9	24.9	22.6
2018/02/08 15:08:17	64.7	28.8	28.8	46.4	46.4	55.7	55.7	58.0	58.0	51.5	49.3	51.4	50.2	55.7	55.0	51.9	55.5	55.1	55.5	58.6	56.5	53.2	50.8	50.1	50.5	50.0	47.0	41.6	33.5	27.0	25.0	24.2	21.9
2018/02/08 15:08:18	62.0	28.2	28.2	44.9	44.9	54.8	54.8	54.9	54.9	50.2	48.0	49.9	45.8	51.9	51.2	48.1	51.5	50.1	51.7	55.4	53.8	52.0	50.2	48.1	47.3	47.8	46.1	40.5	31.1	25.4	22.4	22.3	20.8
2018/02/08 15:08:19	60.7	28.1	28.1	47.7	47.7	55.1	55.1	53.8	53.8	48.6	47.7	48.8	47.0	49.1	46.7	45.9	51.0	50.7	50.0	51.9	52.3	51.4	49.8	48.0	47.1	47.8	45.4	39.9	31.1	27.1	23.0	22.3	21.3
2018/02/08 15:08:20	61.4	27.4	27.4	47.4	47.4	56.5	56.5	55.9	55.9	51.3	49.2	50.9	45.0	51.2	49.3	48.9	51.6	51.4	50.3	53.5	53.8	52.3	48.6	47.5	46.4	47.4	44.5	39.4	30.8	27.4	23.0	22.6	21.4
2018/02/08 15:08:21	59.9	29.7	29.7	47.8	47.8	56.7	56.7	56.0	56.0	51.9	50.6	50.7	44.5	51.2	46.1	46.4	50.5	49.7	48.9	52.4	51.9	49.9	47.3	46.7	45.7	46.8	42.5	38.1	29.0	25.7	22.1	22.4	21.1
2018/02/08 15:08:22	61.2	28.2	28.2	48.5	48.5	55.3	55.3	53.6	53.6	48.6	45.3	47.6	45.2	51.6	49.5	47.4	50.7	49.9	49.6	53.3	51.7	51.1	49.4	49.1	48.5	50.4	45.0	41.4	32.2	28.2	23.6	22.9	21.4
2018/02/08 15:08:23	60.1	28.9	28.9	53.2	53.2	58.3	58.3	53.2	53.2	50.3	47.2	48.1	47.6	51.1	48.0	45.5	50.4	51.8	51.5	52.3	51.4	50.2	47.8	46.0	44.9	44.9	43.8	39.2	30.9	28.3	23.7	23.3	21.3
2018/02/08 15:08:24	60.7	25.6	25.6	45.8	45.8	52.4	52.4	52.7	52.7	50.8	47.3	46.9	45.7	52.1	49.2	45.9	50.9	51.5	52.6	53.7	50.7	51.7	48.1	46.0	44.5	45.0	42.8	39.2	31.0	27.0	22.9	22.5	21.6
2018/02/08 15:08:25	58.9	28.4	28.4	45.2	45.2	55.5	55.5	56.5	56.5	51.3	48.5	50.7	45.6	51.2	48.1	45.3	48.5	49.2	48.5	50.4	49.8	49.2	47.9	44.9	44.7	45.1	43.8	40.2	31.7	27.5	22.7	22.5	21.2
2018/02/08 15:08:26	56.9	29.3	29.3	43.1	43.1	50.1	50.1	51.9	51.9	51.3	49.6	49.9	44.1	49.3	47.0	45.2	48.5	48.3	46.1	48.0	47.1	47.5	45.7	42.8	41.5	42.3	42.1	38.1	29.5	25.9	21.8	22.1	20.9
2018/02/08 15:08:27	56.3	26.8	26.8	44.7	44.7	53.7	53.7	52.5	52.5	47.8	47.7	47.5	41.7	49.3	45.2	46.1	48.1	47.1	45.8	47.4	46.6	47.1	44.8	42.8	41.9	42.1	40.6	36.4	28.3	24.1	21.7	22.2	20.9
2018/02/08 15:08:28	56.9	26.3	26.3	40.3	40.3	52.8	52.8	54.0	54.0	46.6	47.7	48.7	47.3	50.5	46.5	44.3	48.7	48.6	45.4	48.1	47.1	47.6	46.0	42.8	42.8	42.4	40.4	35.2	27.3	23.5	21.7	22.2	21.0
2018/02/08 15:08:29	56.4	24.5	24.5	37.8	37.8	49.4	49.4	52.8	52.8	49.7	46.2	47.6	47.6	51.7	48.0	44.5	46.8	48.0	47.4	48.9	47.5	45.6	42.8	41.5	41.1	41.4	39.7	34.5	27.3	23.4	22.2	22.4	21.3
2018/02/08 15:08:30	55.9	24.7	24.7	39.0	39.0	50.8	50.8	53.5	53.5	49.6	45.0	47.6	43.9	50.5	47.8	43.5	46.6	47.5	47.4	48.0	47.7	45.4	42.4	40.0	39.6	40.1	38.6	33.7	26.1	22.8	21.7	22.3	21.2
2018/02/08 15:08:31	55.0	26.7	26.7	41.2	41.2	48.9	48.9	51.8	51.8	49.7	45.8	49.6	41.8	49.3	46.2	41.9	45.8	46.4	44.8	46.0	46.2	45.1	42.3	40.8	40.7	41.6	39.7	33.6	27.2	23.1	21.6	22.2	21.0
2018/02/08 15:08:32	53.5	26.4	26.4	41.9	41.9	51.6	51.6	51.6	51.6	45.4	44.3	47.4	43.1	47.3	45.4	42.8	45.7	44.4	43.0	44.2	45.0	43.3	40.7	39.1	38.9	39.5	37.6	32.9	26.1	22.0	21.4	22.0	21.3
2018/02/08 15:08:33	52.5	24.9	24.9	39.8	39.8	49.9	49.9	50.1	50.1	46.6	47.6	47.1	39.9	45.3	45.5	41.6	44.9	43.6	41.8	42.6	43.7	43.0	39.5	37.6	37.8	38.0	36.2	31.3	24.2	20.9	21.1	21.9	20.6
2018/02/08 15:08:34	53.7	24.7	24.7	39.6	39.6	51.8	51.8	56.4	56.4	54.2	49.8	47.8	39.5	45.2	43.7	44.0	45.5	43.4	42.7	43.3	44.7	43.7	40.5	41.3	38.7	41.0	39.7	35.3	30.5	29.7	28.6	26.0	22.9
2018/02/08 15:08:35	52.1	25.7	25.7	40.9	40.9	48.5	48.5	49.7	49.7	50.0	44.8	45.1	41.2	44.1	46.4	42.0	44.8	45.2	42.0	42.2	42.6	41.6	38.6	37.5	36.4	36.7	34.9	29.7	24.6	22.0	21.5	22.1	20.8
2018/02/08 15:08:36	49.8	25.6	25.6	39.4	39.4	46.2	46.2	46.7	46.7	42.5	40.7	42.4	36.3	41.3	40.6	38.5	42.3	41.4	39.9	41.3	41.1	39.3	35.9	35.0	36.4	35.2	33.2	29.0	21.8	20.5	21.1	21.9	20.9
2018/02/08 15:08:37	49.2	23.7	23.7	40.2	40.2	47.9	47.9	47.3	47.3	43.2	39.4	43.6	38.2	41.6	40.3	39.9	41.7	41.5	39.1	39.6	40.5	39.0	35.7	34.0	33.9	34.4	32.3	27.2	21.4	20.6	20.9	21.7	20.6
2018/02/08 15:08:38	51.6	23.8	23.8	35.7	35.7	46.1	46.1	49.7	49.7	45.9	42.2	45.6	40.9	46.3	41.7	40.3	43.4	41.9	41.3	41.2	42.8	41.4	40.1	38.7	37.9	38.0	36.6	29.1	22.0	20.5	21.0	21.7	20.6
2018/02/08 15:08:39	54.2	23.7	23.7	39.3	39.3	49.5	49.5	53.6	53.6	53.7	45.7	48.9	43.4	47.9	45.5	44.7	44.8	44.5	43.8	43.8	45.9	43.6	43.2	40.1	40.3	39.8	38.1	31.4	23.6	21.3	21.3	21.6	20.8
2018/02/08 15:08:40	55.5	24.6	24.6	39.2	39.2	48.1	48.1	50.8	50.8	53.5	49.1	46.1	42.9	44.6	45.4	43.8	45.6	45.6	43.8	46.2	47.2	45.9	45.8	43.4	40.3	40.0	38.5	31.1	23.3	20.9	20.9	21.8	20.8
2018/02/08 15:08:41	58.1	25.5	25.5	41.7	41.7	52.9	52.9	54.6	54.6	49.0	50.9	52.7	47.8	51.4	47.7	45.2	47.7	47.5	47.0	49.2	49.5	48.1	47.8	45.2	44.2	43.1	42.7	35.5	25.7	21.9	21.6	21.8	20.9
2018/02/08 15:08:42	61.9	27.0	27.0	42.6	42.6	54.8	54.8	57.6	57.6	52.5	46.0	52.8	50.4	61.1	50.2	49.1	51.1	49.7	49.2	52.0	53.3	51.5	51.7	49.4	49.0	47.0	46.4	39.4	30.7	25.2	25.1	22.6	21.0
2018/02/08 15:08:43	64.7	30.7	30.7	45.1	45.1	58.4	58.4	66.3	66.3	63.9	51.3	58.8	51.1	60.7	52.6	50.5	55.1	53.1	52.4	55.1	56.5	54.0	54.2	52.8	51.0	50.0	49.5	42.8	36.0	30.9	31.4	24.6	22.1
2018/02/08 15:08:44	64.6	29.3	29.3	42.8	42.8	51.6	51.6	59.3	59.3	58.0	49.1	56.8	49.8	58.6	54.6	52.3	55.7	53.7	53.5	54.9	56.8	55.2	53.8	52.1	49.4	48.4	48.7	43.7	37.9	33.8	30.9	24.8	22.4
2018/02/08 15:08:45	62.4	25.9	25.9	40.4	40.4	48.5	48.5	52.0	52.0	53.2	49.6	51.2	46.2	53.7	51.7	50.2	52.2	52.0	49.9	50.1	53.1	53.7	52.8	51.1	48.7	48.3	48.5	43.8	38.3	34.2	27.4	24.2	21.9
2018/02/08 15:08:46	62.1	26.7	26.7	43.3	43.3	52.6	52.6	53.4	53.4	53.7	49.2	51.0	47.7	51.9	51.9	48.9	53.4	51.8	51.0	51.5	53.4	53.6	52.4	49.3	48.1	46.3	46.4	41.6	34.0	29.0	24.8	23.8	22.1
2018/02/08 15:08:47	68.6	26.3	26.3	44.1	44.1	52.7	52.7	52.9	52.9	53.2	52.0	56.4	51.0	58.5	57.5	54.1	56.6	57.7	56.7	60.6	60.9	57.3	55.9	54.7	55.0	57.1	57.3	51.8	42.8	37.5	35.0	35.3	33.7
2018/02/08 15:08:48	67.9	24.5	24.5	44.1	44.1	50.8	50.8	50.1	50.1	49.5	49.5	58.3	53.1	59.0	60.1	54.2	57.0	56.0	54.4	56.7	59.4	59.5	56.4	54.4	54.9	56.1	56.0	51.3	39.8	34.4	33.4	32.1	29.0
2018/02/08 15:08:49	60.8	24.0	24.0	42.1	42.1	50.4	50.4	50.2	50.2	47.6	48.1	52.4	47.1	54.6	54.1	48.0	50.3	47.4	45.9	49.5	52.1	52.9	50.2	48.2	47.0	47.7	47.0	41.3	30.3	23.5	22.5	22.7	21.4
2018/02/08 15:08:50	57.0	24.9	24.9	40.7	40.7	48.1	48.1	47.9	47.9	46.7	45.5	47.2	42.3	48.7	47.9	47.3	51.5	43.7	44.0	45.5	48.0	48.1	46.1	45.0	42.6	43.3	41.0	35.9	25.2	21.1	21.0	21.8	20.7
2018/02/08 15:08:51	53.8	24.0	24.0	41.1	41.1	49.2	49.2	48.3	48.3	44.2	41.6	45.4	41.4	46.6	45.5	42.1	43.7	42.3	39.7	43.3	45.5	44.8	43.4	40.9	40.5	40.5	38.7	32.6	22.9	20.6	20.6	21.5	20.7
2018/02/08 15:08:52	50.7	23.7	23.7	37.5	37.5	46.7	46.7	47.2	47.2	43.0	40.9	42.3	39.7	45.3	43.6	38.7	41.3	39.3	37.8	41.0	41.7	40.9	40.3	37.7	37.0	37.6	35.1	28.9	21.2	20.4	20.7	21.7	20.6
2018/02/08 15:08:53	49.1	24.5	24.5	42.2	42.2	50.3	50.3	49.3	49.3	45.9	44.3	44.8	38.6	43.8	41.6	38.8	40.2	39.4	36.7	38.9	40.4	39.4	38.1	35.6	34.3	35.0	33.1	27.5	21.0	20.1	20.6	21.7	20.7
2018/02/08 15:08:54	48.5	24.7	24.7	39.5	39.5	50.5	50.5	52.3	52.3	45.9	42.8	46.0	39.4	43.2	41.7	37.5	38.5	37.7	36.5	38.3	38.8	39.0	38.0	35.4	34.3	34.2	32.1	26.4	20.6	20.1	20.5	21.8	20.9
2018/02/08 15:08:55	49.1	23.8	23.8	42.5	42.5	52.4	52.4	53.8	53.8	46.9	43.0	44.1	40.3	42.8	41.6	39.5	40.5	39.6	37.9	39.0	38.7	39.6	38.8	36.1	34.6	33.5	32.2	26.1	20.5	20.3	20.7	21.7	20.9
2018/02/08 15:08:56	51.5	25.4	25.4	39.5	39.5	49.5	49.5	50.2	50.2	46.1	44.1	44.8	39.4	41.3	41.9	41.5	43.3	42.7	41.3	41.6	41.5	42.2	40.9	39.0	38.3	36.2	33.3	27.4	20.9	20.7	20.8	21.8	21.0
2018/02/08 15:08:57	52.9	24.5	24.5	37.7	37.7	47.5	47.5	48.1	48.1	43.8	44.1	46.6	40.3	43.7	42.9	42.8	44.7	43.6	44.1	42.2	42.0	43.3	42.1	40.3	39.9	39.3	36.1	30.4	22.3	20.6	20.8	21.7	20.6
2018/02/08 15:08:58	52.3	25.5	25.5	41.4	41.4	51.3	51.3	53.7	53.7	49.4	47.5	46.5	42.6	45.3	42.5	42.6	43.2	44.4	43.5	41.6	43.1	42.1	40.5	39.0	37.2	36.9	34.2	29.5	21.8	20.5	20.9	21.8	20.9
2018/02/08 15:08:59	48.4	25.3	25.3	39.5	39.5	49.6	49.6	50.7	50.7	44.9	40.8	41.8	36.7	41.3	40.5	39.6	42.1	40.9	38.6	38.3	38.0	38.1	36.9	33.9	33.0	32.0	30.3	24.6	19.9	20.5	20.7	21.7	20.9
2018/02/08 15:09:00	47.8	22.7	22.7	36.9	36.9	47.7	47.7	49.2	49.2	42.8	41.2	42.5	36.7	43.4	38.8	38.5	43.0	40.6	37.0	36.5	37.1	36.9	35.0	33.8	32.7	32.2	30.0	25.3	20.6	20.6	20.9	22.1	20.9
2018/02/08 15:09:01	47.8	24.3	24.3	38.2	38.2	47.8	47.8	48.9	48.9	43.7	41.9	43.0	37.0	40.1	38.0	38.2	41.3	39.0	37.0	38.1	37.7	38.0	35.9	34.7	33.7	32.8	30.3	24.4	20.2	20.3	20.8	21.7	21.0
2018/02/08 15:09:02	48.8	24.3	24.3	40.3	40.3	47.9	47.9	47.0	47.0	42.4	39.9	40.9	36.8	40.3	39.3	37.6	41.6	41.8	38.3	37.5	38.7	39.4	38.6	35.6	34.5	33.0	29.7	24.8	20.1	20.5	20.7	21.7	20.5
2018/02/08 15:09:03	48.7	22.8	22.8	39.5	39.5	46.4	46.4	44.8	44.8	41.7	40.4	42.5	36.9	39.2	38.9	37.0	41.8	42.0	38.5	38.4	38.5	39.0	37.5	35.7	33.4	32.6	30.9	25.7	20.7	20.6	21.0	22.0	20.9
2018/02/08 15:09:04	46.3	24.9	24.9	40.6	40.6	49.2	49.2	47.4	47.4	41.3	39.5	42.1	35.7	39.0	37.7	37.4	39.5	38.5	35.4	35.2	37.7	35.7	34.0	32.7	31.5	31.6	29.2	23.8	20.6	20.2	20.7	21.6	20.7
2018/02/08 15:09:05	45.7	24.5	24.5	38.7	38.7	48.6	48.6	47.5	47.5	42.0	41.1	42.0	35.7	38.2	37.3	36.3	38.4	37.7	35.1	35.1	35.9	35.2	33.1	32.9	31.2	30.9	29.5	24.8	20.4	20.5	21.0	21.8	20.9
2018/02/08 15:09:06	46.6	24.3	24.3	39.5	39.5	47.7	47.7	46.9	46.9	44.2	41.9	42.8	36.5	38.5	37.2	37.6	40.2	38.0	35.7	36.1	36.8	35.2	34.1	34.5	32.9	31.7	29.7	24.3	20.3	20.4	20.7	21.9	20.8
2018/02/08 15:09:07	47.4	24.3	24.3	39.0	39.0	47.2	47.2	46.6	46.6	42.1	42.0	43.2	36.8	39.6	39.5	37.5	43.1	40.0	36.5	36.3	36.6	35.0	34.2	35.4	33.1	32.0	29.5	24.5	20.2	20.3	20.7	21.9	20.7
2018/02/08 15:09:08	46.8	24.2	24.2	40.8	40.8	47.6	47.6	45.5	45.5	42.4	40.9	44.4	36.9	39.6	38.7	36.8	39.8	39.1	35.5	36.2	35.5	35.2	34.3	35.1	34.0	33.1	30.4	25.1	20.2	20.2	20.6	21.7	20.7
2018/02/08 15:09:09	46.1	23.9	23.9	39.5	39.5	47.4	47.4	47.6	47.6	44.1	41.6	42.3	38.2	39.7	38.3	36.7	38.7	38.5	35.6	34.6	35.4	35.4	34.5	33.3	32.4	31.2	29.6	24.5	20.4	20.3	20.8	21.8	20.9
2018/02/08 15:09:10	46.6	23.8	23.8	39.5	39.5	46.8	46.8	46.0	46.0	43.7	42.2	44.4	37.2	38.5	38.2	41.7	40.4	39.3	36.0	34.5	34.9	35.3	33.3	32.7	32.7	31.4	29.5	24.6	20.6	20.7	21.1	21.9	21.1
2018/02/08 15:09:11	46.6	24.8	24.8	40.1	40.1	47.3	47.3	46.1	46.1	43.8	41.6	42.5	35.5	38.3	38.1	37.9	39.2	41.5	35.3	33.8	34.4	35.0	34.2	34.9	32.2	32.8	30.7	25.6	21.5	20.7	20.8	21.8	21.1
2018/02/08 15:09:12	45.1	24.1	24.1	38.8	38.8	46.6	46.6	46.4	46.4	43.9	42.2	42.2	34.1	36.9	36.5	37.6	40.2	36.3	34.6	34.0	33.4	33.3	33.8	31.1	29.9	30.8	28.9	24.6	20.3	20.2	21.0	21.8	20.7
2018/02/08 15:09:13	45.4	23.3	23.3	40.2	40.2	48.8	48.8	48.7	48.7	45.0	41.1	42.0	35.0	37.8	37.6	37.5	39.8	36.1	34.7	35.4	33.6	34.3	32.5	32.1	30.6	31.6	29.5	25.9	22.1	20.6	20.8	21.9	20.9
2018/02/08 15:09:14	46.2	27.8	27.8	43.4	43.4	48.2	48.2	48.1	48.1	47.9	42.9	42.1	36.6	39.2	38.9	36.6	39.5	39.2	34.6	34.6	35.4	34.9	34.1	32.9	32.3	32.0	30.0	25.0	20.6	20.5	21.0	21.7	20.8
2018/02/08 15:09:15	47.9	23.7	23.7	40.8	40.8	48.6	48.6	49.6	49.6	47.2	43.5	43.5	37.4	42.4	41.3	39.2	41.3	42.8	36.2	36.2	36.1	35.6	35.1	33.4	33.1	33.9	31.0	25.9	20.6	20.5	20.8	21.9	20.8
2018/02/08 15:09:16	49.5	26.1	26.1	38.8	38.8	47.4	47.4	51.2	51.2	52.6	46.0	45.1	39.4	41.8	40.0	40.9	44.3	41.8	37.8	38.5	38.9	37.5	36.6	36.0	35.9	36.3	33.7	27.8	21.6	20.9	20.8	21.8	21.0
2018/02/08 15:09:17	51.4	26.9	26.9	44.0	44.0	50.8	50.8	51.9	51.9	51.0	46.3	47.2	44.1	42.7	41.9	43.4	44.6	43.4	39.3	40.4	40.7	40.6	38.9	38.3	38.3	37.6	36.5	30.5	21.8	20.6	20.8	21.7	20.8
2018/02/08 15:09:18	53.8	30.2	30.2	46.5	46.5	54.6	54.6	53.6	53.6	50.6	48.2	49.7	44.2	43.6	41.4	43.4	46.7	46.9	40.8	42.2	42.5	43.1	43.1	41.4	41.4	40.8	38.8	33.3	23.7	20.8	21.0	21.9	20.8
2018/02/08 15:09:19	55.1	27.3	27.3	45.6	45.6	53.8	53.8	54.6	54.6	52.5	48.5	51.6	44.6	46.3	43.1	40.8	47.6	48.9	44.2	44.1	42.4	43.2	44.4	43.4	41.8	42.3	41.2	34.1	24.7	20.9	20.9	21.8	20.8
2018/02/08 15:09:20	53.0	27.9	27.9	44.1	44.1	51.7	51.7	51.6	51.6	50.4	47.2	46.7	44.2	44.5	41.8	42.0	46.4	46.7	42.2	41.9	41.8	41.4	41.8	40.8	39.8	39.5	37.3	30.4	22.6	20.8	20.8	21.7	21.0
2018/02/08 15:09:21	51.1	27.4	27.4	44.9	44.9	52.1	52.1	52.2	52.2	48.7	45.4	46.5	43.1	44.6	41.3	39.6	44.0	43.5	39.9	41.9	41.5	40.5	39.5	37.9	36.1	35.5	33.2	27.7	21.4	20.3	20.8	21.6	20.8
2018/02/08 15:09:22	50.9	26.7	26.7	44.3	44.3	51.7	51.7	52.6	52.6	52.3	49.9	48.9	43.6	44.7	41.2	41.9	43.3	43.1	40.3	41.4	41.0	40.0	38.7	36.3	34.9	34.8	32.9	26.6	21.1	20.7	21.0	21.9	21.1
2018/02/08 15:09:23	52.5	30.5	30.5	45.7	45.7	56.0	56.0	58.6	58.6	56.5	55.1	56.1	49.7	50.3	45.7	41.0	43.3	42.2	39.6	41.9	41.0	41.7	39.5	36.6	35.7	34.7	33.0	26.3	21.2	20.3	20.7	21.6	20.6
2018/02/08 15:09:24	52.9	28.7	28.7	46.9	46.9	55.4	55.4	56.9	56.9	55.1	53.5	53.8	44.1	44.6	42.0	40.4	44.5	45.1	41.3	42.5	43.4	43.5	41.3	38.7	37.2	36.3	34.5	28.5	23.2	21.6	21.0	21.8	20.8
2018/02/08 15:09:25	58.2	31.5	31.5	48.8	48.8	57.7	57.7	59.4	59.4	58.4	57.4	56.8	53.2	55.6	56.9	55.2	49.7	47.3	42.2	44.7	44.9	44.5	43.0	43.2	47.1	38.8	35.6	30.1	24.7	22.5	21.4	22.0	21.0
2018/02/08 15:09:26	57.3	30.8	30.8	49.4	49.4	59.0	59.0	61.4	61.4	59.3	57.7	59.1	52.6	53.0	49.8	48.2	47.8	47.8	44.9	46.1	46.4	46.5	44.9	43.9	45.2	40.2	39.0	32.5	26.8	23.6	21.6	21.9	20.7
2018/02/08 15:09:27	58.9	31.4	31.4	49.3	49.3	56.3	56.3	58.4	58.4	56.1	52.5	52.9	46.8	49.4	47.3	43.9	50.8	51.0	47.5	47.0	48.9	50.7	48.9	46.3	44.1	43.7	42.7	35.4	30.3	27.2	24.0	22.9	21.2
2018/02/08 15:09:28	63.4	29.7	29.7	46.3	46.3	56.3	56.3	56.6	56.6	52.7	52.4	53.9	44.9	52.7	52.5	49.9	52.3	54.3	54.1	54.5	52.5	54.5	53.2	51.3	49.6	49.5	46.9	41.1	35.8	32.7	28.9	27.4	24.5
2018/02/08 15:09:29	68.3	34.4	34.4	49.3	49.3	59.5	59.5	61.1	61.1	57.9	56.3	57.4	53.4	57.7	54.9	51.2	57.3	57.7	59.4	59.7	58.9	57.9	57.1	54.7	56.0	56.5	54.7	48.9	42.1	39.3	36.7	36.3	33.3
2018/02/08 15:09:30	64.6	28.8	28.8	43.8	43.8	54.0	54.0	55.6	55.6	53.7	52.6	53.2	50.1	54.7	55.0	52.7	55.4	52.7	51.1	54.7	55.7	55.3	53.9	52.2	52.0	52.5	50.7	45.2	37.6	32.9	30.5	28.6	24.8
2018/02/08 15:09:31	58.6	27.4	27.4	42.1	42.1	52.1	52.1	55.1	55.1	52.5	50.0	51.7	46.3	50.5	49.9	48.7	49.6	46.8	44.7	47.9	48.9	49.1	48.6	46.7	45.4	46.5	45.1	38.1	30.8	25.7	23.2	22.9	21.5
2018/02/08 15:09:32	55.3	25.6	25.6	37.5	37.5	47.9	47.9	51.7	51.7	48.7	43.6	45.8	43.5	48.0	44.7	43.8	46.6	44.5	43.9	44.7	45.0	45.7	45.8	43.0	40.9	42.7	42.1	35.4	27.4	23.2	21.3	22.1	21.0
2018/02/08 15:09:33	52.9	26.3	26.3	42.3	42.3	51.8	51.8	54.2	54.2	50.8	46.7	44.7	40.8	44.9	43.2	41.3	43.5	43.5	40.9	41.9	42.1	42.8	43.5	39.8	39.5	40.9	39.3	33.3	26.0	21.9	20.8	21.6	20.9
2018/02/08 15:09:34	53.4	30.5	30.5	46.9	46.9	55.1	55.1	57.0	57.0	55.7	51.8	52.3	44.9	47.9	44.7	45.4	43.4	41.6	40.9	44.7	43.1	42.8	42.3	39.8	39.0	39.7	37.6	30.4	22.9	20.6	20.6	21.7	20.7
2018/02/08 15:09:35	53.9	34.6	34.6	50.1	50.1	61.0	61.0	63.2	63.2	60.1	58.3	59.8	52.1	52.6	47.6	42.2	42.5	42.0	40.5	41.1	40.3	41.3	40.0	38.1	37.1	36.7	34.3	28.0	21.9	20.3	20.8	21.8	20.7
2018/02/08 15:09:36	54.8	31.9	31.9	49.3	49.3	59.3	59.3	61.2	61.2	58.9	57.3	58.7	51.7	52.7	47.6	43.5	44.2	42.1	43.0	44.4	44.1	43.3	41.8	39.9	39.1	38.7	35.1	29.1	22.1	20.6	21.1	21.9	20.8
2018/02/08 15:09:37	56.6	34.3	34.3	49.9	49.9	58.9	58.9	61.5	61.5	60.1	58.9	61.2	54.8	54.4	53.0	48.8	46.8	43.3	43.1	45.1	45.0	44.4	43.2	40.3	39.5	39.4	35.9	30.2	22.7	20.9	21.0	21.9	21.1
2018/02/08 15:09:38	54.3	33.1	33.1	46.1	46.1	59.3	59.3	61.8	61.8	58.6	55.1	54.1	44.3	47.1	43.5	44.5	44.9	42.3	41.5	42.2	43.6	44.2	45.4	40.7	39.5	40.0	38.0	31.1	23.1	21.0	21.0	21.8	20.6
2018/02/08 15:09:39	52.5	29.6	29.6	46.1	46.1	54.9	54.9	55.8	55.8	53.1	51.5	49.2	42.5	45.8	41.7	41.4	43.8	41.5	40.3	41.6	41.8	43.1	42.6	39.0	39.5	39.1	36.7	30.1	23.1	21.3	21.1	22.0	20.8
2018/02/08 15:09:40	50.6	27.9	27.9	45.4	45.4	54.6	54.6	55.4	55.4	50.9	48.7	48.2	40.9	42.9	41.8	39.4	42.2	40.4	38.2	40.6	40.4	40.0	38.8	37.5	37.3	39.5	35.6	29.6	22.6	20.9	20.8	21.8	20.9
2018/02/08 15:09:41	49.2	24.8	24.8	39.3	39.3	48.2	48.2	49.1	49.1	44.8	44.4	46.1	38.0	41.8	39.7	40.4	40.4	38.6	37.4	39.0	40.0	39.0	38.4	36.3	35.7	36.2	33.1	28.3	22.1	20.8	21.0	21.8	20.8
2018/02/08 15:09:42	50.7	29.0	29.0	46.2	46.2	54.5	54.5	55.4	55.4	53.4	51.4	50.2	45.2	46.5	42.5	45.9	45.9	39.8	36.8	37.5	38.8	39.1	37.7	37.0	35.5	35.9	33.3	28.7	22.8	21.4	20.9	21.7	20.9
2018/02/08 15:09:43	49.3	29.2	29.2	47.8	47.8	55.7	55.7	54.5	54.5	50.8	48.2	48.4	41.7	42.4	41.8	41.7	42.0	39.3	36.6	37.2	38.1	39.0	37.7	35.9	35.4	36.2	33.7	28.4	22.1	21.3	21.1	21.8	21.0
2018/02/08 15:09:44	49.2	25.8	25.8	42.5	42.5	50.7	50.7	50.8	50.8	49.4	47.9	47.1	37.9	41.0	37.7	38.1	41.1	40.6	37.7	38.0	37.6	39.5	38.9	36.0	34.9	36.4	34.3	30.0	23.3	21.3	21.1	21.7	20.7
2018/02/08 15:09:45	52.7	29.1	29.1	42.2	42.2	52.7	52.7	53.5	53.5	50.1	49.4	46.1	37.8	41.5	42.6	40.8	42.8	42.6	39.6	42.2	42.2	44.4	41.9	40.3	38.8	40.5	38.1	33.1	25.2	22.1	21.4	21.8	20.7
2018/02/08 15:09:46	53.4	27.0	27.0	38.7	38.7	47.6	47.6	52.1	52.1	51.6	48.5	47.5	37.5	40.5	41.0	42.6	45.3	43.3	39.8	42.2	42.3	44.6	43.1	40.9	40.6	41.4	39.8	35.0	26.2	22.8	21.6	22.5	21.4
2018/02/08 15:09:47	53.2	29.4	29.4	44.3	44.3	53.4	53.4	56.2	56.2	54.0	50.9	51.2	43.8	44.7	42.1	41.5	45.4	41.3	39.2	42.7	41.5	44.2	42.3	39.9	39.6	42.2	39.5	34.9	26.1	22.4	21.2	22.1	21.0
2018/02/08 15:09:48	51.4	25.9	25.9	40.8	40.8	49.6	49.6	51.4	51.4	51.4	51.7	46.7	38.7	42.8	40.7	39.1	41.6	39.9	37.6	39.8	39.8	42.1	41.7	39.0	39.1	40.0	38.0	33.4	25.3	21.5	20.8	22.0	20.9
2018/02/08 15:09:49	52.7	28.3	28.3	42.7	42.7	50.1	50.1	52.6	52.6	51.1	51.5	51.2	45.4	44.4	41.8	46.7	46.1	42.2	37.2	39.9	39.6	41.7	43.0	42.6	39.6	37.2	35.4	30.6	24.2	20.7	20.9	21.8	20.7
2018/02/08 15:09:50	50.6	25.6	25.6	39.8	39.8	47.6	47.6	49.8	49.8	47.3	46.8	48.0	39.6	39.9	42.2	43.2	46.9	39.9	36.1	37.5	38.8	40.6	39.9	38.9	36.0	35.9	33.4	28.6	23.3	21.0	21.3	22.1	21.4
2018/02/08 15:09:51	49.3	24.5	24.5	37.6	37.6	45.9	45.9	46.9	46.9	44.1	41.4	44.0	38.7	41.3	37.8	39.4	43.7	41.5	37.7	35.8	38.5	38.0	37.7	40.5	33.5	35.0	32.6	27.9	22.3	21.0	21.2	22.1	21.3
2018/02/08 15:09:52	49.8	25.4	25.4	45.7	45.7	54.3	54.3	55.3	55.3	52.0	53.0	57.6	50.8	46.7	40.7	41.9	41.9	38.4	33.7	33.9	34.2	34.3	33.1	31.3	32.4	33.7	32.9	27.6	22.0	20.8	21.2	22.0	21.8
2018/02/08 15:09:53	47.7	25.9	25.9	41.0	41.0	49.7	49.7	50.9	50.9	47.0	43.0	43.8	38.8	43.0	39.8	38.8	44.1	38.1	35.2	35.6	35.0	35.9	34.9	34.1	33.1	34.5	32.1	27.6	22.4	21.3	21.2	22.2	21.1
2018/02/08 15:09:54	45.9	28.0	28.0	41.9	41.9	48.4	48.4	49.9	49.9	48.0	44.9	45.0	38.8	41.7	38.9	37.5	39.3	36.4	33.6	35.0	34.4	34.0	32.6	32.4	32.3	32.3	31.2	27.8	22.5	21.2	21.4	22.5	21.8
2018/02/08 15:09:55	47.6	25.1	25.1	41.9	41.9	49.6	49.6	50.3	50.3	47.5	46.0	45.9	40.5	43.7	40.4	39.5	40.9	36.6	34.1	35.4	34.8	35.0	34.6	34.8	33.7	37.5	35.6	29.4	23.0	21.4	21.5	22.9	21.9
2018/02/08 15:09:56	47.0	26.3	26.3	43.5	43.5	52.8	52.8	52.9	52.9	49.0	45.9	46.8	41.9	42.5	40.1	38.2	39.5	37.7	34.9	36.3	36.2	35.3	33.1	33.7	32.7	33.7	31.7	27.7	22.2	20.9	21.2	22.6	21.5
2018/02/08 15:09:57	48.5	27.7	27.7	44.1	44.1	51.1	51.1	49.7	49.7	46.1	44.5	44.6	39.7	41.7	43.3	41.7	42.5	39.2	37.7	37.8	37.3	37.4	35.2	33.8	33.9	34.9	33.3	29.2	23.7	21.6	21.3	22.3	21.3
2018/02/08 15:09:58	51.2	28.4	28.4	44.6	44.6	52.8	52.8	55.5	55.5	52.7	48.7	48.0	44.5	44.2	48.9	45.7	44.2	42.0	40.9	40.8	37.9	38.6	37.1	36.9	36.3	35.9	34.5	29.8	23.7	22.2	22.0	22.4	21.4
2018/02/08 15:09:59	56.5	30.5	30.5	47.1	47.1	55.1	55.1	56.2	56.2	55.3	52.9	52.9	46.9	48.1	52.5	49.7	48.4	49.1	47.2	47.4	42.6	43.4	42.4	43.9	43.2	40.7	39.6	34.6	28.3	26.1	24.9	26.2	25.0
2018/02/08 15:10:00	56.0	31.3	31.3	48.6	48.6	57.8	57.8	58.0	58.0	56.9	56.6	57.1	51.2	56.0	52.0	50.3	49.2	45.1	45.7	43.8	42.0	41.8	40.6	42.1	40.0	38.1	36.5	29.0	22.7	20.7	21.0	22.1	21.0
2018/02/08 15:10:01	54.0	33.1	33.1	47.0	47.0	55.9	55.9	58.7	58.7	56.9	54.4	54.5	49.4	54.9	49.5	46.5	46.2	43.8	43.0	44.5	40.5	39.9	39.0	38.4	38.0	35.4	33.0	26.6	21.0	20.6	20.9	22.0	21.1
2018/02/08 15:10:02	55.0	31.5	31.5	47.8	47.8	57.2	57.2	59.1	59.1	58.6	57.2	59.2	55.8	56.5	51.4	46.6	45.7	42.7	42.7	43.1	40.5	40.1	38.0	37.7	36.3	34.8	32.4	26.3	21.4	20.6	20.9	21.9	20.7
2018/02/08 15:10:03	53.0	30.4	30.4	49.0	49.0	58.0	58.0	59.1	59.1	56.5	54.1	55.4	50.6	52.3	46.0	44.4	44.5	43.0	42.7	43.0	40.7	40.5	37.9	36.9	36.5	36.7	32.2	26.7	21.0	20.7	20.9	21.9	21.3
2018/02/08 15:10:04	54.9	38.8	38.8	52.7	52.7	61.3	61.3	63.1	63.1	61.8	60.9	60.5	52.2	52.7	47.1	43.8	45.6	43.6	43.0	43.6	41.7	41.4	39.6	37.9	36.9	36.6	33.5	27.6	21.6	20.6	21.0	21.9	20.9
2018/02/08 15:10:05	54.8	35.4	35.4	52.6	52.6	61.8	61.8	63.3	63.3	62.0	60.5	57.3	52.5	53.4	49.9	45.0	45.0	44.0	43.0	44.2	42.0	40.7	38.3	40.9	35.3	36.1	34.4	27.6	23.1	20.7	21.2	22.0	21.0
2018/02/08 15:10:06	56.9	32.1	32.1	50.5	50.5	60.6	60.6	62.5	62.5	59.8	58.8	59.8	55.0	59.1	55.6	49.2	46.0	44.9	43.5	44.4	42.9	41.2	37.9	40.3	35.6	38.1	35.0	27.8	22.8	21.3	21.2	22.2	21.3
2018/02/08 15:10:07	55.7	31.6	31.6	50.3	50.3	60.4	60.4	62.2	62.2	61.6	60.3	58.6	52.8	53.4	46.8	44.4	45.9	45.7	45.2	45.9	45.0	44.8	40.2	38.8	37.4	36.0	34.7	29.4	23.7	22.1	21.5	22.1	21.5
2018/02/08 15:10:08	55.2	29.2	29.2	48.3	48.3	56.0	56.0	56.3	56.3	55.4	53.8	54.1	46.3	49.5	46.0	45.0	46.7	47.4	45.3	47.5	46.1	45.4	40.6	38.3	37.0	35.8	34.7	29.3	23.5	21.4	20.9	21.9	20.7
2018/02/08 15:10:09	58.3	35.5	35.5	50.4	50.4	58.8	58.8	61.7	61.7	60.8	60.5	61.2	54.1	58.1	54.5	48.7	49.3	49.4	47.6	48.7	46.4	46.2	42.1	38.6	38.2	36.4	35.9	30.2	25.0	21.4	21.1	21.8	20.9
2018/02/08 15:10:10	58.2	29.7	29.7	44.5	44.5	54.5	54.5	55.8	55.8	51.6	48.8	52.0	47.5	51.0	48.1	46.5	49.3	49.5	48.9	50.3	48.9	50.2	45.3	42.7	40.7	38.6	38.7	32.7	28.2	22.9	21.2	21.7	20.8
2018/02/08 15:10:11	63.9	28.7	28.7	46.2	46.2	52.2	52.2	53.3	53.3	50.9	53.8	55.7	49.2	56.0	51.8	52.0	52.5	54.9	56.1	57.4	53.3	53.9	50.4	50.7	49.5	47.8	47.2	43.7	36.0	28.9	24.9	24.1	21.9
2018/02/08 15:10:12	67.5	32.1	32.1	52.0	52.0	57.2	57.2	58.9	58.9	59.8	61.9	62.1	55.0	58.5	56.6	56.7	56.8	58.1	59.7	60.8	57.9	56.3	53.3	53.6	52.9	52.4	52.4	47.3	39.1	33.1	29.4	27.7	24.9
2018/02/08 15:10:13	63.7	34.9	34.9	50.9	50.9	56.3	56.3	56.7	56.7	58.5	59.5	57.3	54.6	57.5	54.3	51.4	52.8	51.3	53.2	57.5	56.2	53.3	49.7	48.4	47.7	47.9	46.8	42.7	33.8	27.8	25.5	24.2	22.4
2018/02/08 15:10:14	61.2	29.2	29.2	46.4	46.4	55.2	55.2	56.5	56.5	55.2	53.2	54.1	52.7	56.1	51.2	49.4	50.9	51.0	51.3	54.0	53.0	51.4	48.4	46.3	45.8	45.4	43.8	39.1	30.6	25.2	24.4	23.2	23.4
2018/02/08 15:10:15	60.6	32.2	32.2	50.3	50.3	59.3	59.3	58.5	58.5	55.1	54.5	56.3	51.7	55.0	51.9	49.7	52.1	49.8	51.9	53.7	52.1	49.5	47.6	44.4	43.2	43.4	41.7	36.3	28.8	24.1	22.5	22.4	22.3
2018/02/08 15:10:16	60.2	33.7	33.7	52.7	52.7	61.1	61.1	61.2	61.2	57.0	54.5	55.2	52.9	53.8	51.8	48.3	50.4	49.1	49.8	52.5	51.5	51.2	47.7	45.5	44.1	44.4	42.4	37.2	29.1	24.2	22.2	22.1	21.0
2018/02/08 15:10:17	59.8	32.6	32.6	54.9	54.9	61.7	61.7	59.3	59.3	55.4	55.6	56.8	53.6	55.5	52.4	49.0	51.3	48.9	47.9	51.6	51.5	49.5	47.5	44.7	44.0	44.0	42.6	36.7	28.6	23.6	22.0	22.3	21.3
2018/02/08 15:10:18	58.2	31.9	31.9	50.7	50.7	58.1	58.1	59.1	59.1	57.7	54.5	55.0	47.9	53.3	47.4	45.7	49.1	48.7	47.9	50.7	50.0	47.8	45.9	42.4	41.0	41.1	40.7	34.3	26.7	22.7	21.7	22.1	21.1
2018/02/08 15:10:19	57.0	31.5	31.5	46.9	46.9	57.3	57.3	60.0	60.0	56.0	53.5	54.5	48.8	52.7	49.3	45.4	47.2	49.0	45.8	48.1	48.6	47.0	44.0	42.0	40.2	40.6	39.1	33.2	25.2	21.3	21.2	21.9	21.0
2018/02/08 15:10:20	57.2	30.0	30.0	45.5	45.5	56.0	56.0	57.7	57.7	52.5	50.4	51.3	45.6	50.0	46.1	45.6	47.1	47.6	45.2	47.9	49.2	47.4	45.7	44.5	43.1	42.6	42.0	36.1	27.5	22.8	21.3	21.6	20.9
2018/02/08 15:10:21	57.2	32.9	32.9	47.9	47.9	58.5	58.5	61.7	61.7	57.4	56.1	55.8	48.3	51.9	47.7	46.1	48.7	48.5	47.2	48.4	47.7	46.9	44.0	43.0	41.5	41.9	40.4	33.4	25.4	21.9	21.2	21.8	20.9
2018/02/08 15:10:22	57.8	31.4	31.4	51.0	51.0	60.3	60.3	59.5	59.5	53.5	53.4	54.9	47.2	52.7	49.5	47.1	50.3	48.8	49.0	49.6	48.0	46.7	44.1	43.9	42.0	42.4	40.9	33.7	25.0	22.3	21.4	22.0	20.9
2018/02/08 15:10:23	59.5	34.3	34.3	53.3	53.3	62.4	62.4	61.3	61.3	57.0	54.5	53.4	48.2	52.2	51.2	47.8	52.0	52.7	50.5	50.7	49.8	48.1	46.0	45.7	44.6	43.7	42.1	35.6	26.7	22.7	22.2	22.7	20.8
2018/02/08 15:10:24	60.8	34.7	34.7	52.9	52.9	62.8	62.8	61.7	61.7	56.9	56.6	57.0	50.7	54.7	50.5	49.2	53.5	53.7	53.3	52.7	50.4	47.7	46.7	46.5	45.1	44.6	43.2	36.6	28.7	23.9	23.0	23.3	21.1
2018/02/08 15:10:25	59.3	34.9	34.9	53.8	53.8	63.2	63.2	61.6	61.6	58.7	56.1	56.5	50.2	52.7	48.3	47.7	52.8	50.7	50.0	52.4	49.5	46.8	44.9	44.5	42.4	42.7	41.0	35.2	27.1	22.7	22.2	21.9	21.1
2018/02/08 15:10:26	57.8	33.5	33.5	51.8	51.8	60.6	60.6	60.2	60.2	56.2	55.4	56.2	51.6	53.1	50.3	44.9	50.1	48.2	48.7	48.9	47.8	46.9	44.4	43.5	42.2	43.5	41.5	35.3	27.1	22.8	21.7	21.9	20.8
2018/02/08 15:10:27	56.9	31.8	31.8	53.2	53.2	61.5	61.5	61.2	61.2	58.9	58.4	57.9	51.9	52.6	49.1	46.0	49.0	46.6	45.7	46.9	46.8	45.7	43.9	43.4	41.3	42.4	40.6	34.5	25.8	22.9	21.7	22.1	21.2
2018/02/08 15:10:28	59.1	34.9	34.9	54.5	54.5	63.9	63.9	64.0	64.0	61.8	60.1	63.3	58.2	58.1	51.5	47.2	49.5	47.7	46.7	48.2	48.0	47.3	45.4	43.6	42.7	43.0	41.3	34.9	25.7	23.6	22.1	22.3	21.0
2018/02/08 15:10:29	57.3	32.2	32.2	51.6	51.6	57.7	57.7	57.6	57.6	57.3	54.9	56.7	51.9	54.3	49.5	46.0	48.2	47.7	48.0	49.0	47.2	45.5	44.2	42.6	41.0	41.6	39.9	33.6	25.2	22.8	22.0	22.4	21.1
2018/02/08 15:10:30	56.3	29.8	29.8	51.5	51.5	59.3	59.3	58.8	58.8	55.9	53.0	54.5	49.4	51.4	49.1	45.2	47.7	45.8	46.2	48.0	47.8	45.1	43.4	41.0	41.3	39.5	37.7	32.7	24.3	21.9	21.5	22.2	21.1
2018/02/08 15:10:31	56.9	29.7	29.7	48.6	48.6	59.0	59.0	61.4	61.4	59.6	56.4	56.5	53.2	56.6	53.5	51.2	49.8	47.5	44.7	45.3	44.5	43.4	42.4	41.0	39.0	40.1	38.0	32.8	24.4	21.8	21.5	22.1	21.2
2018/02/08 15:10:32	55.6	33.5	33.5	51.5	51.5	59.9	59.9	58.5	58.5	57.3	56.3	56.8	51.0	52.8	48.1	43.1	45.2	45.4	43.6	44.9	45.8	44.9	43.9	42.3	39.5	40.7	38.7	33.2	25.3	22.9	21.9	22.5	21.6
2018/02/08 15:10:33	53.6	29.8	29.8	48.8	48.8	57.8	57.8	57.7	57.7	53.1	50.5	52.2	46.7	49.6	46.2	43.4	46.1	44.2	42.0	41.9	43.4	42.7	41.6	40.7	39.2	39.5	37.7	33.2	25.5	22.9	22.3	22.6	21.7
2018/02/08 15:10:34	52.8	30.2	30.2	49.0	49.0	57.5	57.5	57.0	57.0	53.3	51.0	50.6	43.5	47.6	45.1	41.7	46.6	44.8	43.6	41.4	41.7	41.9	40.3	39.0	37.8	38.0	36.3	30.5	24.2	21.8	21.2	22.1	21.0
2018/02/08 15:10:35	52.7	30.5	30.5	47.5	47.5	58.2	58.2	59.9	59.9	57.0	54.5	53.6	48.6	49.0	44.3	42.3	44.5	43.2	42.1	41.1	41.6	40.8	40.2	38.7	37.6	37.3	35.6	30.3	23.8	21.5	21.0	21.7	20.9
2018/02/08 15:10:36	53.1	29.0	29.0	48.5	48.5	56.1	56.1	56.8	56.8	56.5	54.0	55.6	49.4	50.3	46.5	43.6	45.7	44.0	42.0	41.1	41.7	41.7	39.1	38.3	36.8	37.1	35.2	29.6	23.7	21.3	21.0	21.9	20.9
2018/02/08 15:10:37	56.8	29.7	29.7	49.3	49.3	59.7	59.7	61.3	61.3	57.4	52.7	61.8	57.2	56.7	53.8	50.4	47.7	45.8	43.8	42.7	43.8	43.1	40.7	39.3	37.9	38.0	36.3	30.8	24.8	22.4	21.7	22.4	21.7
2018/02/08 15:10:38	53.9	28.7	28.7	48.3	48.3	57.2	57.2	57.1	57.1	55.3	54.5	53.4	47.2	49.8	44.6	41.7	45.9	45.3	41.3	42.6	44.3	43.3	42.2	40.1	38.5	39.6	37.5	32.1	26.2	23.0	21.8	22.4	21.9
2018/02/08 15:10:39	54.6	35.9	35.9	49.5	49.5	56.2	56.2	57.3	57.3	58.2	57.8	55.7	47.8	50.0	48.1	45.0	46.7	44.7	41.6	42.8	43.9	44.7	42.5	40.3	38.9	39.5	37.0	32.0	25.4	22.1	21.3	21.9	21.0
2018/02/08 15:10:40	55.5	28.1	28.1	47.3	47.3	55.4	55.4	57.9	57.9	56.3	53.5	53.3	48.2	49.1	45.7	45.0	45.9	46.0	44.8	44.1	45.6	46.9	44.0	42.8	40.4	40.1	38.7	32.9	27.8	24.0	22.1	22.5	21.1
2018/02/08 15:10:41	56.6	31.4	31.4	48.0	48.0	55.6	55.6	55.7	55.7	54.8	54.1	54.9	48.2	49.2	46.8	43.9	47.7	46.5	44.5	46.3	47.1	48.1	45.9	43.2	42.1	41.1	40.9	34.2	29.7	26.8	22.9	23.2	21.3
2018/02/08 15:10:42	58.9	36.6	36.6	50.1	50.1	56.5	56.5	54.7	54.7	52.9	50.5	48.8	44.3	51.7	49.2	46.3	48.7	48.1	48.0	50.3	49.5	49.7	47.8	46.0	45.8	44.6	44.7	38.2	33.2	30.3	27.1	28.1	24.7
2018/02/08 15:10:43	62.2	38.2	38.2	50.4	50.4	55.8	55.8	54.6	54.6	53.7	51.6	50.3	48.1	53.0	51.7	50.3	51.4	51.5	52.3	53.6	53.1	51.3	50.1	49.6	48.4	50.3	50.1	44.0	38.3	35.0	30.6	33.1	30.6
2018/02/08 15:10:44	62.5	38.4	38.4	49.5	49.5	56.8	56.8	59.4	59.4	58.8	54.0	52.9	49.2	54.5	53.0	49.6	52.3	51.3	50.8	52.9	54.0	52.6	51.8	50.3	48.7	49.5	48.6	42.9	35.8	33.0	31.1	31.7	29.3
2018/02/08 15:10:45	58.6	31.8	31.8	47.3	47.3	56.1	56.1	56.8	56.8	52.9	50.2	50.6	49.8	53.8	51.5	48.8	48.6	44.6	44.0	46.9	50.3	49.6	47.6	46.8	45.8	45.2	43.4	37.2	28.9	24.2	23.2	23.1	21.6
2018/02/08 15:10:46	54.1	28.1	28.1	45.9	45.9	55.1	55.1	53.8	53.8	49.5	49.8	51.4	44.3	48.6	46.3	43.0	44.8	41.2	40.6	43.1	44.1	44.1	42.9	42.6	41.2	42.0	40.3	33.9	26.0	22.3	21.4	22.0	20.9
2018/02/08 15:10:47	53.9	28.9	28.9	48.9	48.9	57.3	57.3	58.1	58.1	56.5	54.7	55.0	47.5	49.5	46.3	43.1	43.8	41.5	39.3	41.7	43.6	43.7	42.4	42.1	40.4	40.6	38.5	32.1	24.9	21.8	21.7	22.2	21.1
2018/02/08 15:10:48	52.7	29.9	29.9	48.2	48.2	56.5	56.5	57.3	57.3	54.2	51.9	48.9	44.7	47.9	45.7	43.2	42.4	40.5	38.8	40.5	42.9	43.0	41.8	40.4	39.5	39.7	37.2	31.9	25.8	21.4	21.3	21.9	20.8
2018/02/08 15:10:49	52.1	27.9	27.9	47.0	47.0	55.2	55.2	55.9	55.9	54.3	48.4	48.6	43.3	46.7	44.5	42.6	44.8	40.7	39.3	40.3	42.2	41.1	41.0	39.7	39.0	39.4	37.2	31.2	23.5	20.8	21.0	21.8	20.9
2018/02/08 15:10:50	51.2	29.3	29.3	46.6	46.6	54.7	54.7	54.0	54.0	51.0	48.3	49.4	43.9	46.9	44.2	41.9	43.1	41.4	38.9	39.8	40.9	40.3	39.4	38.5	37.5	38.0	35.7	29.2	22.3	20.5	20.9	21.6	20.6
2018/02/08 15:10:51	50.3	25.7	25.7	44.8	44.8	52.8	52.8	50.7	50.7	46.5	44.1	43.4	39.1	43.1	43.7	41.7	43.7	40.9	38.5	39.2	41.1	39.3	38.6	36.8	35.9	37.4	34.6	28.1	22.1	20.9	20.9	21.8	20.7
2018/02/08 15:10:52	49.1	26.6	26.6	46.4	46.4	53.4	53.4	50.2	50.2	47.3	44.7	45.3	38.8	43.0	42.7	41.0	43.0	40.3	37.4	38.1	38.3	37.4	36.5	35.9	35.3	36.0	33.2	27.5	21.6	20.8	20.8	21.8	21.1
2018/02/08 15:10:53	48.5	28.4	28.4	44.5	44.5	52.8	52.8	52.0	52.0	47.1	42.2	46.0	43.4	43.8	41.3	39.4	41.5	39.6	38.1	38.5	38.6	36.7	34.9	34.5	33.9	34.5	32.1	26.8	21.6	20.6	21.0	22.0	21.0
2018/02/08 15:10:54	48.6	26.8	26.8	46.3	46.3	55.3	55.3	55.7	55.7	52.1	48.4	49.1	43.3	43.6	41.6	40.1	42.6	40.2	36.3	37.7	37.4	36.3	34.9	33.9	33.0	33.8	32.2	26.4	21.4	20.5	20.9	21.7	21.0
2018/02/08 15:10:55	46.9	27.0	27.0	45.9	45.9	53.7	53.7	51.5	51.5	44.1	39.2	43.3	40.2	41.6	41.2	39.7	40.9	38.6	35.9	36.8	35.5	34.8	33.2	32.8	32.3	33.0	31.3	25.8	20.7	20.2	20.8	21.7	20.8
2018/02/08 15:10:56	47.1	23.9	23.9	44.2	44.2	52.2	52.2	50.9	50.9	45.7	42.1	44.5	38.9	42.5	38.3	38.0	42.8	39.3	36.6	35.9	36.6	34.6	32.8	32.6	32.0	32.6	30.6	25.2	20.9	20.2	21.1	21.9	20.9
2018/02/08 15:10:57	47.4	26.3	26.3	45.2	45.2	53.4	53.4	52.6	52.6	48.7	45.9	45.1	41.9	44.7	39.5	38.0	41.6	39.5	36.4	36.4	35.9	35.6	33.1	32.3	32.3	33.1	31.5	26.3	21.8	20.4	20.8	21.5	20.8
2018/02/08 15:10:58	46.7	24.5	24.5	46.5	46.5	54.7	54.7	53.0	53.0	46.4	43.3	45.5	41.5	43.4	39.6	39.0	40.7	37.4	35.6	36.0	34.7	34.1	32.8	31.6	31.9	33.1	31.2	26.2	22.6	21.2	21.0	22.1	21.3
2018/02/08 15:10:59	47.0	24.8	24.8	45.3	45.3	53.0	53.0	51.0	51.0	43.6	42.0	44.9	41.1	41.9	42.2	38.5	40.9	38.8	35.7	35.4	35.0	33.3	33.1	33.0	33.3	34.0	32.6	28.3	23.4	21.2	21.2	22.0	21.1
2018/02/08 15:11:00	47.0	24.6	24.6	45.1	45.1	52.9	52.9	50.0	50.0	41.4	41.6	44.7	39.7	41.9	40.7	39.4	41.8	38.3	36.0	35.9	35.9	34.6	32.6	31.5	32.2	33.4	32.2	27.8	23.2	21.0	21.2	22.4	21.6
2018/02/08 15:11:01	51.7	27.3	27.3	46.5	46.5	54.2	54.2	55.1	55.1	53.2	51.7	53.6	48.7	53.2	50.8	41.8	45.2	42.9	36.7	37.5	37.3	35.6	33.7	33.8	33.7	34.2	32.9	28.1	22.9	21.5	21.4	22.3	21.2
2018/02/08 15:11:02	50.6	28.5	28.5	47.7	47.7	55.2	55.2	52.8	52.8	48.0	44.1	45.0	42.4	45.1	41.7	40.5	46.3	42.9	39.1	38.7	38.8	38.1	36.2	38.5	38.6	37.0	33.9	28.7	22.9	21.8	21.6	22.3	21.7
2018/02/08 15:11:03	50.0	24.1	24.1	46.5	46.5	54.7	54.7	53.7	53.7	47.7	44.6	45.5	40.4	43.3	43.4	41.0	45.6	42.2	38.3	38.5	39.0	38.5	36.3	35.6	36.1	35.8	34.0	28.7	22.8	21.3	21.4	22.2	21.2
2018/02/08 15:11:04	48.2	26.2	26.2	46.4	46.4	53.9	53.9	51.7	51.7	48.8	46.3	45.6	41.5	43.9	42.0	40.0	41.4	39.6	37.5	37.4	38.0	36.4	34.4	33.2	33.6	34.3	32.3	26.8	21.9	20.6	21.1	21.8	21.0
2018/02/08 15:11:05	47.3	25.5	25.5	45.6	45.6	52.0	52.0	48.4	48.4	43.6	43.2	44.4	41.1	42.3	38.6	39.3	42.1	39.6	36.1	36.4	36.6	34.7	33.0	32.1	32.7	33.8	32.5	28.0	22.1	21.0	21.0	21.9	21.0
2018/02/08 15:11:06	48.0	27.0	27.0	45.0	45.0	53.2	53.2	51.6	51.6	45.7	43.9	45.4	40.3	41.5	40.4	40.1	43.4	41.2	34.6	36.0	36.1	34.7	32.6	34.2	36.2	34.6	32.0	27.1	21.8	20.4	20.9	21.7	20.9
2018/02/08 15:11:07	48.6	31.3	31.3	47.5	47.5	56.1	56.1	57.0	57.0	52.6	49.3	50.5	44.9	47.7	40.8	40.4	40.9	40.8	37.0	36.8	37.0	34.8	32.4	32.3	32.3	33.7	31.6	27.0	21.6	20.5	20.7	21.7	21.1
2018/02/08 15:11:08	46.7	26.5	26.5	45.4	45.4	53.6	53.6	52.2	52.2	48.7	48.0	47.8	41.3	42.8	39.0	37.5	40.4	38.4	34.6	35.4	35.3	34.1	31.9	31.7	31.8	32.6	30.9	25.7	21.2	20.6	21.2	22.0	21.2
2018/02/08 15:11:09	50.6	25.8	25.8	47.1	47.1	55.5	55.5	57.0	57.0	56.6	57.3	56.8	47.2	50.4	47.3	40.9	42.0	39.4	35.6	36.0	34.8	33.5	31.5	31.5	31.6	33.3	31.4	25.7	21.2	20.2	21.0	21.8	21.1
2018/02/08 15:11:10	48.3	28.6	28.6	46.4	46.4	54.8	54.8	55.7	55.7	54.4	51.8	51.8	44.0	46.5	42.3	40.2	41.7	39.2	35.3	35.6	35.2	33.9	32.7	31.8	31.5	33.2	31.7	26.0	21.1	20.4	20.9	21.6	20.8
2018/02/08 15:11:11	48.0	25.8	25.8	45.5	45.5	54.6	54.6	54.2	54.2	49.3	46.5	46.9	40.8	42.7	40.5	39.4	43.1	40.3	37.4	35.6	35.5	36.1	33.3	32.6	33.2	34.4	32.9	27.1	21.1	20.5	21.1	21.8	21.0
2018/02/08 15:11:12	48.0	26.9	26.9	46.2	46.2	55.0	55.0	53.6	53.6	49.5	47.1	47.9	43.6	46.6	41.2	38.1	41.7	39.2	36.4	37.2	36.1	35.4	33.4	33.4	33.2	34.1	31.6	26.0	21.1	20.3	20.8	21.7	20.7
2018/02/08 15:11:13	49.6	27.0	27.0	45.9	45.9	54.2	54.2	54.5	54.5	51.3	47.1	46.8	40.3	43.3	41.5	41.2	43.0	38.9	37.9	38.4	39.3	38.7	36.7	36.4	36.3	37.4	35.0	28.7	22.2	20.9	20.8	21.8	21.0
2018/02/08 15:11:14	51.1	30.0	30.0	47.7	47.7	56.0	56.0	55.9	55.9	52.2	48.4	47.6	40.8	43.5	42.3	40.8	43.2	41.7	39.4	39.6	42.0	39.6	38.4	38.2	38.2	38.9	37.3	31.6	23.7	20.8	21.0	21.7	20.7
2018/02/08 15:11:15	53.4	30.9	30.9	47.9	47.9	55.3	55.3	56.5	56.5	53.9	50.0	51.3	44.4	46.1	43.4	45.2	47.0	42.3	40.1	41.9	43.3	42.6	41.2	40.4	40.5	41.3	38.6	33.2	25.6	21.4	20.9	21.7	20.6
2018/02/08 15:11:16	55.9	29.5	29.5	47.0	47.0	55.5	55.5	55.4	55.4	52.5	49.4	49.3	44.8	47.1	46.6	45.4	47.9	45.1	44.2	44.2	45.1	46.7	45.9	43.4	42.6	43.8	41.1	34.4	25.1	21.6	21.0	21.7	20.9
2018/02/08 15:11:17	53.0	27.3	27.3	48.3	48.3	56.8	56.8	55.1	55.1	50.3	46.2	49.5	42.8	45.0	44.5	43.6	45.3	43.9	42.4	41.0	42.0	42.2	42.3	40.5	39.5	40.4	38.1	31.9	23.1	20.7	21.1	21.7	20.7
2018/02/08 15:11:18	50.7	27.2	27.2	47.0	47.0	55.8	55.8	53.8	53.8	45.4	44.1	47.2	41.7	44.2	41.7	41.0	41.7	40.7	40.4	40.6	40.1	39.4	38.9	38.6	37.2	38.4	36.2	28.7	22.0	20.3	20.9	21.9	21.1
2018/02/08 15:11:19	50.8	26.6	26.6	44.8	44.8	52.9	52.9	50.6	50.6	44.8	42.7	45.1	42.0	45.5	43.2	41.5	43.4	41.9	40.9	40.9	40.0	39.0	38.7	38.1	37.3	37.1	35.4	29.5	21.6	20.6	20.6	21.8	20.8
2018/02/08 15:11:20	49.8	27.9	27.9	46.9	46.9	54.3	54.3	51.3	51.3	46.4	46.5	47.0	42.2	45.0	45.4	41.4	43.0	41.0	39.7	39.3	38.6	38.0	36.7	36.3	34.7	35.6	33.2	27.0	21.5	20.7	20.8	21.7	21.2
2018/02/08 15:11:21	49.7	29.9	29.9	48.2	48.2	54.3	54.3	53.4	53.4	49.4	46.5	46.9	42.0	44.7	45.1	41.2	42.4	41.0	39.2	39.7	39.2	38.2	36.8	35.7	34.6	34.9	32.2	26.0	21.1	20.2	20.9	21.7	20.8
2018/02/08 15:11:22	49.7	26.1	26.1	46.2	46.2	53.0	53.0	51.6	51.6	51.9	47.7	45.5	40.5	43.3	42.8	40.3	42.5	40.5	39.8	39.8	39.3	37.8	38.0	36.0	34.8	35.4	32.4	26.8	20.8	20.1	20.7	21.5	20.7
2018/02/08 15:11:23	50.5	28.7	28.7	46.8	46.8	56.3	56.3	54.5	54.5	46.7	46.4	46.4	41.3	43.7	43.6	40.7	44.6	41.6	40.6	40.8	40.0	39.7	38.1	37.1	35.4	35.2	32.7	26.9	21.8	21.2	21.3	22.2	21.5
2018/02/08 15:11:24	50.7	25.9	25.9	46.5	46.5	55.0	55.0	53.3	53.3	46.7	44.3	47.5	39.8	45.8	43.4	41.8	44.2	41.7	39.4	40.5	40.7	40.1	38.9	37.1	36.3	35.4	32.8	27.1	22.0	20.5	21.3	21.9	21.1
2018/02/08 15:11:25	52.3	25.6	25.6	47.7	47.7	55.1	55.1	51.2	51.2	46.4	45.0	45.6	41.2	44.7	44.2	42.2	43.9	41.9	40.7	43.1	43.3	42.7	40.9	39.2	38.7	37.8	34.2	30.7	24.0	22.3	23.5	23.5	21.6
2018/02/08 15:11:26	52.3	24.6	24.6	43.8	43.8	51.9	51.9	50.6	50.6	44.8	42.1	46.7	41.9	44.6	44.8	41.2	44.4	43.0	40.6	42.0	43.4	43.8	41.5	38.9	37.2	36.1	32.8	27.6	22.1	20.6	20.9	21.7	20.9
2018/02/08 15:11:27	52.5	27.5	27.5	46.1	46.1	54.3	54.3	51.7	51.7	46.1	45.8	46.7	41.9	44.3	43.5	42.5	45.0	43.3	40.8	41.8	42.6	44.2	42.2	39.6	37.3	35.4	32.5	26.6	21.4	20.5	21.0	21.8	21.0
2018/02/08 15:11:28	53.1	28.4	28.4	49.4	49.4	57.5	57.5	56.8	56.8	52.5	49.7	50.0	43.1	45.8	42.8	41.2	44.3	42.2	41.7	43.1	44.5	45.0	42.7	39.1	37.2	34.9	32.3	26.1	20.8	20.3	20.8	21.8	20.8
2018/02/08 15:11:29	53.4	24.9	24.9	43.8	43.8	52.0	52.0	51.7	51.7	49.2	47.4	50.1	44.6	46.1	43.6	42.4	45.9	41.8	41.0	43.3	44.8	45.5	43.3	39.2	36.9	35.3	31.9	25.8	21.0	20.1	20.9	21.9	21.2
2018/02/08 15:11:30	53.1	24.6	24.6	44.5	44.5	52.5	52.5	51.2	51.2	46.6	45.2	47.2	44.1	45.1	44.7	42.8	45.5	42.0	40.9	43.0	44.2	44.9	42.7	40.8	37.6	36.4	32.2	26.2	21.4	20.5	21.0	21.9	20.9
2018/02/08 15:11:31	54.8	24.8	24.8	44.3	44.3	52.3	52.3	50.7	50.7	45.3	43.9	47.6	43.0	45.1	45.6	42.8	44.9	42.8	42.3	44.1	46.1	47.2	45.4	43.4	40.4	37.6	34.0	27.3	21.2	20.5	20.7	21.7	20.8
2018/02/08 15:11:32	56.6	24.8	24.8	43.9	43.9	52.4	52.4	51.0	51.0	47.4	49.0	50.8	45.8	48.4	47.1	46.5	45.9	45.1	42.9	43.6	48.4	49.6	46.8	44.9	41.7	38.6	34.9	28.9	23.1	21.4	20.9	21.8	20.7
2018/02/08 15:11:33	57.7	24.1	24.1	43.8	43.8	52.2	52.2	51.3	51.3	47.6	46.7	51.2	43.9	48.1	47.6	46.0	46.1	46.7	44.2	45.8	48.0	50.7	48.7	46.6	43.7	40.0	36.6	30.3	23.9	21.3	21.0	21.6	20.9
2018/02/08 15:11:34	60.2	27.2	27.2	46.6	46.6	54.9	54.9	54.3	54.3	50.4	50.0	52.8	45.8	50.3	48.7	46.6	48.4	50.0	44.8	46.7	49.9	53.5	51.3	50.4	46.4	42.5	39.9	32.6	26.6	22.8	21.5	22.2	21.6
2018/02/08 15:11:35	65.2	28.5	28.5	50.8	50.8	57.5	57.5	54.8	54.8	51.7	52.6	57.0	48.5	54.1	53.1	52.9	53.8	53.6	52.0	52.5	55.8	58.0	56.1	54.7	52.8	48.9	45.9	39.2	31.2	27.4	24.9	24.3	22.5
2018/02/08 15:11:36	71.4	32.3	32.3	54.0	54.0	61.0	61.0	60.9	60.9	61.6	60.7	63.1	56.9	59.4	59.6	57.4	59.5	60.0	60.2	61.6	62.3	63.5	61.6	60.1	58.4	56.4	53.7	47.4	39.6	34.6	32.8	32.0	29.0
2018/02/08 15:11:37	68.5	32.8	32.8	53.7	53.7	59.1	59.1	56.6	56.6	56.2	57.6	62.4	55.9	61.1	59.6	57.7	57.5	57.0	53.1	56.0	57.5	59.4	60.0	58.2	56.8	55.7	52.9	45.5	34.9	28.7	27.1	25.3	22.9
2018/02/08 15:11:38	62.1	29.1	29.1	50.4	50.4	56.3	56.3	54.4	54.4	53.1	52.8	59.2	53.0	56.2	53.8	52.7	51.1	49.1	47.8	48.3	50.1	52.2	53.1	52.8	50.3	49.4	46.8	38.8	28.5	22.7	21.8	22.0	21.1
2018/02/08 15:11:39	57.4	25.4	25.4	45.0	45.0	53.0	53.0	52.2	52.2	50.1	49.4	53.3	47.8	51.5	50.4	49.7	47.1	44.9	43.7	44.4	46.7	48.3	47.5	46.1	44.9	44.4	41.1	34.9	24.7	21.1	21.3	21.7	21.1
2018/02/08 15:11:40	56.8	28.8	28.8	47.4	47.4	55.9	55.9	55.7	55.7	51.9	48.3	54.3	48.6	50.6	49.8	47.1	47.3	46.7	42.8	43.6	45.9	47.7	47.4	45.4	44.1	42.8	39.2	32.4	22.6	20.5	20.8	21.8	20.8
2018/02/08 15:11:41	53.4	26.0	26.0	47.7	47.7	54.8	54.8	53.9	53.9	51.2	47.3	51.0	45.2	45.5	45.4	44.1	46.0	43.1	40.4	40.5	43.0	44.2	43.3	41.3	40.5	39.6	34.7	28.1	21.2	20.3	21.1	21.8	21.1
2018/02/08 15:11:42	51.8	27.7	27.7	47.9	47.9	55.2	55.2	53.8	53.8	50.2	50.4	50.8	45.4	46.7	43.7	42.7	44.0	40.7	39.6	40.6	41.6	42.2	41.4	38.6	37.3	36.3	32.8	26.3	20.6	20.2	20.9	21.9	21.0
2018/02/08 15:11:43	54.1	29.1	29.1	46.0	46.0	53.6	53.6	54.8	54.8	54.9	53.7	57.0	50.4	54.8	49.0	46.4	44.0	41.9	40.0	41.1	41.6	44.3	41.9	39.7	38.3	37.2	33.2	27.2	20.8	20.3	20.7	21.7	20.9
2018/02/08 15:11:44	49.6	28.2	28.2	47.1	47.1	56.1	56.1	56.3	56.3	52.7	49.7	51.3	42.5	47.9	43.8	41.0	41.6	38.2	36.7	37.9	37.7	39.0	37.6	35.9	35.0	33.6	32.0	25.1	20.4	20.2	20.9	21.8	21.0
2018/02/08 15:11:45	55.3	31.0	31.0	51.8	51.8	60.3	60.3	60.6	60.6	60.2	59.3	59.4	58.1	58.7	53.0	48.6	44.6	38.8	35.4	35.9	36.1	35.9	34.5	32.5	30.8	31.1	29.4	24.0	20.2	20.2	20.7	21.7	20.9
2018/02/08 15:11:46	53.3	33.9	33.9	54.4	54.4	61.4	61.4	61.5	61.5	59.8	57.7	58.4	53.6	55.9	50.2	48.2	43.8	36.7	35.0	35.1	33.6	33.6	30.9	30.1	29.4	30.9	29.3	23.6	20.1	20.2	20.8	21.9	21.1
2018/02/08 15:11:47	47.4	30.5	30.5	48.3	48.3	56.4	56.4	55.0	55.0	52.7	50.7	49.0	45.0	46.1	41.3	38.5	40.7	39.6	35.2	34.8	34.0	34.0	32.1	31.0	29.6	30.7	28.3	22.9	19.9	20.1	20.7	21.6	20.8
2018/02/08 15:11:48	47.0	27.9	27.9	46.3	46.3	54.4	54.4	54.0	54.0	50.9	48.2	50.7	44.6	45.8	40.3	37.6	39.0	38.7	35.4	35.3	34.5	34.1	31.7	30.2	29.7	30.9	28.9	23.3	20.0	20.1	20.7	21.7	21.0
2018/02/08 15:11:49	46.5	26.5	26.5	45.7	45.7	53.8	53.8	51.8	51.8	46.4	43.7	44.7	39.0	43.2	39.4	37.7	40.1	39.8	35.1	35.4	34.9	35.3	33.3	32.2	30.5	31.7	28.7	23.7	20.1	20.0	20.8	22.0	21.0
2018/02/08 15:11:50	47.2	25.6	25.6	46.8	46.8	55.0	55.0	53.5	53.5	48.3	44.6	46.3	40.0	42.6	40.7	38.2	40.2	41.7	35.3	36.6	35.4	35.6	33.1	32.0	30.8	31.1	28.8	23.0	20.0	20.1	20.7	21.6	21.0
2018/02/08 15:11:51	46.6	26.1	26.1	45.2	45.2	53.2	53.2	50.8	50.8	43.5	42.3	43.7	37.0	40.2	39.8	38.0	41.2	40.0	35.5	36.1	35.3	34.5	33.5	32.6	32.4	31.0	28.8	23.2	20.0	20.0	20.8	21.7	20.5
2018/02/08 15:11:52	47.4	25.9	25.9	45.5	45.5	53.4	53.4	51.6	51.6	45.6	44.3	45.2	38.5	42.1	40.9	39.8	41.3	39.0	36.5	37.3	36.5	35.2	35.3	33.0	32.1	32.0	29.6	24.0	20.3	20.4	20.7	21.8	20.8
2018/02/08 15:11:53	48.3	26.1	26.1	46.3	46.3	54.1	54.1	52.6	52.6	46.9	43.1	45.4	39.9	42.8	41.1	40.5	42.0	40.7	38.0	38.3	37.3	36.4	36.1	34.2	33.2	32.2	30.2	24.0	20.1	20.2	20.8	21.9	21.1
2018/02/08 15:11:54	49.0	26.0	26.0	46.7	46.7	55.0	55.0	54.1	54.1	47.5	42.0	46.2	37.9	43.6	41.0	39.7	42.5	40.3	37.4	39.7	39.1	38.6	36.5	34.9	33.6	33.1	29.9	24.6	19.9	20.5	20.7	21.8	21.2
2018/02/08 15:11:55	51.4	31.4	31.4	48.5	48.5	56.2	56.2	56.1	56.1	56.8	55.6	55.5	48.7	51.7	47.4	42.1	43.7	40.7	37.2	39.8	38.7	37.7	35.6	33.4	32.3	31.6	29.1	23.6	20.0	20.1	20.8	21.9	20.7
2018/02/08 15:11:56	49.2	30.2	30.2	46.5	46.5	54.1	54.1	55.2	55.2	53.3	50.0	47.9	46.8	46.2	40.8	40.1	41.9	40.4	38.3	39.5	39.0	37.4	35.1	33.2	32.7	33.1	30.8	24.5	20.4	20.2	20.7	21.8	21.2
2018/02/08 15:11:57	55.1	33.8	33.8	51.8	51.8	60.8	60.8	61.7	61.7	59.5	57.5	59.4	55.1	56.3	50.4	50.8	48.9	42.8	39.6	40.6	39.9	38.6	35.1	34.0	33.3	33.9	31.3	24.6	20.3	20.4	20.5	21.7	20.8
2018/02/08 15:11:58	50.3	30.2	30.2	46.8	46.8	54.4	54.4	55.0	55.0	52.7	49.8	51.3	43.9	46.5	44.2	42.8	42.8	41.1	38.9	40.7	39.8	38.6	36.2	35.2	34.7	33.8	31.2	25.1	20.5	20.1	21.0	21.7	21.1
2018/02/08 15:11:59	55.5	36.1	36.1	51.8	51.8	61.2	61.2	62.7	62.7	61.8	60.2	59.3	52.9	56.2	51.6	48.9	49.7	46.3	40.1	41.4	40.7	38.8	35.8	35.5	34.3	33.6	30.7	24.8	20.4	20.4	20.8	21.8	21.0
2018/02/08 15:12:00	51.6	31.0	31.0	49.4	49.4	58.5	58.5	59.7	59.7	55.0	52.1	50.0	44.8	48.5	44.7	41.1	43.7	41.3	40.2	41.7	41.6	41.0	38.6	37.2	36.2	34.4	31.5	25.7	20.7	20.5	21.0	21.9	21.1
2018/02/08 15:12:01	52.8	29.5	29.5	47.0	47.0	55.2	55.2	54.5	54.5	47.8	47.3	48.9	43.6	46.9	45.1	43.2	45.4	43.5	40.7	43.9	43.6	42.7	39.9	39.4	38.4	37.2	34.4	28.4	21.7	20.6	20.7	21.8	21.0
2018/02/08 15:12:02	54.9	27.5	27.5	45.7	45.7	54.9	54.9	56.3	56.3	51.7	46.8	49.8	47.0	49.1	48.9	48.0	47.7	45.6	42.5	44.1	45.4	44.2	41.3	42.3	42.2	40.0	37.0	29.9	22.8	21.0	20.8	21.8	21.1
2018/02/08 15:12:03	57.1	28.5	28.5	43.6	43.6	54.4	54.4	57.5	57.5	53.6	47.8	53.9	50.3	51.3	51.9	49.8	48.2	48.2	45.7	45.4	48.7	46.6	44.5	43.0	43.5	41.3	39.5	32.2	24.4	21.9	21.0	22.0	21.3
2018/02/08 15:12:04	58.9	27.6	27.6	49.1	49.1	57.1	57.1	55.5	55.5	52.0	50.2	53.7	52.1	54.6	55.3	50.5	51.0	48.6	46.9	47.0	49.4	49.3	46.4	45.5	45.2	43.5	41.6	34.9	26.6	23.5	21.7	21.9	21.2
2018/02/08 15:12:05	61.0	29.4	29.4	46.5	46.5	55.8	55.8	54.4	54.4	53.2	51.6	52.3	52.0	54.2	53.1	51.7	53.0	49.5	49.4	50.8	51.9	51.9	48.2	48.8	49.0	46.8	44.9	39.4	31.2	27.1	23.7	23.1	21.6
2018/02/08 15:12:06	65.5	31.7	31.7	50.0	50.0	58.7	58.7	56.7	56.7	53.7	51.4	54.7	59.9	61.1	63.2	55.8	55.1	55.1	53.0	56.3	54.7	54.0	52.2	52.6	52.4	52.0	50.9	45.3	37.2	33.5	29.7	29.1	27.2
2018/02/08 15:12:07	68.0	33.3	33.3	51.0	51.0	59.6	59.6	58.4	58.4	54.3	52.6	57.0	58.9	60.2	64.2	60.0	59.3	57.2	55.7	57.3	57.9	56.8	54.9	55.4	56.2	54.6	55.1	48.9	40.2	36.3	32.9	31.9	27.5
2018/02/08 15:12:08	67.4	27.0	27.0	48.7	48.7	56.2	56.2	54.9	54.9	55.2	52.7	56.0	61.1	61.0	67.4	58.5	59.0	55.7	53.6	54.2	56.7	55.6	54.7	54.8	56.1	53.3	51.1	45.4	37.3	31.7	28.5	25.4	22.3
2018/02/08 15:12:09	64.7	27.7	27.7	48.2	48.2	54.8	54.8	53.9	53.9	55.1	51.4	52.8	55.0	59.4	59.8	57.0	56.5	54.4	53.0	53.6	54.3	53.6	52.9	52.7	53.6	51.0	48.5	42.7	35.1	29.5	25.3	23.3	21.7
2018/02/08 15:12:10	64.2	26.1	26.1	48.1	48.1	56.2	56.2	58.6	58.6	58.2	52.5	52.3	54.0	57.2	61.2	55.4	53.8	52.9	51.6	50.5	53.2	52.5	52.3	53.4	54.0	52.3	49.2	43.3	35.2	30.2	25.5	22.9	21.6
2018/02/08 15:12:11	62.6	25.1	25.1	45.8	45.8	53.2	53.2	53.1	53.1	53.7	50.2	52.3	53.8	54.7	57.4	52.3	53.8	52.6	50.4	50.7	51.4	51.3	50.3	52.0	52.3	50.0	48.4	41.7	34.0	27.5	23.2	22.5	21.0
2018/02/08 15:12:12	61.0	24.3	24.3	43.8	43.8	51.6	51.6	52.1	52.1	53.7	50.7	52.8	53.4	55.0	55.1	51.6	52.1	50.8	52.4	50.7	50.5	49.6	49.1	49.6	48.2	46.4	44.2	38.4	29.6	25.0	22.2	21.9	21.1
2018/02/08 15:12:13	60.1	31.2	31.2	46.6	46.6	56.0	56.0	57.9	57.9	54.7	52.4	51.6	48.2	52.4	51.6	50.4	51.8	51.4	53.0	50.9	49.4	49.2	48.6	46.2	44.8	45.1	41.7	36.8	26.7	22.7	21.5	21.7	21.0
2018/02/08 15:12:14	60.5	25.7	25.7	45.6	45.6	55.0	55.0	58.2	58.2	54.4	49.5	52.9	50.3	53.5	49.8	50.6	51.8	52.4	53.4	52.2	50.2	49.2	48.0	46.4	45.0	46.6	43.0	37.3	27.1	23.2	21.6	22.2	21.0
2018/02/08 15:12:15	60.4	31.7	31.7	49.1	49.1	58.3	58.3	57.9	57.9	54.5	53.0	53.1	49.7	52.6	51.0	52.3	51.2	50.8	53.0	52.8	49.6	49.7	48.0	45.6	45.2	45.9	41.5	36.1	26.9	22.5	21.9	22.1	21.0
2018/02/08 15:12:16	61.2	31.9	31.9	49.1	49.1	57.7	57.7	56.4	56.4	57.0	55.2	53.2	49.4	53.2	52.4	50.3	52.1	52.1	53.2	51.7	50.1	50.4	50.3	48.2	46.8	48.7	43.5	39.1	29.8	23.8	22.0	22.4	21.0
2018/02/08 15:12:17	61.6	32.2	32.2	51.1	51.1	60.5	60.5	59.3	59.3	58.5	59.7	55.0	49.3	54.4	52.4	50.3	52.5	51.2	52.2	53.7	52.0	51.1	50.8	47.7	45.8	47.7	42.6	38.5	28.0	22.8	22.0	22.2	20.9
2018/02/08 15:12:18	61.2	29.0	29.0	48.9	48.9	57.4	57.4	59.8	59.8	61.5	59.4	55.3	51.6	55.2	53.5	51.6	52.3	50.8	50.5	51.1	51.2	50.9	50.0	48.3	46.7	48.9	44.1	39.7	28.6	23.1	21.3	21.8	20.6
2018/02/08 15:12:19	60.3	28.9	28.9	49.5	49.5	55.5	55.5	58.9	58.9	64.8	61.9	54.0	52.2	56.5	51.6	51.5	51.8	50.3	48.7	49.2	50.3	49.0	49.1	47.6	46.1	47.4	42.6	38.3	28.4	23.2	21.5	21.9	20.9
2018/02/08 15:12:20	57.9	27.6	27.6	45.5	45.5	54.7	54.7	53.9	53.9	55.3	55.7	52.4	49.5	55.7	49.1	50.6	50.5	49.1	46.7	46.7	48.0	47.1	46.1	44.4	42.5	42.9	39.8	33.7	24.6	21.2	21.0	21.6	21.0
2018/02/08 15:12:21	57.9	29.8	29.8	46.4	46.4	55.4	55.4	55.1	55.1	52.9	53.8	52.6	48.9	53.1	52.2	48.6	50.0	48.6	47.0	49.2	48.5	47.4	45.1	43.7	41.7	43.0	40.1	33.6	24.7	21.7	21.1	21.8	21.1
2018/02/08 15:12:22	58.1	28.1	28.1	47.4	47.4	55.8	55.8	54.6	54.6	52.8	51.6	53.5	49.1	51.7	49.2	46.9	50.8	48.5	48.6	49.4	48.1	47.1	45.6	43.6	43.8	45.0	41.8	37.4	27.6	24.1	21.7	21.7	20.8
2018/02/08 15:12:23	60.4	29.6	29.6	46.6	46.6	54.6	54.6	55.6	55.6	54.2	50.5	53.7	53.6	53.9	52.2	50.7	52.8	49.5	49.6	52.4	52.1	49.4	47.1	46.6	45.3	46.9	44.0	38.5	30.0	25.8	22.9	22.3	21.0
2018/02/08 15:12:24	61.8	30.2	30.2	49.2	49.2	60.0	60.0	62.0	62.0	57.1	52.6	51.9	48.2	55.4	52.3	52.0	54.3	51.4	51.1	54.1	53.6	50.4	48.9	47.4	47.2	47.5	44.3	38.8	30.9	25.5	22.9	22.4	20.9
2018/02/08 15:12:25	61.5	28.2	28.2	47.7	47.7	57.8	57.8	59.2	59.2	53.5	49.6	52.9	48.3	53.1	51.2	51.2	54.8	50.7	52.0	54.1	53.3	51.0	48.6	45.7	45.7	45.6	43.5	38.1	29.4	24.9	22.3	22.2	21.3
2018/02/08 15:12:26	60.1	26.6	26.6	47.0	47.0	56.9	56.9	58.8	58.8	51.9	46.5	50.6	47.5	50.7	49.5	48.5	52.6	50.0	50.1	50.9	52.6	49.6	47.6	45.5	45.0	46.2	44.4	39.5	30.2	25.3	22.2	22.1	21.1
2018/02/08 15:12:27	58.3	24.8	24.8	46.7	46.7	55.1	55.1	54.1	54.1	49.7	48.9	51.8	47.4	50.6	49.3	47.1	52.2	48.2	47.0	48.9	49.5	48.4	45.5	44.5	43.8	44.8	42.7	36.5	28.3	23.5	22.1	22.1	21.1
2018/02/08 15:12:28	58.9	27.3	27.3	49.6	49.6	56.4	56.4	53.8	53.8	52.1	50.9	54.4	49.9	50.9	50.0	47.4	49.5	48.7	47.6	48.6	50.9	49.4	46.8	45.7	45.6	45.5	43.7	37.7	28.1	24.0	22.6	22.7	21.3
2018/02/08 15:12:29	59.4	29.0	29.0	47.6	47.6	56.1	56.1	56.0	56.0	54.2	52.0	58.3	47.0	51.4	50.1	47.7	51.6	49.5	48.5	49.4	50.9	48.9	46.7	45.5	45.9	45.9	44.4	39.0	29.9	25.6	23.9	23.9	22.4
2018/02/08 15:12:30	59.8	30.5	30.5	50.4	50.4	59.3	59.3	57.3	57.3	50.1	49.0	59.1	50.2	53.1	50.1	47.8	51.9	51.9	48.2	50.8	51.2	47.4	46.2	46.3	46.0	46.4	45.6	39.4	29.8	25.0	23.2	23.4	21.9
2018/02/08 15:12:31	59.2	30.7	30.7	50.4	50.4	59.6	59.6	58.2	58.2	51.0	49.6	52.6	48.5	51.5	49.6	47.2	50.4	50.3	49.0	50.2	50.9	48.8	47.3	45.4	45.0	45.1	43.9	36.9	28.8	23.9	22.4	22.4	21.3
2018/02/08 15:12:32	57.3	30.3	30.3	51.6	51.6	60.5	60.5	57.8	57.8	48.2	49.8	49.8	47.3	49.4	47.9	45.0	50.0	49.7	45.9	48.0	48.5	46.7	44.6	44.0	43.0	43.0	42.1	35.2	27.2	22.6	21.5	21.9	21.0
2018/02/08 15:12:33	56.4	27.2	27.2	49.1	49.1	56.7	56.7	54.6	54.6	48.1	48.6	49.4	43.8	48.5	48.3	45.4	49.8	47.8	45.1	47.1	47.7	45.9	44.3	43.0	41.6	41.5	40.8	33.5	25.1	21.8	21.2	22.0	21.1
2018/02/08 15:12:34	54.4	28.1	28.1	48.4	48.4	56.8	56.8	53.8	53.8	47.3	47.3	47.5	43.6	47.2	46.0	44.1	47.0	46.9	43.5	44.3	46.0	44.0	42.4	40.7	39.2	38.7	38.0	31.8	23.4	21.5	21.2	21.8	20.7
2018/02/08 15:12:35	54.3	30.1	30.1	49.7	49.7	57.9	57.9	55.1	55.1	47.9	48.1	47.4	41.0	45.0	46.0	45.1	46.3	45.3	43.5	43.9	45.3	44.5	42.6	41.1	39.9	39.7	38.5	31.9	24.2	22.3	21.6	22.4	21.5
2018/02/08 15:12:36	53.5	28.0	28.0	45.9	45.9	56.5	56.5	56.5	56.5	49.7	46.0	47.7	43.3	46.9	45.6	44.2	45.7	44.0	43.0	43.9	45.1	43.5	40.7	39.4	38.0	37.7	36.4	30.9	23.4	21.2	21.0	22.1	21.3
2018/02/08 15:12:37	52.6	26.7	26.7	47.1	47.1	54.7	54.7	53.2	53.2	48.0	46.1	48.5	42.9	46.2	44.6	43.3	44.7	44.1	42.0	43.3	44.1	42.7	39.8	38.8	36.6	36.2	36.1	29.3	22.5	20.9	20.8	21.6	20.7
2018/02/08 15:12:38	54.3	25.3	25.3	46.7	46.7	54.4	54.4	52.9	52.9	49.1	45.6	48.6	41.5	46.9	45.2	44.3	46.4	46.4	44.0	44.2	45.9	44.5	42.1	40.1	38.5	37.7	38.6	32.7	24.8	22.7	21.2	22.1	21.1
2018/02/08 15:12:39	56.0	27.0	27.0	50.4	50.4	57.5	57.5	53.8	53.8	47.1	45.2	48.0	43.0	47.9	47.2	47.0	48.5	46.8	46.0	47.0	46.9	46.5	43.8	41.7	40.0	39.2	42.3	35.5	27.6	25.5	22.5	22.6	21.9
2018/02/08 15:12:40	60.5	26.6	26.6	53.9	53.9	60.5	60.5	57.0	57.0	50.0	49.7	55.0	46.6	52.5	52.2	52.3	49.9	50.7	52.2	52.0	50.2	49.9	48.3	47.1	46.7	44.9	46.7	39.5	33.1	30.3	26.5	26.4	25.6
2018/02/08 15:12:41	64.4	29.0	29.0	51.8	51.8	58.0	58.0	54.3	54.3	51.8	51.4	56.1	49.3	54.7	54.8	53.4	54.7	54.9	57.3	56.5	53.5	52.5	51.6	50.0	50.9	50.3	52.0	45.6	36.9	34.3	31.3	32.1	29.8
2018/02/08 15:12:42	63.1	27.4	27.4	47.7	47.7	54.9	54.9	54.1	54.1	52.1	49.4	53.8	50.6	52.7	52.6	52.6	53.3	52.6	54.0	56.6	53.9	50.3	49.7	47.2	48.8	48.4	51.4	45.0	35.6	32.3	30.9	30.6	26.4
2018/02/08 15:12:43	56.7	26.8	26.8	45.9	45.9	53.6	53.6	52.9	52.9	48.1	47.5	49.0	45.6	49.2	48.3	46.0	47.3	44.5	45.9	48.9	47.3	46.2	44.7	43.1	42.5	42.4	44.8	38.3	27.5	22.4	22.0	22.2	21.2
2018/02/08 15:12:44	52.9	29.6	29.6	46.9	46.9	54.5	54.5	51.8	51.8	46.8	43.9	46.6	42.9	46.9	45.1	43.4	44.2	41.1	41.0	42.5	42.7	42.7	41.1	40.3	39.3	40.1	40.7	34.7	24.5	21.2	21.3	21.8	20.9
2018/02/08 15:12:45	51.0	26.7	26.7	45.5	45.5	53.7	53.7	51.8	51.8	47.1	45.6	45.1	42.3	43.9	44.1	41.7	42.4	41.5	39.6	41.0	40.9	40.7	39.2	36.8	37.2	37.3	37.8	32.1	23.7	21.4	21.1	21.8	21.0
2018/02/08 15:12:46	51.7	26.7	26.7	45.2	45.2	53.7	53.7	52.5	52.5	47.8	46.4	47.8	40.1	44.9	43.0	42.8	46.2	45.1	40.6	41.4	41.0	39.4	37.7	36.7	37.2	37.2	37.9	33.2	24.9	22.4	21.9	22.6	21.9
2018/02/08 15:12:47	47.5	25.2	25.2	44.6	44.6	53.4	53.4	51.8	51.8	43.6	42.6	46.0	42.2	43.3	40.6	39.2	42.1	39.2	36.8	37.1	35.4	34.9	33.1	33.2	32.2	33.1	33.2	28.3	22.9	21.5	21.7	22.5	21.4
2018/02/08 15:12:48	46.9	26.0	26.0	44.6	44.6	52.9	52.9	51.0	51.0	42.9	44.0	45.5	40.5	42.0	41.0	38.2	41.3	39.3	35.8	36.5	35.7	35.1	33.0	31.4	31.3	32.2	31.6	26.3	21.6	20.7	20.9	22.0	20.9
2018/02/08 15:12:49	46.6	26.1	26.1	45.3	45.3	53.6	53.6	51.6	51.6	44.0	43.1	46.1	39.8	41.3	39.0	38.1	40.8	37.3	34.7	35.7	36.2	34.2	32.7	32.2	31.6	33.3	32.7	28.0	22.8	21.3	21.3	22.1	21.2
2018/02/08 15:12:50	47.2	25.8	25.8	46.7	46.7	54.2	54.2	51.2	51.2	45.3	41.9	44.4	38.3	41.6	39.6	38.7	41.4	38.4	35.5	35.9	35.5	34.6	33.2	32.2	33.7	35.6	34.5	27.8	22.1	21.1	21.3	22.1	21.1
2018/02/08 15:12:51	46.6	26.2	26.2	46.9	46.9	54.5	54.5	51.6	51.6	44.5	42.1	45.4	39.0	41.3	39.4	39.1	40.8	39.1	34.9	35.6	35.8	34.8	32.7	31.5	31.3	32.6	31.0	26.0	20.8	20.5	20.9	22.0	21.3
2018/02/08 15:12:52	48.3	24.8	24.8	44.2	44.2	53.0	53.0	52.1	52.1	45.9	42.4	45.8	41.5	42.7	40.6	40.3	43.7	40.9	35.8	36.0	36.5	35.3	35.3	34.5	34.6	34.6	32.7	27.8	20.9	20.3	20.9	21.8	20.8
2018/02/08 15:12:53	47.2	25.9	25.9	44.8	44.8	53.0	53.0	51.3	51.3	44.7	42.5	45.5	40.3	40.5	39.3	39.0	41.2	39.4	35.8	35.8	35.0	34.7	34.3	33.9	33.4	34.8	33.0	26.6	21.1	20.3	20.8	21.7	20.8
2018/02/08 15:12:54	46.2	25.2	25.2	44.9	44.9	53.8	53.8	52.8	52.8	46.1	44.0	45.6	40.4	41.1	39.2	39.9	40.8	37.9	35.0	35.6	34.3	33.8	31.8	31.1	30.5	31.1	29.9	24.1	20.4	20.2	20.8	21.7	21.0
2018/02/08 15:12:55	46.8	26.7	26.7	46.6	46.6	54.7	54.7	52.5	52.5	46.6	44.7	46.1	39.2	41.8	39.1	38.8	41.8	39.7	35.9	35.9	35.7	33.9	32.3	31.9	31.2	31.4	29.5	23.9	20.1	20.3	20.6	21.8	20.9
2018/02/08 15:12:56	47.9	23.9	23.9	44.6	44.6	52.4	52.4	50.5	50.5	44.7	41.9	45.5	38.4	42.4	40.4	41.2	43.1	40.4	36.5	37.2	36.8	35.8	34.8	33.7	32.8	32.3	30.0	24.7	20.2	20.5	20.9	21.8	21.2
2018/02/08 15:12:57	47.8	26.4	26.4	45.9	45.9	53.7	53.7	51.0	51.0	45.0	41.4	45.0	40.8	41.4	39.7	39.9	42.0	40.0	37.6	37.5	36.4	35.7	34.6	33.0	32.8	33.7	32.8	30.0	23.6	21.5	21.1	22.2	21.2
2018/02/08 15:12:58	47.7	25.8	25.8	44.7	44.7	52.2	52.2	49.4	49.4	45.4	43.5	45.4	40.8	41.3	39.8	40.6	41.4	40.6	38.1	38.8	36.4	35.2	34.3	32.1	31.5	32.3	31.0	26.8	22.1	21.0	21.1	22.1	21.3
2018/02/08 15:12:59	48.0	25.2	25.2	43.1	43.1	51.8	51.8	50.4	50.4	45.2	44.1	46.5	41.0	42.9	38.4	39.0	42.7	40.3	38.9	37.7	36.5	36.1	34.5	33.0	32.1	32.4	31.2	26.6	21.5	20.8	21.0	22.2	21.3
