DataTime                     	dB(A)	16	20	25	31.5	40	50	63	80	100	125	160	200	250	315	400	500	630	800	1000	1250	1600	2000	2500	3150	4000	5000	6300	8000	10000	12500	16000	20000
2018/01/24 14:16:02	54.9	25.9	25.9	44.8	44.8	54.8	54.8	57.8	57.8	54.0	49.7	51.1	41.3	45.5	47.0	45.4	45.9	46.4	46.0	47.6	45.4	44.1	44.5	38.8	34.6	35.2	34.0	30.9	23.9	21.4	21.6	22.3	20.8
2018/01/24 14:16:03	56.4	30.4	30.4	45.0	45.0	57.3	57.3	63.2	63.2	61.6	56.9	53.2	44.7	47.4	49.1	49.3	46.7	48.2	49.1	46.8	45.9	43.7	45.4	40.3	39.1	36.6	35.4	31.3	24.3	21.7	21.6	22.8	21.4
2018/01/24 14:16:04	59.2	27.5	27.5	42.7	42.7	53.1	53.1	59.8	59.8	59.3	52.8	52.5	45.0	47.1	46.7	46.1	48.0	47.2	49.8	55.2	51.4	44.6	45.2	41.5	39.0	42.0	37.9	32.3	27.4	23.5	22.8	23.4	21.9
2018/01/24 14:16:05	58.9	26.6	26.6	43.8	43.8	54.9	54.9	59.3	59.3	59.5	51.7	51.0	45.4	49.2	45.5	48.0	49.0	47.9	50.9	53.4	51.0	45.1	45.9	42.6	41.9	40.6	39.3	33.0	25.6	23.3	22.6	23.2	22.4
2018/01/24 14:16:06	60.2	27.8	27.8	40.2	40.2	52.8	52.8	59.2	59.2	57.5	51.6	52.3	44.0	49.7	48.6	47.3	50.8	52.0	54.9	52.6	52.2	48.8	44.3	41.7	39.6	41.5	41.4	38.7	28.8	22.8	22.3	22.9	21.4
2018/01/24 14:16:07	58.3	26.3	26.3	42.7	42.7	52.9	52.9	59.1	59.1	58.4	50.7	51.7	45.2	49.1	47.1	50.0	50.0	50.5	49.4	51.3	48.9	46.1	46.9	42.7	39.0	38.9	38.0	37.0	27.8	22.2	21.5	22.1	20.9
2018/01/24 14:16:08	56.4	26.5	26.5	43.8	43.8	51.7	51.7	57.3	57.3	59.0	52.5	50.0	45.8	47.6	46.9	45.1	47.8	49.1	47.5	48.7	46.0	44.8	46.3	42.0	37.9	37.0	33.7	27.3	21.8	21.1	21.2	22.3	21.5
2018/01/24 14:16:09	55.2	26.8	26.8	44.0	44.0	53.0	53.0	57.5	57.5	60.3	53.1	49.5	41.6	47.1	46.7	44.7	50.0	48.2	46.5	46.4	43.6	43.0	43.8	38.8	36.4	36.4	32.4	27.2	22.2	21.3	21.6	22.2	20.8
2018/01/24 14:16:10	55.0	26.7	26.7	45.4	45.4	53.7	53.7	58.4	58.4	60.2	53.7	49.5	41.7	44.3	44.2	44.7	47.9	48.0	48.6	46.9	43.6	42.5	41.2	38.0	38.6	36.3	33.3	27.8	22.4	20.7	21.0	21.9	20.5
2018/01/24 14:16:11	55.3	29.3	29.3	47.1	47.1	55.1	55.1	56.6	56.6	55.4	51.0	49.0	44.1	48.1	46.5	45.4	48.2	50.3	48.8	45.9	42.7	43.4	41.0	37.6	38.2	37.7	33.8	28.0	22.7	21.1	21.1	22.1	20.8
2018/01/24 14:16:12	52.9	24.9	24.9	41.8	41.8	51.4	51.4	54.5	54.5	52.3	48.2	50.8	43.7	45.1	46.6	45.4	43.9	45.8	45.5	45.0	40.7	39.5	40.2	36.6	35.1	36.0	32.8	27.5	22.0	21.0	21.2	21.9	20.8
2018/01/24 14:16:13	51.3	26.4	26.4	43.7	43.7	52.4	52.4	52.9	52.9	49.5	47.5	47.0	39.1	49.4	47.6	41.6	44.8	45.3	42.5	41.0	38.6	37.7	35.5	34.9	34.6	34.6	33.1	27.7	22.5	20.8	21.0	22.0	20.8
2018/01/24 14:16:14	50.4	27.5	27.5	47.6	47.6	55.6	55.6	54.4	54.4	51.1	46.8	48.5	42.1	45.9	44.3	42.0	44.5	42.5	42.3	41.5	38.5	37.4	36.1	33.9	34.1	34.0	31.7	27.0	22.2	20.9	21.3	22.0	20.8
2018/01/24 14:16:15	51.3	28.6	28.6	44.1	44.1	54.0	54.0	55.9	55.9	53.3	52.0	53.1	44.7	47.1	47.1	46.0	44.9	42.0	41.2	41.2	39.7	36.5	35.8	35.0	35.4	34.7	33.2	28.1	23.2	21.7	21.2	22.2	20.7
2018/01/24 14:16:16	53.5	27.4	27.4	45.2	45.2	54.4	54.4	55.5	55.5	55.3	48.3	50.0	46.2	48.4	48.2	42.5	48.1	47.3	44.9	43.2	41.9	39.7	38.7	36.7	36.4	37.4	35.1	30.2	24.7	21.7	21.6	22.3	20.7
2018/01/24 14:16:17	56.1	27.0	27.0	44.2	44.2	55.2	55.2	54.5	54.5	56.1	58.3	51.8	46.1	48.2	48.1	46.9	46.4	47.5	48.3	46.6	44.1	42.1	42.3	42.6	44.3	43.3	41.0	35.9	29.3	25.6	24.7	24.3	21.6
2018/01/24 14:16:18	58.7	27.5	27.5	43.5	43.5	53.4	53.4	53.9	53.9	50.4	56.2	54.1	49.7	50.8	52.9	49.8	50.5	51.4	50.5	48.9	45.6	44.3	43.7	45.4	46.2	46.3	44.0	38.2	31.4	26.4	25.4	24.9	22.6
2018/01/24 14:16:19	55.3	27.3	27.3	42.7	42.7	52.1	52.1	54.2	54.2	50.8	48.3	49.6	44.4	50.2	50.2	49.3	50.5	48.3	46.3	44.9	41.6	41.8	40.7	40.2	40.0	40.6	37.5	32.3	27.2	25.0	23.2	23.6	23.1
2018/01/24 14:16:20	56.0	27.2	27.2	42.8	42.8	55.6	55.6	58.8	58.8	53.2	47.6	51.4	44.0	48.2	45.6	44.5	47.3	46.0	44.2	43.4	42.2	41.9	39.7	40.0	42.6	43.9	50.3	42.4	30.7	26.1	25.6	22.7	21.2
2018/01/24 14:16:21	54.6	28.0	28.0	43.4	43.4	56.8	56.8	59.0	59.0	52.2	47.1	53.0	44.8	48.3	47.0	46.0	48.8	48.1	44.8	46.2	41.5	41.2	41.2	39.9	39.1	40.3	37.1	31.6	26.5	24.7	25.0	25.0	24.8
2018/01/24 14:16:22	55.8	32.2	32.2	49.0	49.0	59.6	59.6	58.5	58.5	49.9	48.0	53.1	47.5	49.4	49.2	46.1	49.8	46.8	45.1	45.6	43.9	44.8	44.3	43.7	41.6	41.6	37.5	32.9	24.7	21.4	20.8	21.8	20.5
2018/01/24 14:16:23	57.0	28.4	28.4	49.0	49.0	56.0	56.0	54.6	54.6	51.2	48.6	54.0	49.6	50.5	49.6	49.2	49.6	48.4	47.8	48.0	45.5	45.1	45.3	44.5	42.7	42.0	39.3	33.2	25.5	21.8	21.3	22.1	20.5
2018/01/24 14:16:24	55.4	26.2	26.2	47.5	47.5	53.2	53.2	51.7	51.7	49.7	49.8	51.4	48.6	48.1	48.4	49.6	48.1	47.2	46.4	45.3	43.6	43.2	43.9	42.7	41.2	39.7	36.3	29.7	24.2	20.8	21.1	21.8	20.6
2018/01/24 14:16:25	54.8	27.5	27.5	52.0	52.0	59.3	59.3	55.7	55.7	49.6	46.6	48.5	44.8	46.7	49.8	48.5	46.4	48.2	47.4	45.4	42.9	42.5	41.5	40.8	38.2	37.3	33.8	27.7	22.4	21.4	21.7	22.1	20.8
2018/01/24 14:16:26	53.6	27.3	27.3	47.3	47.3	55.2	55.2	53.3	53.3	49.4	47.3	49.7	45.7	48.1	46.5	45.3	45.7	44.7	45.4	44.2	44.4	42.0	40.5	39.6	37.7	36.8	35.0	29.6	23.1	21.1	21.1	22.0	20.7
2018/01/24 14:16:27	53.6	27.4	27.4	47.4	47.4	55.8	55.8	53.3	53.3	46.9	44.7	46.0	43.3	47.0	47.7	46.3	47.0	46.7	46.4	44.6	43.2	41.1	39.2	37.5	36.1	36.2	33.3	28.9	22.6	21.1	21.5	22.0	20.9
2018/01/24 14:16:28	53.5	25.9	25.9	42.2	42.2	49.9	49.9	50.0	50.0	47.7	46.3	49.3	43.8	48.2	47.9	46.4	47.4	45.9	45.2	44.4	42.9	41.4	39.0	37.5	36.0	35.7	35.2	30.9	23.3	21.2	21.0	21.8	20.6
2018/01/24 14:16:29	56.2	27.0	27.0	43.1	43.1	53.9	53.9	53.2	53.2	48.1	49.3	49.3	47.6	50.2	50.9	50.1	48.3	48.3	47.5	47.2	45.8	44.4	42.8	41.0	39.7	39.5	37.8	31.0	23.8	21.3	21.1	22.1	20.7
2018/01/24 14:16:30	59.1	30.8	30.8	42.8	42.8	55.1	55.1	57.3	57.3	52.9	51.0	51.9	48.0	50.9	56.1	51.2	51.6	52.2	50.0	50.5	47.4	46.7	44.9	44.1	44.4	43.1	40.9	34.3	27.2	26.4	26.2	26.1	23.5
2018/01/24 14:16:31	58.6	26.9	26.9	40.8	40.8	51.1	51.1	52.1	52.1	48.3	46.5	50.0	47.3	51.8	54.6	49.3	51.0	51.2	49.9	50.2	48.3	47.1	45.3	43.4	42.7	41.4	39.3	33.4	26.0	23.6	23.0	23.3	22.2
2018/01/24 14:16:32	58.2	27.8	27.8	41.0	41.0	51.4	51.4	52.4	52.4	49.5	47.8	51.8	45.8	51.2	50.4	49.3	54.5	50.1	49.7	49.9	47.5	46.7	44.0	41.8	39.9	38.3	36.4	31.3	25.3	22.8	21.9	22.2	21.0
2018/01/24 14:16:33	60.9	29.8	29.8	45.5	45.5	51.7	51.7	51.4	51.4	48.8	49.6	54.0	47.1	55.0	52.8	53.1	58.7	52.6	51.9	51.6	49.6	47.0	45.8	44.3	43.5	42.7	40.3	34.2	26.6	23.2	22.9	23.5	21.9
2018/01/24 14:16:34	57.9	27.6	27.6	45.8	45.8	52.5	52.5	51.9	51.9	49.3	48.2	52.0	47.3	53.2	51.6	52.3	51.5	50.1	49.3	48.8	46.4	46.1	44.0	43.3	41.8	40.1	38.6	32.6	24.7	21.9	21.4	22.2	21.2
2018/01/24 14:16:35	53.5	27.9	27.9	43.8	43.8	51.5	51.5	52.1	52.1	49.7	47.6	49.2	45.8	50.2	48.7	48.5	46.1	45.7	44.6	43.8	41.6	41.5	39.3	37.8	36.7	36.5	35.0	30.2	23.8	21.2	21.5	22.0	20.6
2018/01/24 14:16:36	54.0	30.2	30.2	45.1	45.1	55.7	55.7	55.7	55.7	49.8	52.7	53.5	47.0	50.5	50.1	47.5	46.3	45.1	44.7	44.8	42.1	42.4	38.8	37.1	37.4	35.8	34.9	29.4	23.9	21.2	21.0	27.1	20.5
2018/01/24 14:16:37	53.4	26.8	26.8	43.3	43.3	53.1	53.1	53.6	53.6	50.4	48.7	50.2	45.1	49.7	47.3	46.0	46.5	44.8	43.9	44.4	44.0	41.8	39.8	36.8	36.6	36.4	34.0	29.2	23.8	21.4	21.1	22.1	20.8
2018/01/24 14:16:38	53.4	28.3	28.3	42.7	42.7	53.2	53.2	53.1	53.1	48.1	45.3	48.3	45.1	50.9	47.2	45.1	44.4	44.6	44.1	44.2	43.1	41.0	40.6	39.0	38.5	39.2	36.9	34.5	27.0	23.0	22.3	22.8	21.6
2018/01/24 14:16:39	53.8	28.1	28.1	44.8	44.8	55.2	55.2	55.0	55.0	48.4	49.4	49.6	45.6	49.4	46.5	42.7	45.0	44.7	45.9	46.0	43.5	42.5	40.7	38.3	37.3	37.5	36.5	32.8	25.3	21.8	21.9	22.7	21.8
2018/01/24 14:16:40	54.4	28.2	28.2	41.2	41.2	54.0	54.0	55.4	55.4	47.4	50.0	53.9	47.6	47.3	47.4	46.7	47.0	45.5	45.7	45.7	43.6	43.1	40.8	38.6	37.6	38.7	36.0	31.0	24.7	21.8	21.4	22.4	21.0
2018/01/24 14:16:41	54.0	28.3	28.3	41.4	41.4	50.4	50.4	50.8	50.8	46.5	46.0	50.1	45.2	48.5	46.6	45.5	49.1	44.1	44.7	44.6	44.1	43.4	40.1	38.7	38.1	38.0	34.9	30.1	23.8	21.5	21.1	22.1	21.4
2018/01/24 14:16:42	52.2	32.1	32.1	47.7	47.7	57.2	57.2	56.9	56.9	53.7	47.4	48.3	43.7	48.1	46.4	41.9	43.8	43.0	43.4	43.6	41.8	39.7	39.4	37.7	36.5	36.4	34.5	29.5	23.3	21.1	21.2	22.7	20.8
2018/01/24 14:16:43	54.2	30.7	30.7	46.3	46.3	55.4	55.4	55.8	55.8	55.6	50.3	49.6	46.1	48.8	46.3	43.3	44.3	43.2	42.1	43.2	41.8	39.7	38.3	37.5	37.9	36.7	49.3	33.8	25.3	21.1	21.3	25.4	21.4
2018/01/24 14:16:44	53.0	29.2	29.2	45.7	45.7	53.5	53.5	53.9	53.9	54.3	48.9	49.5	44.8	48.6	47.1	42.8	45.0	44.3	41.9	43.4	43.0	40.3	39.5	38.9	37.6	37.2	39.1	31.2	24.8	22.4	22.3	45.9	21.6
2018/01/24 14:16:45	54.4	28.1	28.1	46.0	46.0	53.9	53.9	53.2	53.2	50.8	48.4	52.3	45.1	47.6	46.2	45.4	46.6	45.2	45.5	44.0	43.5	43.5	41.7	40.3	38.3	38.0	35.9	30.7	24.8	22.7	22.8	50.1	21.7
2018/01/24 14:16:46	57.4	29.2	29.2	46.4	46.4	55.8	55.8	57.4	57.4	54.8	52.0	52.3	45.6	51.3	45.3	47.1	51.0	48.7	48.3	48.1	47.3	46.8	43.0	41.3	44.0	44.5	40.5	34.3	31.7	32.1	27.5	44.5	22.1
2018/01/24 14:16:47	55.7	29.3	29.3	47.2	47.2	56.4	56.4	56.3	56.3	52.6	51.4	52.4	46.2	49.5	45.6	44.9	47.0	47.4	42.8	44.1	42.7	43.2	41.8	40.4	41.0	46.5	45.7	43.1	32.2	24.5	22.9	22.7	21.0
2018/01/24 14:16:48	56.9	30.0	30.0	52.5	52.5	59.6	59.6	57.3	57.3	54.7	50.9	52.8	50.9	51.9	47.5	45.2	48.7	46.4	48.3	48.4	45.4	44.9	45.5	43.3	41.8	45.1	39.4	35.0	26.5	23.5	24.7	24.6	21.2
2018/01/24 14:16:49	56.6	34.2	34.2	51.9	51.9	59.0	59.0	57.0	57.0	54.6	54.2	57.7	50.7	51.7	48.5	48.0	49.9	48.5	45.8	46.8	45.2	43.7	44.3	43.4	41.6	41.5	39.3	34.4	25.7	22.9	22.8	23.4	20.9
2018/01/24 14:16:50	62.6	34.3	34.3	52.7	52.7	62.9	62.9	62.5	62.5	53.5	56.5	57.2	51.2	54.6	51.2	52.1	54.5	54.9	50.9	50.6	48.1	49.4	53.7	50.5	50.8	51.8	47.4	42.1	34.1	30.9	30.7	31.3	30.6
2018/01/24 14:16:51	63.8	37.2	37.2	52.4	52.4	64.2	64.2	63.4	63.4	54.2	54.2	55.9	52.4	57.2	54.2	55.4	55.2	56.9	53.2	50.4	50.2	50.5	54.0	51.7	52.6	52.1	48.8	43.4	34.5	30.8	29.1	28.9	31.8
2018/01/24 14:16:52	58.4	33.6	33.6	45.0	45.0	59.0	59.0	63.3	63.3	60.0	55.5	56.5	51.9	55.5	51.5	49.1	51.8	50.4	48.1	47.1	46.2	45.9	46.8	43.4	43.2	44.1	41.5	35.7	27.8	24.3	23.5	23.8	21.0
2018/01/24 14:16:53	60.1	32.5	32.5	44.0	44.0	57.2	57.2	60.4	60.4	56.0	54.0	56.8	51.7	53.6	51.9	50.4	54.2	50.8	50.1	48.8	48.0	47.6	50.1	44.8	47.4	48.1	44.7	38.7	31.1	28.0	24.8	25.1	21.3
2018/01/24 14:16:54	60.8	31.2	31.2	48.8	48.8	59.6	59.6	62.7	62.7	59.1	52.3	57.0	52.8	54.8	52.9	51.7	55.3	51.4	50.8	49.7	48.0	49.7	49.4	45.5	47.6	48.6	45.3	40.1	30.1	25.6	24.0	24.4	21.7
2018/01/24 14:16:55	59.2	27.4	27.4	50.6	50.6	59.0	59.0	60.1	60.1	59.7	55.7	58.9	50.7	53.7	51.3	48.4	50.6	55.7	47.6	47.4	45.4	46.4	45.7	44.5	44.2	43.1	41.5	33.6	27.3	22.9	22.2	24.2	21.1
2018/01/24 14:16:56	58.3	30.7	30.7	48.5	48.5	58.1	58.1	57.1	57.1	55.4	57.1	54.7	49.8	56.9	50.3	50.0	50.2	49.7	48.8	50.2	44.8	45.0	44.3	43.6	44.1	44.8	42.9	36.7	30.7	24.9	24.2	25.4	22.5
2018/01/24 14:16:57	58.6	31.2	31.2	48.4	48.4	58.4	58.4	59.4	59.4	57.4	56.9	56.3	49.6	55.4	52.1	47.8	48.3	50.4	50.4	50.0	45.5	46.2	45.1	43.9	44.7	45.3	42.6	35.7	28.4	23.6	22.8	23.8	21.6
2018/01/24 14:16:58	60.8	33.9	33.9	47.0	47.0	54.9	54.9	58.6	58.6	57.0	55.8	56.1	47.2	51.2	50.1	48.1	47.2	50.4	52.6	51.9	54.7	52.7	45.0	42.4	42.7	43.9	41.2	35.5	29.1	24.8	23.7	24.4	21.6
2018/01/24 14:16:59	60.5	29.9	29.9	43.8	43.8	59.9	59.9	65.4	65.4	62.0	59.2	57.6	45.9	51.6	52.7	48.5	50.6	53.6	51.2	55.9	46.3	47.7	45.3	42.4	42.1	43.4	41.9	35.2	28.9	26.7	25.3	25.6	22.4
2018/01/24 14:17:00	61.8	35.8	35.8	52.5	52.5	63.8	63.8	70.8	70.8	67.7	60.7	60.4	49.7	54.8	54.2	52.4	53.7	55.4	48.4	52.0	48.4	48.3	47.9	47.0	48.9	49.5	46.2	39.0	32.4	28.7	29.8	32.5	26.0
2018/01/24 14:17:01	63.0	35.4	35.4	53.7	53.7	60.6	60.6	64.5	64.5	65.2	59.0	61.1	51.7	55.2	55.8	54.9	56.4	53.8	50.1	52.5	49.5	46.9	51.6	51.1	51.0	52.5	47.4	41.2	35.4	29.0	29.3	34.7	27.2
2018/01/24 14:17:02	64.4	38.6	38.6	57.4	57.4	66.4	66.4	64.4	64.4	68.2	67.2	60.4	54.5	55.5	57.8	56.8	57.5	53.0	52.5	52.9	49.3	48.7	53.8	53.4	52.9	52.6	48.8	42.7	37.1	29.0	28.0	36.9	28.4
2018/01/24 14:17:03	62.4	33.9	33.9	49.0	49.0	61.2	61.2	61.3	61.3	61.1	64.6	59.9	52.9	52.9	55.4	53.1	54.7	56.2	54.6	51.9	51.9	49.6	49.8	47.6	46.1	45.9	44.1	37.0	32.4	26.4	24.9	25.1	21.4
2018/01/24 14:17:04	58.8	33.8	33.8	46.5	46.5	58.9	58.9	60.0	60.0	56.5	58.0	57.2	50.7	50.6	54.1	51.8	51.2	53.9	48.0	46.9	47.0	44.8	44.7	43.9	42.9	44.2	42.3	34.8	29.0	25.0	22.4	22.8	20.9
2018/01/24 14:17:05	57.8	31.1	31.1	50.4	50.4	60.0	60.0	58.4	58.4	54.0	52.5	56.9	49.5	54.4	51.5	50.4	48.9	50.8	46.6	47.2	47.0	45.7	43.9	43.3	43.6	44.0	41.5	34.8	27.6	22.3	21.5	22.4	21.0
2018/01/24 14:17:06	56.8	28.0	28.0	47.4	47.4	55.6	55.6	54.3	54.3	53.9	53.7	56.2	47.9	50.2	48.6	45.1	48.8	52.8	48.6	45.8	45.0	45.2	42.8	41.4	41.1	39.3	37.1	30.3	24.9	21.8	21.4	22.1	20.8
2018/01/24 14:17:07	54.6	28.9	28.9	44.7	44.7	54.0	54.0	54.1	54.1	52.4	49.9	51.3	47.7	49.5	46.6	42.3	45.5	51.1	46.9	46.4	40.7	42.2	39.3	38.4	36.8	35.3	31.8	27.3	23.9	22.1	21.4	22.0	20.8
2018/01/24 14:17:08	59.8	28.0	28.0	46.4	46.4	56.0	56.0	56.4	56.4	52.8	49.9	50.7	45.1	47.9	45.6	50.3	51.6	54.8	49.3	51.3	49.3	49.5	46.9	45.2	47.1	41.8	41.3	33.9	24.0	22.1	21.3	22.0	20.9
2018/01/24 14:17:09	59.0	28.4	28.4	45.4	45.4	55.1	55.1	55.6	55.6	52.1	50.6	54.4	47.4	47.5	46.9	48.0	48.0	49.5	55.3	45.1	45.4	49.3	46.8	43.5	45.7	41.8	40.0	28.9	24.1	21.4	21.2	22.0	20.6
2018/01/24 14:17:10	54.3	27.2	27.2	42.7	42.7	52.6	52.6	53.7	53.7	52.2	50.3	51.1	45.4	47.7	46.8	44.0	49.1	48.2	47.8	42.9	40.8	42.1	39.6	38.4	36.6	36.9	36.5	32.6	28.1	23.8	21.6	21.9	20.7
2018/01/24 14:17:11	58.2	26.9	26.9	42.8	42.8	51.6	51.6	52.3	52.3	50.9	47.2	47.1	42.3	48.2	49.1	46.4	48.7	51.8	53.3	51.0	46.1	48.2	39.1	37.9	36.5	38.1	36.6	32.7	29.0	28.7	22.6	23.1	21.4
2018/01/24 14:17:12	53.1	25.5	25.5	41.2	41.2	51.6	51.6	54.4	54.4	53.6	49.4	48.4	42.7	47.5	46.0	40.4	43.5	44.1	47.6	44.0	39.5	43.8	38.1	37.1	36.4	37.3	35.3	28.4	25.9	26.6	23.1	24.0	21.2
2018/01/24 14:17:13	55.8	29.5	29.5	45.5	45.5	53.5	53.5	60.1	60.1	59.6	53.6	52.7	45.7	53.0	56.4	44.6	48.2	49.7	47.3	44.2	41.3	38.8	38.5	36.8	35.7	35.9	35.5	28.9	25.1	25.2	23.9	25.2	21.5
2018/01/24 14:17:14	61.6	31.6	31.6	45.5	45.5	60.7	60.7	62.0	62.0	53.5	50.3	51.6	45.4	49.3	49.8	49.8	55.6	58.4	54.9	44.5	52.1	50.4	44.3	43.8	42.2	39.7	39.4	33.2	25.8	24.5	22.7	23.3	21.0
2018/01/24 14:17:15	54.8	26.5	26.5	41.7	41.7	52.2	52.2	53.6	53.6	51.8	51.9	52.8	44.7	48.3	52.3	45.3	44.8	46.3	45.4	46.1	46.2	42.2	40.9	37.7	36.7	36.6	37.1	32.4	28.2	25.2	22.3	22.5	21.4
2018/01/24 14:17:16	56.7	25.2	25.2	40.9	40.9	50.6	50.6	53.3	53.3	55.0	53.2	51.3	43.8	47.4	48.2	46.4	45.2	53.6	50.6	47.1	40.5	43.4	41.1	38.6	37.9	39.3	36.0	29.1	26.1	32.7	27.4	35.4	25.7
2018/01/24 14:17:17	53.4	25.1	25.1	42.9	42.9	51.6	51.6	51.6	51.6	50.4	48.1	49.2	44.5	49.6	47.3	44.0	44.2	48.4	45.7	43.2	41.0	40.7	39.2	38.1	36.0	36.6	35.6	28.5	26.3	29.6	24.9	26.5	21.7
2018/01/24 14:17:18	54.1	26.1	26.1	39.7	39.7	50.6	50.6	52.6	52.6	51.9	49.3	48.3	45.8	49.5	48.0	47.4	45.9	48.6	45.7	44.4	42.9	42.8	38.2	37.0	36.5	35.9	34.5	29.4	25.8	25.4	22.6	30.0	22.1
2018/01/24 14:17:19	56.1	25.9	25.9	40.8	40.8	51.4	51.4	51.9	51.9	51.1	48.9	49.8	44.9	48.6	48.9	51.6	49.6	48.1	47.5	44.3	42.5	43.0	39.2	41.6	39.3	45.1	45.3	31.1	26.0	26.8	22.4	24.1	21.1
2018/01/24 14:17:20	61.1	26.3	26.3	41.8	41.8	50.7	50.7	51.7	51.7	51.6	49.5	50.0	44.3	47.5	45.5	48.6	52.2	50.2	56.5	49.4	46.4	47.4	47.8	45.9	46.9	49.0	52.2	41.2	28.4	29.1	24.0	24.9	21.6
2018/01/24 14:17:21	58.8	28.8	28.8	48.1	48.1	56.8	56.8	60.3	60.3	58.6	57.0	55.3	48.5	52.0	48.0	48.5	46.0	48.8	56.3	45.9	42.8	45.6	42.6	41.9	41.1	40.3	44.0	31.0	23.9	24.6	21.7	23.7	20.8
2018/01/24 14:17:22	59.9	28.6	28.6	44.4	44.4	52.7	52.7	56.0	56.0	54.3	51.5	50.8	46.6	50.3	49.5	46.7	47.7	48.8	54.2	56.2	46.2	43.8	45.7	43.9	38.4	40.6	36.4	30.4	26.1	25.9	25.1	30.3	21.7
2018/01/24 14:17:23	60.0	29.0	29.0	47.2	47.2	57.5	57.5	59.0	59.0	57.3	53.1	51.8	44.3	50.5	48.9	48.2	49.5	50.6	51.8	46.9	50.2	53.8	46.0	44.4	44.4	43.1	42.6	41.3	36.1	32.6	32.2	31.6	25.2
2018/01/24 14:17:24	59.5	31.7	31.7	48.9	48.9	57.8	57.8	58.5	58.5	55.8	54.4	54.3	49.4	51.4	52.5	55.4	51.9	53.2	52.8	47.4	47.8	46.4	45.1	43.7	41.4	41.5	41.0	36.3	29.3	26.0	26.3	25.6	21.8
2018/01/24 14:17:25	58.5	31.4	31.4	46.9	46.9	59.4	59.4	61.8	61.8	56.7	54.1	55.5	49.8	50.8	51.4	57.2	51.6	50.9	48.2	46.3	45.3	44.5	45.6	43.0	41.7	41.3	39.5	33.8	27.2	24.1	21.5	22.2	21.1
2018/01/24 14:17:26	60.5	28.4	28.4	50.7	50.7	60.0	60.0	63.0	63.0	61.1	56.4	58.7	53.0	53.4	55.1	56.5	55.1	54.1	52.5	49.3	45.8	45.6	45.7	43.7	44.1	43.0	40.6	36.7	31.9	26.9	24.9	22.8	21.3
2018/01/24 14:17:27	57.4	29.5	29.5	45.5	45.5	58.7	58.7	63.4	63.4	59.7	52.0	54.5	52.8	50.8	51.8	51.0	49.2	50.0	49.3	45.8	45.4	42.5	45.0	43.4	41.3	42.0	40.1	35.0	27.8	23.6	22.0	22.6	21.1
2018/01/24 14:17:28	56.5	28.7	28.7	45.8	45.8	54.3	54.3	59.8	59.8	59.0	53.0	53.4	47.6	50.5	49.3	52.0	51.1	48.9	47.1	44.0	44.6	43.1	44.0	41.7	40.3	41.5	38.7	34.5	26.6	22.3	21.3	22.2	20.9
2018/01/24 14:17:29	56.1	29.6	29.6	47.3	47.3	56.7	56.7	59.6	59.6	58.2	52.9	52.8	47.3	48.6	45.1	44.1	47.1	51.1	47.1	45.6	45.3	44.2	43.8	41.4	40.6	39.8	38.2	34.4	26.4	22.6	21.7	22.3	20.7
2018/01/24 14:17:30	54.9	24.8	24.8	44.6	44.6	53.4	53.4	59.2	59.2	56.3	48.9	49.5	44.9	49.3	46.2	44.4	48.0	47.2	46.6	44.3	44.1	42.1	43.5	42.1	40.5	39.8	37.9	33.8	26.7	22.9	21.7	22.8	21.1
2018/01/24 14:17:31	56.1	28.6	28.6	45.8	45.8	55.0	55.0	55.2	55.2	53.5	49.8	49.3	44.8	50.7	46.7	46.4	48.5	47.4	45.7	45.0	45.8	43.5	45.8	44.0	43.0	42.3	40.5	35.6	28.1	23.4	21.7	22.5	20.8
2018/01/24 14:17:32	56.4	29.1	29.1	46.9	46.9	53.7	53.7	51.3	51.3	51.8	50.2	50.9	44.5	48.1	51.9	49.3	49.0	46.7	46.7	44.7	44.7	43.7	45.6	44.7	42.9	42.0	40.1	36.0	29.9	23.2	22.1	22.4	21.0
2018/01/24 14:17:33	56.1	29.9	29.9	45.1	45.1	55.4	55.4	55.7	55.7	50.9	49.8	50.8	45.5	49.2	49.7	46.7	50.9	46.4	45.8	44.4	44.9	43.7	45.8	43.6	42.7	41.4	40.2	34.3	26.9	22.6	21.4	22.3	20.7
2018/01/24 14:17:34	57.0	27.8	27.8	44.4	44.4	54.7	54.7	57.0	57.0	51.5	45.6	53.0	48.3	48.6	52.4	48.3	51.0	47.4	47.1	45.8	44.6	45.3	46.4	44.5	43.8	42.0	40.5	34.5	26.8	22.2	21.5	22.2	21.0
2018/01/24 14:17:35	58.5	30.6	30.6	45.7	45.7	56.2	56.2	56.8	56.8	50.5	45.7	52.9	46.6	49.5	49.6	46.0	49.6	51.0	48.4	46.5	46.4	46.1	48.8	48.1	47.3	44.4	43.2	36.2	27.8	23.1	21.7	22.6	21.2
2018/01/24 14:17:36	57.7	29.6	29.6	45.3	45.3	55.5	55.5	54.7	54.7	48.4	44.5	54.3	48.7	50.1	47.5	44.4	50.0	47.7	47.1	45.1	45.0	45.1	48.0	47.4	47.2	45.1	42.6	36.5	29.3	23.6	22.4	22.9	21.6
2018/01/24 14:17:37	55.8	35.9	35.9	52.4	52.4	58.3	58.3	56.3	56.3	52.9	51.4	53.6	47.9	51.6	47.5	45.2	47.4	46.4	46.5	44.0	44.3	43.3	44.7	44.8	43.4	41.5	39.2	34.3	26.4	22.4	22.0	22.4	21.1
2018/01/24 14:17:38	57.7	38.4	38.4	57.2	57.2	66.5	66.5	64.4	64.4	56.4	56.0	54.3	49.5	53.9	51.7	49.1	48.9	49.8	48.3	45.3	45.3	45.1	45.4	46.2	43.9	42.9	41.1	37.0	30.3	25.4	24.0	23.2	21.2
2018/01/24 14:17:39	59.6	38.3	38.3	54.8	54.8	68.2	68.2	68.2	68.2	57.0	54.8	54.3	51.3	52.8	53.3	52.4	52.5	50.1	48.3	45.9	47.2	45.7	46.2	47.6	46.2	45.1	49.3	43.4	32.6	27.2	31.0	23.8	21.8
2018/01/24 14:17:40	59.0	40.2	40.2	53.3	53.3	67.0	67.0	67.3	67.3	58.2	56.9	56.6	52.0	53.9	53.6	49.9	51.6	50.6	48.1	47.4	46.8	45.3	46.2	47.2	45.3	44.4	42.9	39.0	33.9	36.1	45.4	26.0	22.6
2018/01/24 14:17:41	59.4	40.3	40.3	52.7	52.7	68.9	68.9	72.2	72.2	65.4	60.4	58.4	54.9	54.0	52.0	50.6	49.7	49.8	47.8	48.6	47.2	45.7	46.1	45.5	45.7	44.6	43.7	38.4	30.1	25.1	25.4	23.9	21.6
2018/01/24 14:17:42	60.6	35.9	35.9	50.3	50.3	63.9	63.9	69.1	69.1	65.1	59.5	57.0	53.5	54.1	50.7	50.9	52.8	51.8	51.0	50.0	49.7	47.8	48.1	46.8	47.7	45.5	45.5	40.1	31.2	26.7	27.2	25.5	23.4
2018/01/24 14:17:43	58.2	32.5	32.5	49.3	49.3	62.8	62.8	67.9	67.9	63.2	54.8	56.2	52.7	51.7	51.0	49.3	50.0	49.5	47.8	47.3	44.9	44.4	47.8	45.4	44.7	43.0	40.7	35.2	28.6	23.5	22.6	22.4	21.0
2018/01/24 14:17:44	57.8	29.7	29.7	48.3	48.3	60.3	60.3	65.5	65.5	60.5	51.0	53.6	49.5	50.4	50.4	48.1	49.5	50.4	48.1	47.5	44.9	43.9	47.9	45.5	44.7	43.1	40.7	34.0	28.1	25.2	22.3	22.7	21.2
2018/01/24 14:17:45	55.3	31.4	31.4	46.1	46.1	62.5	62.5	65.4	65.4	57.7	49.1	53.8	48.1	51.6	48.6	49.7	48.8	47.1	44.7	44.7	42.7	42.1	41.6	41.6	39.9	39.6	37.0	32.0	26.8	22.2	21.7	22.1	21.2
2018/01/24 14:17:46	57.1	31.6	31.6	45.0	45.0	63.0	63.0	66.8	66.8	59.0	48.3	50.3	49.6	53.1	51.2	51.4	52.4	52.4	44.7	44.9	42.2	41.7	42.4	42.6	41.6	40.1	37.7	31.0	25.0	21.7	21.8	22.6	21.2
2018/01/24 14:17:47	55.2	30.3	30.3	46.0	46.0	59.5	59.5	64.7	64.7	59.6	47.8	49.2	47.6	50.8	48.6	47.1	50.5	48.3	44.7	43.6	41.0	41.6	43.0	40.4	40.3	39.5	36.8	30.6	24.6	21.7	21.3	22.0	20.9
2018/01/24 14:17:48	54.5	31.6	31.6	44.0	44.0	54.9	54.9	61.4	61.4	58.9	49.0	50.1	48.2	51.5	47.7	46.8	46.5	45.7	44.2	43.0	41.5	41.8	43.8	41.2	40.8	39.1	37.3	30.3	24.0	21.3	21.2	22.1	20.7
2018/01/24 14:17:49	55.7	35.1	35.1	47.4	47.4	55.3	55.3	60.3	60.3	56.7	52.0	53.5	50.9	51.9	49.5	48.7	49.3	48.2	45.8	45.4	41.7	41.5	42.5	41.3	41.5	40.6	38.8	32.5	25.0	21.6	21.4	21.9	20.6
2018/01/24 14:17:50	56.0	38.7	38.7	52.0	52.0	59.4	59.4	63.6	63.6	58.3	52.2	52.7	52.2	54.9	49.3	48.5	48.7	47.3	45.3	45.9	42.4	42.1	40.5	42.3	41.5	41.3	41.7	35.8	32.1	24.0	21.8	22.3	20.7
2018/01/24 14:17:51	57.9	38.7	38.7	53.8	53.8	58.5	58.5	59.1	59.1	54.9	52.2	54.3	50.6	54.9	50.0	49.3	52.0	48.8	46.9	48.3	44.5	44.1	44.1	44.4	44.9	46.1	44.5	37.1	30.7	26.3	23.5	22.9	21.0
2018/01/24 14:17:52	58.9	34.3	34.3	49.1	49.1	56.2	56.2	57.1	57.1	52.6	53.2	55.4	47.9	50.2	51.1	49.6	50.9	50.4	48.5	50.5	45.2	45.4	45.1	45.7	45.9	48.3	47.2	37.7	32.2	28.3	24.4	23.1	21.5
2018/01/24 14:17:53	57.2	30.6	30.6	49.2	49.2	57.4	57.4	58.2	58.2	52.3	50.9	56.4	46.4	49.9	48.0	46.4	50.8	49.2	48.6	49.8	44.5	43.2	42.3	42.7	42.4	44.8	42.7	35.6	29.7	25.2	22.7	22.7	21.1
2018/01/24 14:17:54	56.6	28.3	28.3	44.7	44.7	54.1	54.1	56.8	56.8	52.4	52.8	58.1	47.1	50.8	50.0	49.4	48.5	48.6	48.5	47.9	43.6	42.7	43.3	41.4	41.4	41.1	40.5	34.0	27.1	22.8	21.9	22.9	21.1
2018/01/24 14:17:55	55.4	31.6	31.6	46.5	46.5	53.4	53.4	54.5	54.5	51.2	50.9	57.1	46.5	49.6	47.8	51.5	50.6	46.9	47.3	45.1	41.5	41.0	40.5	38.8	38.2	39.0	36.8	31.5	25.6	22.8	21.5	22.4	21.0
2018/01/24 14:17:56	54.4	35.0	35.0	52.4	52.4	57.5	57.5	55.3	55.3	51.9	51.1	51.8	45.3	49.2	47.0	47.2	47.0	46.4	46.7	44.5	42.4	42.3	40.7	39.8	38.7	40.5	35.9	32.1	25.5	22.2	21.5	22.3	20.8
2018/01/24 14:17:57	56.7	30.1	30.1	49.6	49.6	56.4	56.4	56.1	56.1	51.8	49.7	53.0	48.1	51.3	49.3	49.6	49.5	48.7	48.8	47.0	43.5	43.9	43.4	42.6	41.6	43.7	39.4	34.3	26.8	24.1	25.6	23.3	21.8
2018/01/24 14:17:58	53.8	30.4	30.4	49.4	49.4	56.1	56.1	56.6	56.6	51.5	46.2	49.8	45.5	48.9	46.8	45.0	47.6	45.8	45.5	45.5	42.9	41.3	39.7	37.9	37.7	37.2	35.6	31.1	24.4	21.9	21.5	22.3	21.2
2018/01/24 14:17:59	52.8	28.5	28.5	43.4	43.4	53.7	53.7	54.8	54.8	50.6	50.2	51.0	46.6	49.2	46.3	43.4	48.0	44.1	44.1	44.7	40.9	39.3	38.7	35.8	35.1	34.0	32.2	27.2	22.5	21.4	21.8	22.3	21.0
2018/01/24 14:18:00	55.1	29.9	29.9	45.3	45.3	54.1	54.1	56.7	56.7	53.9	50.3	54.0	47.8	47.2	49.8	47.5	49.9	45.7	44.8	47.2	43.7	42.8	40.2	37.9	39.2	39.1	36.1	31.1	24.0	22.1	22.0	22.8	21.2
2018/01/24 14:18:01	54.8	30.3	30.3	44.9	44.9	53.7	53.7	53.4	53.4	51.6	47.9	50.6	45.9	48.8	50.8	45.3	48.2	46.8	46.5	46.4	43.2	42.6	41.3	39.2	38.5	38.6	36.3	32.1	24.9	22.6	22.3	22.7	21.3
2018/01/24 14:18:02	54.1	27.3	27.3	44.4	44.4	53.7	53.7	54.0	54.0	50.0	48.6	50.8	44.9	50.0	46.4	46.7	49.7	47.0	45.6	44.7	41.6	41.2	40.7	37.6	36.1	35.6	32.6	28.0	22.6	21.1	21.1	22.1	20.8
2018/01/24 14:18:03	52.9	26.8	26.8	42.7	42.7	54.3	54.3	57.0	57.0	53.7	48.8	50.9	43.3	47.6	44.4	43.3	46.1	45.1	44.5	44.2	43.0	42.6	39.1	35.9	34.9	34.3	33.3	27.5	22.5	20.8	21.1	22.3	20.8
2018/01/24 14:18:04	51.0	25.6	25.6	39.2	39.2	50.4	50.4	51.9	51.9	48.7	47.2	47.4	43.4	48.6	43.3	41.1	43.5	43.5	42.5	41.2	40.4	38.9	36.7	36.4	36.5	35.1	34.9	31.0	23.3	22.2	21.6	22.3	21.0
2018/01/24 14:18:05	52.4	26.7	26.7	40.0	40.0	49.1	49.1	51.4	51.4	50.0	47.5	48.3	43.3	46.8	41.9	42.8	44.3	46.3	44.1	43.5	42.0	41.0	38.5	36.9	36.7	35.2	34.3	30.3	23.7	21.6	21.4	22.3	21.0
2018/01/24 14:18:06	54.1	26.0	26.0	40.3	40.3	51.2	51.2	52.2	52.2	49.0	49.5	49.0	44.1	46.8	40.9	41.6	47.6	46.6	43.0	45.9	47.4	43.8	37.9	37.3	36.5	35.8	33.6	25.4	21.5	20.5	21.3	21.9	20.7
2018/01/24 14:18:07	55.8	27.1	27.1	42.7	42.7	51.7	51.7	52.0	52.0	50.0	48.0	46.4	44.1	47.2	44.0	46.0	46.8	46.2	44.6	52.6	41.6	42.5	41.9	38.7	37.3	36.7	34.7	25.0	21.1	20.4	20.9	22.0	20.7
2018/01/24 14:18:08	54.0	26.0	26.0	40.1	40.1	49.0	49.0	49.1	49.1	47.0	45.1	44.7	42.2	43.8	40.8	41.9	43.5	42.2	45.1	49.7	46.3	41.9	38.2	34.8	36.1	35.6	33.7	29.4	24.7	21.6	21.5	22.2	21.0
2018/01/24 14:18:09	52.2	25.6	25.6	45.4	45.4	52.4	52.4	49.5	49.5	46.3	46.5	46.6	41.8	45.7	44.0	43.9	43.7	49.4	40.7	43.5	39.9	38.6	36.2	37.0	34.3	32.6	30.5	25.8	21.7	20.9	21.0	22.0	20.6
2018/01/24 14:18:10	50.8	28.9	28.9	45.1	45.1	52.9	52.9	51.0	51.0	45.4	44.4	46.9	44.6	47.4	41.6	44.5	45.3	45.3	43.0	40.1	37.9	37.2	35.6	35.7	33.8	32.7	30.2	25.7	21.8	20.7	20.9	21.9	21.1
2018/01/24 14:18:11	52.9	28.6	28.6	47.0	47.0	54.8	54.8	52.0	52.0	48.1	49.5	48.0	46.3	46.4	42.4	44.2	44.9	46.8	45.9	41.2	41.5	42.3	40.0	38.3	38.3	35.9	32.8	27.4	22.2	20.7	21.1	22.1	21.1
2018/01/24 14:18:12	54.8	25.2	25.2	43.4	43.4	51.9	51.9	51.5	51.5	49.2	49.3	48.0	46.6	48.5	47.0	43.5	46.4	47.5	50.1	42.2	41.8	45.6	39.0	39.4	39.5	36.9	34.2	28.1	22.6	20.9	21.2	22.1	20.9
2018/01/24 14:18:13	54.0	25.8	25.8	43.7	43.7	51.7	51.7	52.1	52.1	49.7	48.9	50.6	43.9	47.6	42.7	44.2	46.0	46.8	49.1	41.9	42.1	43.0	39.2	39.0	40.1	36.7	35.5	30.8	25.5	21.3	21.6	22.0	20.8
2018/01/24 14:18:14	55.5	26.8	26.8	42.6	42.6	51.5	51.5	51.7	51.7	50.5	49.1	52.9	45.8	48.3	45.5	46.3	46.9	48.6	46.9	43.9	43.8	45.4	41.6	42.1	44.5	39.7	37.0	32.2	26.5	21.6	21.4	22.2	20.8
2018/01/24 14:18:15	55.3	26.3	26.3	43.9	43.9	52.2	52.2	52.5	52.5	50.1	47.4	52.3	48.0	49.4	46.5	45.7	48.1	47.2	43.8	44.5	44.4	45.0	42.3	42.9	43.9	40.1	38.9	35.6	29.4	23.9	22.4	22.5	21.1
2018/01/24 14:18:16	55.6	27.5	27.5	43.6	43.6	50.2	50.2	50.3	50.3	48.4	48.3	50.2	47.9	50.4	47.9	46.8	48.3	48.8	45.8	42.4	46.4	44.5	42.2	42.9	42.0	38.9	38.5	33.8	26.9	23.8	21.4	22.6	20.9
2018/01/24 14:18:17	54.6	25.2	25.2	42.0	42.0	49.7	49.7	51.0	51.0	47.7	49.8	54.2	48.3	48.7	46.2	46.1	46.7	46.4	43.2	43.3	43.3	42.9	41.8	42.6	42.3	40.2	39.6	37.0	30.7	27.3	22.4	23.2	21.8
2018/01/24 14:18:18	60.7	29.5	29.5	49.6	49.6	56.7	56.7	56.8	56.8	56.7	55.2	58.4	57.8	56.6	53.9	53.0	54.2	52.1	51.1	51.0	46.8	47.5	46.8	47.2	46.2	47.7	45.9	41.6	33.0	27.1	25.2	24.0	22.2
2018/01/24 14:18:19	70.5	30.3	30.3	47.9	47.9	56.4	56.4	53.7	53.7	58.4	58.6	64.4	57.2	61.3	57.7	57.8	62.2	64.8	63.3	58.2	56.2	54.4	58.1	58.8	58.9	59.6	55.7	50.4	43.8	40.9	38.8	39.4	36.6
2018/01/24 14:18:20	68.5	30.9	30.9	46.9	46.9	55.1	55.1	53.5	53.5	58.4	60.2	63.6	55.8	59.6	59.2	59.3	60.2	62.0	58.4	54.6	55.4	55.4	55.5	57.9	56.3	58.0	55.0	49.7	44.1	38.9	35.4	33.7	34.4
2018/01/24 14:18:21	61.9	28.7	28.7	44.7	44.7	54.5	54.5	54.0	54.0	58.0	60.2	58.8	54.1	57.1	54.4	54.8	52.9	57.5	50.0	49.3	48.5	48.6	48.0	47.8	49.1	48.6	46.2	42.0	34.1	27.6	23.9	23.5	21.9
2018/01/24 14:18:22	55.4	25.5	25.5	40.4	40.4	50.8	50.8	52.8	52.8	50.2	49.1	54.4	49.0	50.1	47.7	44.1	47.4	49.0	46.0	45.3	42.9	44.1	42.8	41.7	41.5	40.4	39.0	34.4	27.8	23.7	21.7	22.6	21.1
2018/01/24 14:18:23	56.1	25.5	25.5	43.1	43.1	51.9	51.9	53.6	53.6	54.0	56.0	58.3	50.1	52.9	48.2	48.0	50.0	46.9	48.0	47.1	43.8	42.9	42.3	40.1	39.8	38.0	36.7	31.7	26.5	22.8	21.6	22.4	20.8
2018/01/24 14:18:24	54.6	27.3	27.3	44.3	44.3	53.6	53.6	52.7	52.7	51.1	51.2	51.0	45.9	53.2	49.0	46.7	47.8	46.4	45.0	44.6	43.7	42.7	40.9	39.8	38.1	37.6	36.6	30.7	24.3	21.4	21.1	21.9	20.7
2018/01/24 14:18:25	54.6	25.0	25.0	43.1	43.1	51.6	51.6	49.5	49.5	45.1	45.9	49.1	44.0	51.2	51.4	46.0	47.7	49.0	44.2	44.2	43.8	42.1	39.4	38.5	37.7	37.4	35.3	30.2	24.0	21.5	21.3	22.5	20.9
2018/01/24 14:18:26	54.3	25.9	25.9	47.0	47.0	55.0	55.0	52.3	52.3	46.6	45.9	49.1	43.2	51.5	51.4	46.0	46.2	46.5	44.4	43.9	44.4	41.9	40.1	38.5	39.1	38.9	37.7	31.4	25.2	22.1	21.8	22.5	20.9
2018/01/24 14:18:27	57.5	24.7	24.7	44.6	44.6	53.0	53.0	51.5	51.5	51.8	52.3	53.0	47.9	55.0	53.8	49.0	49.6	49.3	48.6	48.4	45.7	43.8	42.9	41.8	43.4	42.7	40.7	35.1	28.2	23.7	22.8	23.9	21.8
2018/01/24 14:18:28	57.8	28.2	28.2	47.2	47.2	56.0	56.0	52.5	52.5	54.0	55.1	52.5	48.2	53.2	51.9	48.6	51.1	52.0	47.5	47.9	46.2	44.4	43.3	43.5	43.2	42.8	42.8	34.7	28.1	25.1	22.7	27.4	21.9
2018/01/24 14:18:29	59.0	27.8	27.8	47.3	47.3	56.4	56.4	55.5	55.5	53.0	56.6	56.6	47.8	56.0	51.9	49.4	51.4	51.7	50.3	49.1	47.7	45.8	45.4	46.3	44.5	43.3	42.3	35.5	26.9	22.8	22.2	22.8	21.4
2018/01/24 14:18:30	56.2	26.0	26.0	44.0	44.0	53.4	53.4	52.6	52.6	48.0	49.5	49.8	46.4	53.0	48.9	46.8	49.1	50.6	47.0	45.9	44.6	43.3	42.6	43.2	41.4	39.7	37.9	33.7	27.0	24.2	22.5	22.8	21.4
2018/01/24 14:18:31	56.1	26.2	26.2	43.8	43.8	52.6	52.6	53.7	53.7	48.1	52.4	51.7	47.5	51.5	47.6	48.7	52.1	48.5	48.0	44.6	42.7	41.7	40.1	40.8	42.6	42.9	39.7	33.8	31.5	28.4	22.7	22.6	22.2
2018/01/24 14:18:32	57.3	27.0	27.0	44.2	44.2	54.6	54.6	57.2	57.2	50.9	51.4	51.7	45.5	51.3	49.6	51.2	53.6	49.8	46.8	46.3	44.8	45.3	43.6	41.0	42.8	42.4	40.6	34.2	27.9	24.3	23.4	22.9	21.3
2018/01/24 14:18:33	56.9	29.7	29.7	50.1	50.1	58.2	58.2	56.5	56.5	48.8	46.9	49.3	45.8	52.7	50.7	48.7	49.6	50.8	47.7	47.0	44.9	43.2	44.0	41.7	42.5	42.7	41.9	35.6	28.5	23.6	22.6	22.7	22.1
2018/01/24 14:18:34	58.1	30.6	30.6	50.4	50.4	58.1	58.1	56.6	56.6	49.4	46.6	49.8	48.9	51.0	49.1	51.5	47.0	48.6	50.3	51.9	48.9	48.2	43.0	39.6	39.1	38.6	40.1	34.2	26.9	23.8	22.9	24.2	22.5
2018/01/24 14:18:35	55.9	27.7	27.7	41.6	41.6	52.4	52.4	53.1	53.1	48.4	46.8	47.4	44.6	49.5	47.2	52.5	50.5	48.3	44.2	45.0	47.4	41.3	39.2	42.8	38.7	40.3	40.0	33.6	28.7	24.4	22.8	22.8	22.0
2018/01/24 14:18:36	58.1	35.4	35.4	52.1	52.1	55.8	55.8	54.4	54.4	53.5	50.5	52.5	51.1	52.9	51.0	54.0	49.3	53.1	51.7	46.5	41.6	41.7	43.0	45.4	42.0	39.5	37.8	33.3	29.7	25.1	22.8	22.6	21.3
2018/01/24 14:18:37	57.5	28.2	28.2	52.0	52.0	57.6	57.6	55.4	55.4	53.5	49.4	50.5	48.8	51.9	49.7	49.3	48.8	51.5	50.2	44.9	43.5	45.9	44.4	42.4	43.4	44.1	43.5	40.0	30.9	26.4	23.1	23.3	21.7
2018/01/24 14:18:38	59.9	28.2	28.2	51.9	51.9	59.2	59.2	55.5	55.5	54.0	50.4	51.2	49.2	51.9	48.8	49.8	50.4	53.3	50.8	48.4	46.0	47.4	49.3	47.6	47.8	48.6	45.4	40.4	32.8	29.7	27.8	27.3	23.5
2018/01/24 14:18:39	61.9	29.5	29.5	50.2	50.2	58.9	58.9	56.5	56.5	52.4	50.5	51.3	50.3	55.3	54.7	48.9	50.2	53.9	51.6	51.0	47.9	52.9	48.6	53.9	49.4	46.9	43.4	38.4	32.4	29.3	26.8	25.4	23.8
2018/01/24 14:18:40	62.7	29.5	29.5	49.1	49.1	58.0	58.0	56.6	56.6	51.9	50.5	51.8	49.8	58.1	58.3	57.7	54.7	58.3	48.8	44.3	43.0	44.7	46.8	55.6	48.3	43.1	43.6	39.0	34.0	31.9	26.1	24.6	23.8
2018/01/24 14:18:41	57.6	28.1	28.1	50.3	50.3	57.8	57.8	55.4	55.4	55.0	51.8	50.8	48.1	52.0	52.0	55.7	53.5	51.5	47.8	43.6	42.7	41.0	40.2	39.3	38.5	39.5	42.8	34.1	27.6	24.1	21.9	22.9	21.7
2018/01/24 14:18:42	57.5	29.3	29.3	49.5	49.5	55.5	55.5	51.5	51.5	48.5	45.6	49.2	52.8	53.9	49.0	51.7	53.3	50.5	48.5	46.8	43.0	47.4	41.1	41.6	41.3	42.0	38.8	33.6	28.5	26.1	22.7	23.4	22.6
2018/01/24 14:18:43	54.6	25.0	25.0	44.1	44.1	51.2	51.2	50.8	50.8	49.4	46.2	48.6	44.9	50.2	52.7	49.3	50.4	48.2	44.5	42.4	41.5	38.2	38.4	37.1	36.3	37.8	37.5	33.8	27.5	26.1	22.5	22.9	21.6
2018/01/24 14:18:44	51.5	28.5	28.5	45.2	45.2	51.0	51.0	51.5	51.5	50.2	47.0	48.1	44.2	45.7	48.2	44.2	42.2	42.2	38.4	37.4	36.2	35.9	36.7	35.7	36.9	39.8	42.9	39.9	33.9	30.0	26.8	26.2	25.4
2018/01/24 14:18:45	49.7	26.7	26.7	43.8	43.8	52.3	52.3	53.8	53.8	51.4	49.4	47.4	42.3	46.2	42.9	42.2	43.4	42.7	38.6	38.4	37.3	34.6	33.5	33.4	34.0	35.6	37.4	34.5	26.0	26.3	23.2	23.6	22.7
2018/01/24 14:18:46	55.6	27.3	27.3	40.3	40.3	51.5	51.5	55.0	55.0	49.6	43.2	45.9	40.8	46.9	46.0	48.9	46.2	45.4	46.2	45.5	42.2	41.3	37.6	39.0	42.6	46.0	46.9	41.7	35.9	32.2	28.8	26.0	25.0
2018/01/24 14:18:47	51.6	27.6	27.6	41.4	41.4	49.3	49.3	49.5	49.5	49.5	46.2	46.2	43.7	47.8	43.6	46.4	45.5	43.6	44.6	39.8	36.2	37.0	34.1	34.1	34.1	36.9	40.8	37.0	28.1	27.2	24.6	25.2	23.5
2018/01/24 14:18:48	57.8	25.5	25.5	42.2	42.2	53.2	53.2	53.2	53.2	46.9	46.8	51.3	47.1	52.0	54.0	51.5	50.3	48.6	54.1	49.0	44.5	38.4	36.2	35.9	34.1	37.5	36.2	31.9	24.9	23.2	21.9	22.8	21.6
2018/01/24 14:18:49	58.7	25.3	25.3	43.3	43.3	50.3	50.3	49.6	49.6	46.4	44.7	49.0	46.5	50.3	53.6	52.4	53.8	54.3	48.6	47.5	42.7	45.2	39.3	40.3	40.8	46.6	43.1	38.2	31.2	25.8	25.0	24.1	23.5
2018/01/24 14:18:50	55.9	26.2	26.2	42.3	42.3	50.0	50.0	50.4	50.4	49.8	50.3	51.4	43.7	51.3	50.2	49.2	51.6	46.7	45.8	47.4	40.6	41.1	45.2	40.1	39.2	40.4	39.4	35.6	31.0	26.4	24.1	24.9	22.4
2018/01/24 14:18:51	54.9	31.4	31.4	45.0	45.0	57.1	57.1	59.2	59.2	55.4	56.7	53.2	43.3	49.5	47.9	44.4	45.2	44.4	50.5	44.9	39.3	40.4	35.9	36.0	36.5	41.0	44.0	38.1	29.8	28.9	26.1	26.2	24.7
2018/01/24 14:18:52	54.4	24.7	24.7	38.3	38.3	46.8	46.8	47.5	47.5	47.7	45.4	45.6	43.8	47.2	42.8	43.9	48.4	47.1	43.5	42.6	41.8	41.6	36.6	35.9	38.4	44.0	45.5	41.9	34.6	30.4	26.2	26.2	24.8
2018/01/24 14:18:53	54.3	24.2	24.2	36.6	36.6	46.2	46.2	46.9	46.9	47.7	45.6	45.3	42.6	46.7	47.0	45.5	49.7	48.4	44.8	44.1	42.7	41.8	37.9	36.3	38.9	41.0	38.5	34.0	33.0	25.8	22.8	23.1	22.1
2018/01/24 14:18:54	56.0	24.6	24.6	41.2	41.2	51.0	51.0	51.6	51.6	48.4	46.4	48.8	45.5	47.9	47.4	44.4	47.5	52.5	48.1	45.4	41.9	43.3	42.9	40.6	39.2	40.8	39.6	37.8	30.3	25.0	23.3	23.7	22.2
2018/01/24 14:18:55	53.6	25.4	25.4	38.0	38.0	47.7	47.7	47.8	47.8	44.7	41.1	43.5	40.5	47.7	44.6	45.9	46.0	43.2	47.9	44.8	41.1	41.7	41.4	38.8	37.7	38.4	37.3	33.4	28.0	25.3	25.1	23.6	21.8
2018/01/24 14:18:56	50.7	25.2	25.2	39.5	39.5	47.8	47.8	46.8	46.8	41.8	40.9	43.9	41.1	46.6	44.5	40.3	42.6	45.2	42.1	40.6	37.7	38.5	36.8	35.0	37.7	38.2	33.9	29.4	26.0	22.4	21.8	22.5	21.3
2018/01/24 14:18:57	51.0	23.9	23.9	38.9	38.9	48.0	48.0	47.5	47.5	42.7	41.3	43.4	36.9	48.0	43.2	42.3	48.1	44.2	41.5	37.3	36.9	37.9	36.8	35.5	37.0	36.7	34.9	31.4	27.3	23.6	22.1	22.5	21.3
2018/01/24 14:18:58	51.5	25.6	25.6	39.1	39.1	48.1	48.1	47.8	47.8	43.1	41.4	47.4	40.9	42.9	46.6	41.3	44.7	45.8	42.8	38.8	38.7	39.8	36.8	35.5	36.0	38.4	38.4	34.4	30.4	25.4	25.2	24.0	23.4
2018/01/24 14:18:59	55.0	25.9	25.9	40.2	40.2	49.5	49.5	49.0	49.0	46.4	42.7	43.4	42.0	42.2	40.8	45.1	46.1	54.0	47.4	38.8	43.0	39.1	36.8	36.4	37.0	40.2	36.5	32.1	26.4	23.1	22.0	22.4	21.3
2018/01/24 14:19:00	56.6	25.1	25.1	40.1	40.1	48.9	48.9	47.8	47.8	43.5	41.8	43.3	38.1	47.0	47.9	38.4	49.2	53.2	49.5	46.3	46.9	38.5	38.1	39.5	39.1	42.7	37.1	32.9	25.6	22.6	21.6	22.4	21.2
2018/01/24 14:19:01	54.9	26.0	26.0	38.1	38.1	49.5	49.5	52.6	52.6	49.6	44.9	47.3	37.3	44.8	45.2	44.0	51.0	50.1	44.3	40.8	39.1	41.2	37.8	35.6	33.6	47.5	38.4	32.0	25.8	23.4	22.0	22.8	21.3
2018/01/24 14:19:02	51.3	26.1	26.1	38.7	38.7	50.6	50.6	53.4	53.4	47.7	43.2	44.8	41.4	45.5	44.2	47.4	46.1	46.5	40.9	40.8	38.5	36.3	34.8	32.1	31.3	33.4	34.9	33.4	27.3	23.6	23.4	23.1	21.6
2018/01/24 14:19:03	52.4	26.1	26.1	39.8	39.8	49.6	49.6	50.9	50.9	45.5	41.8	44.1	43.0	49.4	46.3	45.9	47.0	49.7	41.4	39.5	35.8	35.3	33.9	33.0	32.9	34.8	38.7	35.8	28.4	23.5	23.8	23.0	21.4
2018/01/24 14:19:04	50.4	25.9	25.9	41.2	41.2	49.6	49.6	50.2	50.2	45.1	43.7	46.7	40.5	42.8	42.0	42.3	44.8	44.9	40.7	38.8	36.8	37.2	35.0	34.7	32.4	36.0	39.0	36.8	30.8	24.0	23.1	22.6	21.1
2018/01/24 14:19:05	53.1	26.9	26.9	42.5	42.5	51.5	51.5	52.6	52.6	47.8	45.3	48.3	43.5	46.5	46.9	46.0	46.0	48.4	44.2	42.7	39.1	39.7	38.1	36.6	36.3	38.4	38.8	35.8	29.9	23.9	24.0	22.9	21.9
2018/01/24 14:19:06	54.0	27.5	27.5	40.4	40.4	51.2	51.2	54.2	54.2	49.8	47.9	49.8	45.5	49.3	47.8	47.7	46.6	49.0	47.0	43.5	40.8	39.3	35.8	34.4	37.8	35.2	37.6	35.0	29.3	23.8	23.5	22.8	21.9
2018/01/24 14:19:07	52.8	27.7	27.7	41.8	41.8	51.9	51.9	56.9	56.9	53.3	45.9	48.0	43.1	46.4	45.5	45.8	45.6	47.1	44.5	43.7	40.6	38.8	40.1	36.4	35.3	34.6	34.7	32.2	26.4	22.5	23.1	22.8	21.7
2018/01/24 14:19:08	55.7	25.8	25.8	41.4	41.4	52.2	52.2	55.3	55.3	50.6	47.6	48.2	44.8	48.8	46.8	48.6	49.2	51.6	47.3	46.9	42.3	42.5	41.3	40.8	37.4	35.5	35.2	32.0	26.4	23.3	22.5	22.7	21.1
2018/01/24 14:19:09	55.8	26.7	26.7	43.3	43.3	53.6	53.6	58.5	58.5	54.9	45.7	49.6	46.9	48.8	46.2	49.5	51.2	52.2	45.1	44.1	41.2	41.2	40.8	41.8	39.5	37.0	36.6	33.5	27.5	22.8	23.3	23.3	21.9
2018/01/24 14:19:10	58.3	27.9	27.9	45.6	45.6	56.1	56.1	57.6	57.6	53.7	52.8	54.4	49.9	51.9	50.8	49.1	53.1	53.2	52.2	47.2	44.1	43.7	44.1	41.8	39.4	41.6	38.3	34.2	27.4	23.7	24.6	23.6	22.6
2018/01/24 14:19:11	58.8	31.7	31.7	46.4	46.4	56.1	56.1	60.8	60.8	57.1	53.4	54.6	50.2	51.3	52.1	51.9	51.6	52.8	50.9	50.0	44.4	44.9	46.5	44.1	41.8	43.6	41.2	33.5	27.1	23.9	22.5	22.4	21.2
2018/01/24 14:19:12	61.3	28.8	28.8	43.5	43.5	58.9	58.9	65.2	65.2	60.5	51.4	55.0	51.9	55.6	54.0	53.5	53.6	53.3	53.7	53.1	47.5	48.9	49.4	46.8	45.6	46.6	42.6	35.1	27.2	23.2	22.1	22.8	21.6
2018/01/24 14:19:13	59.6	26.6	26.6	42.8	42.8	59.9	59.9	66.4	66.4	61.5	50.7	52.1	52.4	53.8	50.0	50.9	49.5	53.6	52.1	51.1	46.3	46.5	48.0	45.1	43.9	43.6	40.9	32.4	24.7	22.3	21.9	22.4	21.2
2018/01/24 14:19:14	60.9	29.1	29.1	45.4	45.4	58.0	58.0	63.7	63.7	59.3	48.3	53.6	49.9	54.0	49.9	48.1	50.3	54.5	53.5	51.1	47.0	50.1	49.8	45.5	45.8	50.3	42.2	35.4	32.5	29.3	24.4	23.3	22.1
2018/01/24 14:19:15	59.0	28.2	28.2	45.5	45.5	57.6	57.6	62.4	62.4	57.7	50.9	52.6	50.6	53.1	51.8	52.4	52.7	51.5	51.4	49.0	45.6	46.4	46.5	43.7	43.1	44.2	40.6	35.9	29.5	25.7	23.9	23.8	22.8
2018/01/24 14:19:16	56.9	26.8	26.8	44.9	44.9	54.4	54.4	57.7	57.7	54.2	47.7	49.7	48.7	50.1	48.9	49.3	48.7	49.1	49.2	49.2	45.6	44.9	43.8	41.7	40.3	40.5	39.0	35.0	30.2	26.6	24.3	25.0	23.8
2018/01/24 14:19:17	55.3	27.8	27.8	44.0	44.0	53.8	53.8	56.4	56.4	53.8	49.8	50.5	48.6	50.8	47.3	47.8	47.2	49.5	46.9	45.9	41.9	42.4	41.6	39.5	38.9	40.3	40.4	36.7	30.7	28.7	26.4	25.3	27.1
2018/01/24 14:19:18	56.8	25.9	25.9	41.9	41.9	51.6	51.6	54.7	54.7	51.8	49.7	51.4	46.2	48.5	49.1	47.2	48.0	47.0	44.3	44.7	42.6	43.3	44.1	42.5	43.9	46.9	49.0	39.0	35.2	31.9	28.2	24.3	23.3
2018/01/24 14:19:19	54.4	27.1	27.1	44.2	44.2	54.2	54.2	56.8	56.8	53.5	47.8	48.6	45.9	47.9	47.2	46.5	47.0	46.4	44.1	44.7	42.0	42.9	41.4	39.7	39.8	40.9	40.7	37.2	32.9	28.7	25.0	24.1	22.6
2018/01/24 14:19:20	55.0	26.7	26.7	44.3	44.3	53.0	53.0	54.7	54.7	52.3	47.7	50.9	48.3	48.3	47.6	45.8	47.8	48.3	45.5	45.5	43.1	42.4	42.4	40.4	39.7	39.9	40.0	36.8	31.4	27.5	25.6	24.1	23.0
2018/01/24 14:19:21	53.8	26.5	26.5	46.5	46.5	55.0	55.0	54.1	54.1	49.5	46.9	47.3	43.2	46.2	44.9	46.2	46.4	49.1	44.1	44.7	41.1	41.9	39.5	37.2	37.5	40.5	36.4	32.4	25.9	21.9	21.4	22.4	20.9
2018/01/24 14:19:22	53.8	25.2	25.2	45.9	45.9	52.8	52.8	54.0	54.0	52.7	54.0	53.8	49.9	49.7	47.8	46.2	46.8	47.5	43.1	43.0	41.1	40.3	39.5	37.6	37.6	39.3	38.4	34.9	27.4	23.4	22.0	22.5	21.5
2018/01/24 14:19:23	53.2	27.7	27.7	44.6	44.6	52.5	52.5	54.2	54.2	53.3	56.1	53.8	47.2	50.1	47.3	47.3	46.1	45.3	44.5	42.0	39.7	39.1	38.1	37.8	37.3	37.5	36.2	30.9	24.8	22.3	21.9	22.3	21.2
2018/01/24 14:19:24	51.7	27.2	27.2	44.7	44.7	52.9	52.9	52.7	52.7	47.4	47.0	49.9	45.3	46.6	46.2	43.3	46.7	45.1	42.0	40.7	39.1	39.1	38.3	36.1	35.9	34.7	33.3	28.1	23.7	21.6	21.5	22.1	21.3
2018/01/24 14:19:25	53.0	25.4	25.4	43.0	43.0	49.8	49.8	47.8	47.8	46.9	47.3	48.4	44.0	46.6	46.0	42.6	45.5	43.5	43.8	43.9	43.5	41.0	41.9	37.4	36.6	40.0	36.5	28.6	23.5	22.2	21.7	23.0	21.6
2018/01/24 14:19:26	52.9	26.7	26.7	44.8	44.8	52.4	52.4	50.6	50.6	49.1	49.5	50.4	45.6	49.2	45.8	44.2	46.3	45.8	45.3	43.1	42.2	40.2	38.5	36.0	35.7	35.8	35.0	30.1	25.1	23.0	22.2	23.0	22.2
2018/01/24 14:19:27	53.1	28.3	28.3	45.9	45.9	53.6	53.6	53.2	53.2	53.7	55.0	53.7	44.8	48.9	47.5	46.8	46.1	47.0	43.7	42.0	41.2	39.7	37.1	36.6	35.3	35.3	36.2	33.0	28.5	23.0	22.1	23.0	22.1
2018/01/24 14:19:28	52.5	25.3	25.3	41.0	41.0	50.0	50.0	49.4	49.4	46.1	42.6	46.7	40.3	43.9	45.0	40.4	45.7	44.9	43.5	44.4	42.7	39.5	41.6	38.0	36.5	35.8	34.7	30.8	24.2	23.1	22.1	22.3	21.0
2018/01/24 14:19:29	58.9	33.9	33.9	51.3	51.3	63.9	63.9	69.3	69.3	67.5	62.5	63.1	56.8	56.1	51.3	50.2	51.1	48.0	46.5	46.6	45.4	43.4	44.3	39.9	42.9	43.1	40.8	35.8	27.3	25.1	22.6	22.7	21.1
2018/01/24 14:19:30	59.7	28.4	28.4	46.1	46.1	52.3	52.3	53.5	53.5	54.1	53.9	54.3	52.8	54.7	53.3	49.1	54.4	53.3	51.9	47.5	46.4	45.7	46.2	45.1	44.2	46.1	44.2	40.8	34.2	28.1	27.0	24.7	23.6
2018/01/24 14:19:31	52.9	26.0	26.0	40.0	40.0	49.8	49.8	53.0	53.0	50.5	47.4	51.7	43.8	49.6	46.4	43.2	45.8	47.2	45.2	41.6	39.6	38.0	39.0	36.8	37.4	38.7	37.0	33.8	28.4	23.1	22.7	23.0	22.3
2018/01/24 14:19:32	51.7	24.9	24.9	35.8	35.8	44.7	44.7	46.5	46.5	44.5	46.3	48.0	41.7	47.3	46.5	41.7	43.7	43.7	42.3	40.9	39.5	38.1	38.8	37.5	39.1	38.7	38.6	33.4	27.8	23.1	22.3	22.9	21.5
2018/01/24 14:19:33	54.7	25.7	25.7	42.3	42.3	50.7	50.7	53.7	53.7	53.8	50.8	53.7	53.5	54.5	49.1	45.5	44.9	46.2	46.5	43.5	42.4	39.8	41.3	38.5	38.7	40.0	38.1	32.6	25.7	22.8	22.1	23.0	22.0
2018/01/24 14:19:34	61.8	25.4	25.4	37.7	37.7	46.2	46.2	51.4	51.4	54.1	52.3	51.7	52.0	54.1	53.6	52.9	53.3	51.7	48.7	51.3	46.3	50.5	53.3	48.3	48.7	48.4	47.5	48.9	47.5	41.7	31.5	31.3	30.6
2018/01/24 14:19:35	56.1	31.9	31.9	45.9	45.9	54.4	54.4	59.3	59.3	56.4	53.7	57.0	51.3	54.0	49.2	48.4	50.8	49.5	47.9	45.5	41.1	41.2	39.9	39.6	37.8	38.6	38.8	35.1	30.1	25.9	25.2	26.2	23.4
2018/01/24 14:19:36	55.0	32.3	32.3	46.4	46.4	56.2	56.2	62.4	62.4	59.5	52.4	52.7	48.9	52.0	48.0	47.0	47.3	48.7	46.3	45.0	42.2	41.9	38.9	39.0	40.1	37.0	35.6	31.0	25.6	23.1	22.4	22.9	21.6
2018/01/24 14:19:37	58.4	30.6	30.6	49.6	49.6	56.1	56.1	54.4	54.4	54.5	49.8	52.7	51.1	53.2	50.1	47.5	49.6	52.1	50.5	50.0	47.1	43.8	45.0	44.1	44.8	44.1	40.8	34.6	27.5	24.5	23.6	23.8	22.3
2018/01/24 14:19:38	64.9	35.8	35.8	54.8	54.8	60.6	60.6	61.0	61.0	61.4	64.1	70.1	66.5	65.3	59.6	56.2	56.0	51.7	53.0	51.7	51.9	49.1	48.6	46.7	46.6	50.6	47.9	45.1	38.6	35.9	42.2	28.9	29.1
2018/01/24 14:19:39	55.8	29.6	29.6	45.1	45.1	59.2	59.2	61.7	61.7	55.7	52.0	51.9	51.6	51.3	47.9	47.9	51.0	49.7	46.3	44.5	42.9	40.7	39.6	39.6	40.8	42.8	38.1	32.6	26.9	23.1	22.2	23.0	21.4
2018/01/24 14:19:40	55.3	28.4	28.4	43.6	43.6	53.6	53.6	58.1	58.1	53.7	45.4	49.1	46.1	49.9	48.3	47.0	50.1	50.1	47.4	43.1	44.7	41.7	39.4	38.5	38.4	38.4	37.8	33.9	26.8	23.2	22.8	22.5	21.7
2018/01/24 14:19:41	55.3	26.1	26.1	40.1	40.1	48.8	48.8	51.7	51.7	50.1	47.1	46.8	44.9	49.8	46.3	44.5	46.2	47.1	50.3	47.2	44.2	41.5	39.5	38.9	39.5	40.0	39.9	35.7	28.9	24.4	23.2	23.9	22.8
2018/01/24 14:19:42	56.9	26.9	26.9	41.4	41.4	47.9	47.9	48.2	48.2	46.8	44.0	47.0	45.2	49.0	47.6	44.4	47.0	50.4	48.0	45.5	43.7	43.4	42.8	40.9	44.1	48.3	45.5	41.2	34.5	30.1	26.5	26.8	25.5
2018/01/24 14:19:43	52.5	28.0	28.0	43.5	43.5	49.4	49.4	50.1	50.1	47.4	45.4	47.1	43.7	49.6	47.5	43.1	44.3	43.7	44.9	41.4	40.3	39.7	37.8	37.8	38.0	39.2	39.4	34.8	28.3	22.5	22.3	23.3	22.6
2018/01/24 14:19:44	51.8	29.7	29.7	45.7	45.7	53.0	53.0	52.7	52.7	48.8	46.5	45.9	42.5	48.9	45.1	42.0	43.9	44.7	42.5	41.8	41.5	39.4	37.4	37.4	36.6	37.2	36.9	31.2	25.4	21.9	21.6	22.7	21.2
2018/01/24 14:19:45	52.1	33.1	33.1	51.1	51.1	59.1	59.1	60.6	60.6	56.7	52.1	50.8	46.3	48.0	45.1	43.0	46.7	42.5	42.1	43.4	38.1	39.3	38.8	35.0	36.7	34.4	33.8	29.9	24.8	21.3	21.5	22.2	20.8
2018/01/24 14:19:46	53.9	33.2	33.2	48.6	48.6	59.0	59.0	59.9	59.9	55.6	51.5	51.7	43.8	44.6	42.6	43.4	51.0	47.0	41.8	43.1	38.7	38.4	41.3	41.9	39.5	36.7	35.3	38.4	30.7	22.6	22.8	22.7	21.0
2018/01/24 14:19:47	52.7	30.1	30.1	47.0	47.0	56.1	56.1	57.4	57.4	55.3	54.1	53.9	44.9	46.9	44.2	43.8	47.2	43.2	43.2	43.8	40.3	40.6	38.6	38.1	36.5	36.5	35.1	31.7	25.6	21.8	22.2	22.5	21.0
2018/01/24 14:19:48	55.8	31.3	31.3	47.1	47.1	54.3	54.3	55.8	55.8	55.4	53.3	50.9	44.1	46.5	44.2	43.3	45.6	46.6	44.1	43.2	40.6	40.5	38.9	38.9	37.4	39.5	52.0	33.2	27.2	22.8	22.2	23.0	21.2
2018/01/24 14:19:49	62.0	29.2	29.2	46.2	46.2	56.9	56.9	58.1	58.1	54.2	56.0	52.0	46.7	50.4	51.0	49.9	51.0	52.9	50.4	51.0	48.3	47.8	43.4	45.3	45.1	50.9	57.6	44.4	33.9	26.7	25.7	25.3	22.5
2018/01/24 14:19:50	59.8	28.9	28.9	46.7	46.7	58.0	58.0	59.9	59.9	53.9	52.5	52.3	49.7	51.7	53.3	50.9	51.3	49.0	50.1	49.4	49.0	51.6	44.0	46.2	49.1	44.4	41.5	38.0	31.6	25.4	23.4	23.6	21.8
2018/01/24 14:19:51	57.9	32.6	32.6	44.7	44.7	56.5	56.5	59.0	59.0	52.2	51.3	49.4	45.2	50.2	52.7	47.5	50.2	49.5	48.4	52.9	48.2	44.8	42.0	39.5	37.8	39.2	38.8	34.2	26.6	22.7	22.8	23.1	21.3
2018/01/24 14:19:52	53.5	32.5	32.5	47.0	47.0	53.7	53.7	55.1	55.1	54.8	52.5	49.2	44.5	50.1	49.5	46.5	48.5	45.1	43.4	43.6	39.8	41.4	38.0	38.1	35.7	36.8	37.1	31.3	24.1	22.1	21.8	22.9	21.3
2018/01/24 14:19:53	57.9	31.5	31.5	47.2	47.2	53.1	53.1	58.1	58.1	56.3	47.1	47.6	43.0	47.1	44.1	42.2	44.6	43.9	42.6	43.3	41.9	40.5	42.2	41.4	48.0	49.8	51.5	49.2	39.4	33.9	30.8	29.1	24.1
2018/01/24 14:19:54	57.2	33.1	33.1	48.3	48.3	54.1	54.1	54.3	54.3	51.2	48.0	48.7	47.3	48.9	45.6	45.1	48.6	46.8	46.4	45.8	42.5	41.9	43.4	42.9	45.9	48.2	48.8	44.4	34.9	32.9	31.3	28.6	23.3
2018/01/24 14:19:55	56.9	31.5	31.5	42.9	42.9	50.4	50.4	52.3	52.3	49.3	47.4	50.6	45.9	50.7	49.8	47.5	55.3	50.3	46.6	46.7	43.5	40.6	39.9	39.7	40.4	40.5	40.3	34.0	26.4	24.0	23.8	23.8	21.4
2018/01/24 14:19:56	56.8	30.9	30.9	47.0	47.0	57.2	57.2	57.5	57.5	53.5	51.2	51.3	49.4	49.5	48.7	47.5	54.4	47.7	48.5	46.9	44.5	43.6	42.5	40.0	39.5	40.2	37.3	32.2	26.6	23.6	23.7	23.6	21.3
2018/01/24 14:19:57	56.5	30.9	30.9	46.4	46.4	55.7	55.7	57.9	57.9	56.6	51.9	49.4	46.7	48.2	46.6	48.6	47.4	47.5	48.5	49.3	47.2	43.0	43.7	40.8	40.8	42.1	39.5	35.3	30.2	27.1	26.2	26.0	22.7
2018/01/24 14:19:58	57.1	35.3	35.3	50.3	50.3	55.1	55.1	57.4	57.4	55.1	50.3	50.4	47.8	51.7	45.6	47.2	49.8	49.1	49.8	50.5	46.3	43.9	43.1	41.7	40.1	40.4	37.3	31.6	26.6	24.0	23.4	23.6	21.5
2018/01/24 14:19:59	58.1	37.4	37.4	56.0	56.0	60.8	60.8	57.7	57.7	57.4	54.0	52.4	49.9	53.7	49.6	48.4	51.2	49.0	48.4	48.8	45.9	46.0	46.3	44.1	45.9	44.9	41.8	36.1	30.0	27.3	26.0	26.2	22.4
2018/01/24 14:20:00	61.9	31.7	31.7	55.3	55.3	61.0	61.0	56.8	56.8	52.9	52.1	56.2	53.6	54.5	51.8	48.0	51.8	52.4	50.9	55.0	52.2	47.7	51.2	48.1	50.2	49.0	46.0	40.6	33.5	30.1	28.3	29.0	24.0
2018/01/24 14:20:01	58.1	26.5	26.5	55.1	55.1	61.4	61.4	56.5	56.5	53.8	53.1	51.6	49.5	53.7	50.5	47.2	49.5	50.4	50.2	47.3	47.1	45.5	44.1	43.5	44.8	44.5	43.9	40.8	36.5	34.5	31.5	29.2	27.2
2018/01/24 14:20:02	57.1	29.0	29.0	48.2	48.2	55.8	55.8	56.9	56.9	55.8	51.6	51.1	50.7	51.6	46.5	46.6	48.7	48.3	47.9	47.5	46.8	45.5	45.7	44.3	43.4	42.6	41.3	36.3	29.0	24.9	24.5	24.1	22.4
2018/01/24 14:20:03	58.0	30.7	30.7	51.0	51.0	57.3	57.3	56.6	56.6	54.6	50.1	51.1	49.6	51.4	47.9	51.1	50.7	50.8	48.0	48.8	47.7	45.9	44.9	44.8	44.1	42.8	40.5	36.2	29.4	24.8	22.9	23.6	21.8
2018/01/24 14:20:04	59.1	30.1	30.1	48.0	48.0	56.1	56.1	58.6	58.6	57.4	53.7	51.3	47.6	50.9	50.3	48.7	50.1	48.8	50.1	49.1	50.2	48.6	45.5	45.3	45.7	46.7	45.1	40.0	35.3	30.8	29.3	29.4	26.5
2018/01/24 14:20:05	67.7	33.9	33.9	48.4	48.4	54.7	54.7	56.5	56.5	58.3	58.3	59.8	53.9	59.6	66.8	66.1	61.0	58.8	55.8	54.2	54.2	55.0	53.1	51.9	51.3	49.9	48.9	44.4	38.0	33.4	31.1	32.0	31.0
2018/01/24 14:20:06	63.2	32.4	32.4	45.5	45.5	51.7	51.7	54.3	54.3	52.7	53.0	56.3	51.0	52.9	60.9	61.4	56.6	51.5	54.3	49.9	50.4	51.5	49.2	47.9	46.3	46.0	45.8	40.7	35.0	29.4	27.0	25.8	24.4
2018/01/24 14:20:07	58.2	28.0	28.0	44.7	44.7	52.0	52.0	56.4	56.4	54.2	51.9	56.0	47.0	50.7	57.1	53.4	52.0	47.2	47.1	46.4	45.6	46.8	43.3	43.5	41.1	42.5	42.4	36.9	29.3	28.7	24.4	26.2	24.1
2018/01/24 14:20:08	56.4	30.1	30.1	45.8	45.8	54.0	54.0	55.3	55.3	53.7	51.9	53.8	45.4	50.2	53.5	51.7	50.4	46.9	45.8	46.5	44.5	45.2	42.0	40.4	39.0	38.5	37.4	34.3	27.7	23.9	24.2	23.9	23.0
2018/01/24 14:20:09	55.5	29.4	29.4	44.5	44.5	53.7	53.7	54.8	54.8	51.8	49.2	48.1	44.8	48.1	46.1	45.1	48.1	48.7	46.4	50.2	44.9	42.8	40.8	38.8	37.0	35.9	35.0	32.5	27.3	24.2	23.4	24.0	22.8
2018/01/24 14:20:10	56.5	26.5	26.5	47.6	47.6	54.8	54.8	53.6	53.6	49.1	46.2	47.5	45.9	50.5	48.8	47.6	50.7	48.8	49.2	49.3	45.6	43.6	41.9	39.7	38.0	37.1	35.6	31.5	26.3	24.9	22.6	23.2	21.3
2018/01/24 14:20:11	60.0	30.5	30.5	46.7	46.7	54.5	54.5	55.5	55.5	51.7	48.5	50.3	48.7	51.2	52.1	54.8	57.7	52.0	51.0	51.2	46.8	44.8	43.5	42.1	43.2	44.1	41.7	35.8	29.6	27.6	25.4	25.1	22.1
2018/01/24 14:20:12	60.1	28.9	28.9	44.7	44.7	51.3	51.3	50.7	50.7	50.3	47.3	47.6	46.2	51.5	51.6	55.6	54.0	52.0	51.0	50.5	47.7	48.7	48.8	42.4	43.6	42.5	47.3	34.1	31.4	25.5	24.2	23.7	22.9
2018/01/24 14:20:13	52.8	29.9	29.9	45.2	45.2	53.2	53.2	53.8	53.8	51.5	48.1	47.9	45.2	47.4	48.6	47.8	46.1	45.4	44.4	43.7	40.5	39.6	38.0	36.2	34.8	34.3	32.2	26.8	22.1	21.5	21.7	22.6	21.3
2018/01/24 14:20:14	54.4	31.2	31.2	44.5	44.5	51.9	51.9	52.5	52.5	49.5	48.7	51.4	45.8	46.3	47.9	49.8	45.9	45.2	46.0	45.1	41.4	40.3	39.7	40.6	40.5	42.4	39.5	32.6	24.0	21.2	21.3	22.3	21.1
2018/01/24 14:20:15	53.5	33.9	33.9	46.3	46.3	51.1	51.1	51.9	51.9	50.5	47.5	48.3	43.8	46.7	49.4	48.6	44.7	45.6	46.3	44.9	41.8	41.2	38.8	37.3	35.9	35.4	32.8	27.7	22.3	21.2	21.5	22.4	21.2
2018/01/24 14:20:16	54.1	30.4	30.4	51.1	51.1	57.7	57.7	55.7	55.7	54.1	49.6	49.3	46.7	50.7	45.9	45.5	45.0	45.6	47.6	45.1	41.6	40.3	39.4	39.0	39.8	40.5	36.5	29.9	29.7	28.2	21.1	22.0	21.1
2018/01/24 14:20:17	53.5	30.4	30.4	51.9	51.9	60.5	60.5	62.0	62.0	57.9	54.4	54.3	47.2	49.6	45.9	43.7	44.3	45.2	45.3	43.5	42.3	40.5	38.6	37.5	37.3	36.6	35.8	31.7	27.3	26.6	23.7	24.0	22.1
2018/01/24 14:20:18	51.0	28.6	28.6	50.0	50.0	58.6	58.6	57.7	57.7	52.0	47.3	46.0	42.4	45.7	43.5	42.8	42.6	43.3	44.2	42.0	40.5	39.2	36.5	35.1	33.3	32.3	30.0	24.0	20.9	20.5	21.1	21.9	20.7
2018/01/24 14:20:19	52.3	28.9	28.9	45.3	45.3	54.4	54.4	54.6	54.6	51.2	46.5	49.9	43.5	45.1	44.9	43.6	44.0	44.7	44.7	42.4	40.3	39.9	40.2	38.9	36.3	36.6	34.0	33.4	22.6	20.9	21.3	22.1	20.8
2018/01/24 14:20:20	51.8	27.6	27.6	46.0	46.0	54.4	54.4	53.0	53.0	47.9	43.8	46.7	41.4	45.5	43.2	43.8	43.8	44.7	44.3	42.6	40.8	40.7	38.3	36.7	37.2	35.9	33.4	28.1	22.5	21.1	21.6	22.3	21.0
2018/01/24 14:20:21	52.0	26.8	26.8	43.6	43.6	52.8	52.8	53.5	53.5	48.4	44.2	47.1	42.3	45.7	43.2	42.7	44.3	45.2	43.5	43.0	41.1	40.7	38.6	37.4	36.9	36.0	35.7	32.8	25.8	22.6	22.4	23.1	22.9
2018/01/24 14:20:22	52.8	29.2	29.2	47.3	47.3	55.1	55.1	54.2	54.2	47.5	45.9	48.3	42.1	46.2	44.2	43.7	45.1	44.5	45.2	43.9	42.6	41.3	39.5	38.7	38.5	36.7	35.5	30.0	25.1	22.4	21.8	22.4	20.9
2018/01/24 14:20:23	53.8	31.1	31.1	48.6	48.6	54.8	54.8	54.2	54.2	51.0	49.2	49.1	46.3	49.2	46.2	44.0	45.7	46.6	43.9	45.4	43.9	42.0	40.9	39.1	38.4	38.3	36.2	30.8	24.5	21.3	20.9	21.9	20.7
2018/01/24 14:20:24	54.1	31.5	31.5	48.1	48.1	53.0	53.0	52.7	52.7	49.4	47.6	49.8	42.5	47.6	46.2	46.2	47.7	46.5	44.9	45.6	43.4	42.1	41.0	39.8	39.3	38.5	36.5	31.9	24.5	21.2	21.3	22.0	20.7
2018/01/24 14:20:25	56.0	32.3	32.3	49.7	49.7	57.1	57.1	56.4	56.4	50.1	48.1	50.1	46.2	48.9	47.1	47.2	50.2	48.5	46.5	46.9	45.5	44.3	43.8	41.4	40.9	40.2	39.0	33.5	24.7	21.1	21.1	22.0	20.4
2018/01/24 14:20:26	60.8	34.1	34.1	44.5	44.5	52.9	52.9	54.5	54.5	53.0	48.8	51.9	48.2	52.8	51.8	52.0	54.3	52.1	54.2	52.6	50.5	48.5	46.9	45.6	45.9	45.7	42.1	36.2	27.4	23.9	22.5	22.9	21.1
2018/01/24 14:20:27	54.9	26.1	26.1	42.7	42.7	50.6	50.6	50.0	50.0	46.3	45.9	50.8	46.5	48.8	47.0	44.9	48.8	47.4	47.6	46.6	44.1	43.3	41.2	39.2	37.5	35.7	33.3	28.4	21.9	20.7	21.0	21.7	20.9
2018/01/24 14:20:28	53.6	27.1	27.1	46.6	46.6	54.1	54.1	52.9	52.9	49.1	46.2	51.4	47.9	49.8	47.2	44.2	46.7	45.6	44.8	44.8	43.8	42.2	39.7	37.8	36.4	34.9	32.2	26.7	21.1	20.3	20.8	21.9	20.7
2018/01/24 14:20:29	55.3	30.1	30.1	46.2	46.2	53.7	53.7	53.7	53.7	52.8	51.1	51.6	45.3	50.0	47.2	47.3	46.6	47.0	45.5	46.3	43.9	43.9	42.8	41.3	41.8	41.5	40.1	35.4	27.5	22.8	21.5	22.2	20.7
2018/01/24 14:20:30	55.7	31.7	31.7	49.8	49.8	57.4	57.4	55.6	55.6	50.8	49.0	54.2	46.1	52.1	50.3	46.9	48.9	47.3	46.1	46.8	45.6	44.2	42.1	41.2	38.8	37.3	35.2	29.6	23.0	21.3	21.2	22.1	20.8
2018/01/24 14:20:31	58.0	36.4	36.4	53.9	53.9	62.2	62.2	61.2	61.2	56.7	55.1	58.2	48.5	53.2	54.1	49.0	50.7	49.1	48.2	49.0	47.2	45.4	44.0	43.5	41.7	40.6	38.8	33.2	26.7	22.4	21.5	22.0	20.8
2018/01/24 14:20:32	62.7	36.6	36.6	54.8	54.8	63.6	63.6	61.3	61.3	55.8	53.6	60.4	51.8	57.3	59.4	51.7	52.9	54.2	53.5	54.2	51.0	49.9	49.8	49.6	49.2	47.9	45.1	39.3	33.1	29.6	27.6	26.9	24.3
2018/01/24 14:20:33	58.9	32.4	32.4	47.1	47.1	55.6	55.6	55.2	55.2	52.2	51.0	54.0	46.0	55.3	55.6	48.1	50.7	51.6	51.4	50.3	47.1	45.3	44.5	43.9	43.8	42.5	40.8	34.4	27.3	23.0	22.3	23.0	21.6
2018/01/24 14:20:34	53.6	32.9	32.9	46.3	46.3	53.9	53.9	53.6	53.6	51.7	49.9	48.3	41.6	51.7	49.5	42.6	45.7	45.3	45.2	45.0	42.4	41.4	40.6	38.7	37.2	35.7	33.4	27.4	21.6	20.5	20.8	22.0	20.8
2018/01/24 14:20:35	52.9	34.0	34.0	47.8	47.8	53.4	53.4	53.5	53.5	51.6	49.1	48.4	43.6	50.9	52.2	44.9	44.1	44.3	43.3	42.8	41.0	39.2	38.4	37.1	35.6	34.8	32.2	27.0	21.6	20.5	21.2	22.0	20.6
2018/01/24 14:20:36	54.6	30.7	30.7	54.9	54.9	60.6	60.6	58.6	58.6	63.1	58.7	50.5	45.7	49.6	54.2	47.0	45.3	44.8	44.2	42.9	42.5	40.7	39.0	37.4	36.2	35.5	33.6	27.1	22.0	20.6	20.9	21.9	20.6
2018/01/24 14:20:37	55.2	36.1	36.1	55.8	55.8	64.8	64.8	63.0	63.0	59.4	57.1	51.7	47.9	50.8	54.1	49.7	46.8	45.3	44.2	44.6	42.9	42.0	40.3	38.4	38.5	37.5	34.8	28.5	22.0	21.2	21.2	21.9	20.9
2018/01/24 14:20:38	57.2	40.6	40.6	58.2	58.2	68.7	68.7	67.1	67.1	58.8	59.0	54.2	46.8	51.9	55.5	51.1	48.8	46.1	46.0	47.6	44.8	43.7	42.1	42.3	41.0	41.5	40.0	32.6	23.7	20.8	21.0	22.0	20.7
2018/01/24 14:20:39	58.3	36.3	36.3	52.3	52.3	59.3	59.3	62.4	62.4	65.0	59.6	54.8	48.0	52.1	56.6	51.7	47.9	48.0	47.6	49.0	45.1	43.9	44.2	43.7	43.7	44.5	41.3	35.3	26.1	23.6	22.5	22.5	20.8
2018/01/24 14:20:40	58.3	32.3	32.3	55.7	55.7	62.9	62.9	59.8	59.8	61.7	57.4	52.3	49.2	52.9	57.5	52.5	47.7	49.6	48.5	47.8	46.4	44.1	43.4	43.6	43.1	43.7	41.1	33.7	25.4	23.2	21.9	22.5	20.7
2018/01/24 14:20:41	54.6	31.6	31.6	47.0	47.0	54.7	54.7	60.7	60.7	60.0	52.2	48.9	45.2	49.6	49.8	44.8	45.7	49.2	44.7	44.6	43.4	41.5	40.6	40.9	38.1	37.9	34.5	27.1	21.8	20.5	20.8	21.9	20.8
2018/01/24 14:20:42	52.2	31.5	31.5	48.4	48.4	54.2	54.2	57.5	57.5	56.1	50.4	48.3	41.2	48.7	48.9	43.8	43.4	46.7	44.1	42.5	38.4	37.1	37.9	36.5	34.5	32.9	30.6	24.8	20.6	20.6	21.4	22.1	20.6
2018/01/24 14:20:43	52.5	28.8	28.8	46.8	46.8	54.3	54.3	53.1	53.1	50.4	49.1	48.1	42.6	46.8	43.4	44.0	43.7	45.3	47.0	42.6	40.2	39.5	40.6	37.7	35.7	34.1	31.2	25.4	21.4	20.3	21.0	22.0	20.6
2018/01/24 14:20:44	49.6	28.7	28.7	42.1	42.1	50.9	50.9	53.2	53.2	50.3	47.5	45.9	40.9	44.8	43.2	39.7	40.1	42.0	41.5	40.7	36.3	36.1	38.1	37.3	34.3	32.4	32.0	26.3	21.1	20.5	21.0	21.9	20.6
2018/01/24 14:20:45	50.2	27.1	27.1	42.5	42.5	54.3	54.3	56.7	56.7	51.3	50.6	50.1	44.2	47.6	42.4	41.2	43.6	41.4	40.6	38.6	37.8	37.0	36.9	35.5	35.4	35.2	35.3	30.8	23.5	21.0	21.0	22.1	20.7
2018/01/24 14:20:46	51.1	26.4	26.4	46.2	46.2	55.0	55.0	57.5	57.5	53.4	47.0	48.8	43.1	48.4	44.1	41.3	43.4	41.8	43.6	39.7	38.9	38.0	37.7	36.6	36.7	36.5	36.0	31.6	27.0	23.2	22.4	22.6	21.3
2018/01/24 14:20:47	49.1	26.1	26.1	44.6	44.6	50.9	50.9	52.4	52.4	51.0	45.8	46.4	42.9	45.3	43.1	38.6	41.9	42.5	40.5	39.2	36.6	35.9	34.5	33.1	33.0	34.2	33.8	30.3	25.1	22.8	22.4	23.2	21.7
2018/01/24 14:20:48	50.7	31.1	31.1	47.5	47.5	52.0	52.0	51.2	51.2	48.0	48.2	45.8	40.7	44.6	43.7	41.2	42.7	44.8	41.1	43.0	38.7	37.1	35.8	35.7	35.9	35.7	35.5	31.8	26.9	23.8	22.5	23.9	22.3
2018/01/24 14:20:49	49.7	26.8	26.8	43.8	43.8	51.2	51.2	51.5	51.5	46.5	47.0	46.1	41.8	47.5	44.9	39.4	40.4	42.7	40.5	41.2	41.1	36.7	35.0	32.6	31.0	31.7	29.9	25.8	21.8	20.7	21.2	22.1	20.8
2018/01/24 14:20:50	52.3	26.2	26.2	43.2	43.2	51.8	51.8	51.9	51.9	51.1	54.6	50.8	40.1	44.6	43.6	41.0	43.9	43.5	42.4	45.0	43.7	41.1	38.0	35.8	35.8	35.9	32.6	28.0	23.3	20.9	21.1	22.0	20.6
2018/01/24 14:20:51	52.9	28.1	28.1	48.9	48.9	55.1	55.1	53.5	53.5	50.1	48.8	49.0	42.4	46.1	45.6	41.1	43.1	43.5	42.3	46.1	44.8	41.3	37.8	35.7	36.5	39.5	36.8	30.1	30.2	21.9	21.6	22.5	21.4
2018/01/24 14:20:52	54.3	29.1	29.1	44.1	44.1	54.0	54.0	55.9	55.9	51.6	50.8	53.0	44.1	46.8	46.6	43.6	44.0	45.5	47.0	43.4	42.1	43.0	41.5	39.6	44.2	38.5	37.9	31.9	27.4	22.5	22.4	22.5	21.0
2018/01/24 14:20:53	53.4	25.0	25.0	42.6	42.6	51.8	51.8	53.3	53.3	49.1	44.4	47.1	41.8	43.7	42.2	41.4	42.1	44.2	48.3	44.4	39.4	43.5	41.5	39.6	40.6	35.2	33.2	26.9	21.5	21.0	21.4	22.3	20.9
2018/01/24 14:20:54	52.7	24.3	24.3	42.5	42.5	49.7	49.7	48.9	48.9	48.0	45.9	46.8	39.3	44.5	40.8	41.5	43.0	45.8	45.4	44.7	44.2	41.1	40.6	37.0	35.8	34.3	32.7	26.4	21.8	20.6	21.1	22.0	20.7
2018/01/24 14:20:55	55.3	26.6	26.6	42.1	42.1	51.4	51.4	51.8	51.8	49.0	47.6	45.4	41.6	46.1	43.3	42.6	44.6	47.0	48.8	48.3	46.9	44.9	40.2	38.9	38.1	36.4	35.9	29.8	23.9	21.1	21.3	21.9	20.7
2018/01/24 14:20:56	55.7	25.6	25.6	42.3	42.3	50.0	50.0	49.1	49.1	44.5	44.0	45.1	40.6	45.5	44.5	42.1	46.3	50.1	48.0	50.9	44.3	41.2	40.6	38.6	37.4	37.9	35.8	32.5	25.8	21.3	21.2	22.0	20.6
2018/01/24 14:20:57	52.5	27.3	27.3	44.2	44.2	49.6	49.6	49.6	49.6	44.4	41.6	44.1	38.5	44.0	42.6	40.3	43.2	46.3	48.0	44.1	40.9	39.7	38.4	36.1	34.5	34.0	32.2	27.3	21.6	20.4	20.7	21.9	20.6
2018/01/24 14:20:58	51.9	26.4	26.4	42.4	42.4	50.8	50.8	51.9	51.9	48.1	43.3	43.7	37.8	42.3	39.5	39.4	43.0	47.2	43.5	43.6	40.8	38.8	41.0	37.2	36.1	34.0	32.7	26.2	21.7	20.4	20.9	22.0	20.7
2018/01/24 14:20:59	49.9	24.7	24.7	41.2	41.2	47.3	47.3	46.2	46.2	44.2	43.2	44.8	38.7	43.4	39.8	38.8	42.6	43.2	44.1	40.7	39.4	36.9	37.4	33.9	32.9	30.4	28.0	23.8	20.6	20.4	21.0	21.9	20.5
2018/01/24 14:21:00	48.2	26.2	26.2	39.2	39.2	46.7	46.7	46.6	46.6	43.4	40.5	42.3	37.6	41.4	38.5	39.9	41.4	39.8	40.9	40.1	37.4	37.3	35.3	31.9	31.1	31.3	29.1	24.8	20.9	20.6	21.1	22.1	20.8
2018/01/24 14:21:01	50.0	27.7	27.7	43.7	43.7	48.9	48.9	49.4	49.4	48.6	44.2	43.3	38.4	41.4	38.9	37.9	42.9	42.4	42.4	42.1	40.0	38.5	36.4	35.0	33.7	32.5	33.5	29.2	23.8	21.9	21.7	22.2	21.5
2018/01/24 14:21:02	52.2	28.0	28.0	47.3	47.3	52.7	52.7	50.4	50.4	47.1	45.1	45.2	38.4	43.9	39.9	39.0	43.9	42.2	44.2	42.5	45.3	44.0	38.8	35.0	34.9	31.2	30.7	23.9	20.4	20.3	20.9	21.9	20.7
2018/01/24 14:21:03	54.2	28.9	28.9	44.1	44.1	51.4	51.4	50.3	50.3	45.4	44.9	44.3	38.4	44.1	42.7	40.6	45.3	44.9	51.7	44.5	39.8	43.3	36.6	37.1	34.8	33.4	33.0	25.8	21.5	21.0	21.4	22.2	21.3
2018/01/24 14:21:04	50.3	30.2	30.2	45.9	45.9	53.1	53.1	50.8	50.8	46.0	46.4	44.8	39.6	44.4	43.7	40.2	42.5	42.7	43.2	42.5	39.2	38.5	35.7	34.4	32.8	33.4	32.4	28.0	23.0	22.4	22.3	22.9	22.3
2018/01/24 14:21:05	51.7	24.9	24.9	40.6	40.6	49.5	49.5	49.6	49.6	46.0	45.9	45.8	43.2	45.0	41.7	40.8	44.6	45.2	42.3	44.1	41.9	38.8	36.5	36.0	35.5	35.8	35.7	33.5	33.5	24.2	24.4	25.4	26.0
