DataTime                     	dB(A)	16	20	25	31.5	40	50	63	80	100	125	160	200	250	315	400	500	630	800	1000	1250	1600	2000	2500	3150	4000	5000	6300	8000	10000	12500	16000	20000
2018/01/16 15:51:37	52.0	24.0	24.0	38.7	38.7	45.8	45.8	48.5	48.5	49.0	46.3	46.9	43.0	46.4	41.9	38.5	42.8	41.7	43.9	44.8	43.1	41.9	40.9	36.9	34.0	30.5	27.8	25.3	21.8	21.7	22.1	23.5	22.4
2018/01/16 15:51:38	53.6	23.4	23.4	39.9	39.9	47.6	47.6	49.7	49.7	51.5	51.2	52.0	48.3	47.7	46.0	42.0	43.4	42.0	42.5	46.1	43.9	43.7	42.7	40.6	37.0	33.9	31.3	28.5	25.0	24.0	23.6	24.2	22.9
2018/01/16 15:51:39	54.7	24.3	24.3	41.9	41.9	49.7	49.7	50.7	50.7	53.3	51.7	50.1	47.6	45.9	47.0	45.6	45.0	42.8	44.7	46.9	45.0	45.2	44.1	41.7	39.3	36.3	33.3	28.7	25.1	24.0	23.4	23.8	23.0
2018/01/16 15:51:40	56.0	23.9	23.9	46.4	46.4	53.5	53.5	53.3	53.3	52.1	51.0	51.0	49.1	49.5	46.1	44.8	46.5	43.4	44.8	48.2	46.8	47.0	45.7	42.8	40.2	38.2	35.5	29.7	25.4	23.7	22.5	23.4	22.2
2018/01/16 15:51:41	58.1	25.9	25.9	46.1	46.1	53.0	53.0	53.2	53.2	53.5	53.5	50.7	46.8	50.5	47.5	48.2	49.8	46.1	48.2	50.4	47.9	49.4	47.9	45.0	43.0	40.2	36.9	30.1	24.9	23.1	21.9	22.7	21.4
2018/01/16 15:51:42	61.4	24.8	24.8	42.9	42.9	50.3	50.3	55.8	55.8	58.1	55.0	52.9	47.8	52.2	51.6	49.0	51.0	49.9	51.0	53.4	51.1	51.5	52.6	48.8	47.3	46.1	43.3	33.8	25.0	21.4	21.4	22.2	21.0
2018/01/16 15:51:43	64.3	32.6	32.6	51.2	51.2	56.2	56.2	57.1	57.1	55.9	54.2	57.4	50.7	54.8	53.7	52.0	52.4	50.7	51.1	55.4	54.2	57.3	55.8	52.0	49.0	47.7	43.4	37.1	29.8	24.4	24.0	22.7	21.7
2018/01/16 15:51:44	66.4	27.3	27.3	48.1	48.1	56.5	56.5	58.1	58.1	58.6	57.8	56.5	51.7	58.5	56.0	53.2	52.3	50.2	53.8	57.4	58.3	59.2	56.9	54.0	51.8	49.9	45.9	40.0	32.0	26.0	22.7	23.1	21.6
2018/01/16 15:51:45	67.1	26.8	26.8	45.4	45.4	53.7	53.7	59.2	59.2	60.0	59.2	57.3	54.3	58.5	55.8	53.6	52.3	54.2	56.7	59.6	58.5	58.1	57.7	54.7	51.9	51.0	45.7	40.4	33.1	25.9	25.7	26.8	23.3
2018/01/16 15:51:46	67.4	26.5	26.5	46.0	46.0	54.9	54.9	58.5	58.5	61.0	63.0	60.9	54.4	60.7	56.9	51.2	51.9	50.1	53.6	58.7	58.3	59.8	58.3	55.5	53.9	51.7	47.8	42.7	35.8	29.6	24.5	24.2	23.9
2018/01/16 15:51:47	65.4	26.0	26.0	47.7	47.7	53.0	53.0	58.1	58.1	63.4	68.9	65.2	54.6	59.1	53.3	49.4	50.9	50.3	53.9	58.5	56.0	54.7	55.8	53.0	49.3	48.2	45.6	41.5	35.5	29.5	29.3	31.9	31.6
2018/01/16 15:51:48	63.3	26.2	26.2	46.2	46.2	56.3	56.3	59.1	59.1	60.3	64.3	61.1	56.1	54.6	52.6	51.2	48.6	48.9	51.2	53.3	53.4	55.1	54.9	51.0	49.1	47.2	43.4	38.8	31.6	27.2	26.7	27.8	25.9
2018/01/16 15:51:49	64.2	28.6	28.6	44.5	44.5	55.6	55.6	59.1	59.1	59.1	59.8	60.8	55.6	54.7	52.7	49.9	49.2	47.1	51.2	55.8	56.8	56.6	53.7	50.6	49.7	46.5	44.0	39.1	31.0	26.3	43.4	24.3	23.0
2018/01/16 15:51:50	63.4	36.8	36.8	52.1	52.1	62.8	62.8	63.4	63.4	60.4	55.9	55.9	51.3	52.3	53.5	48.5	49.6	49.1	53.7	58.3	55.8	52.2	51.8	48.9	46.7	45.2	42.9	38.2	30.7	25.7	27.6	26.2	24.5
2018/01/16 15:51:51	61.1	34.1	34.1	54.5	54.5	61.6	61.6	58.6	58.6	53.8	51.7	52.3	48.8	53.3	52.0	47.0	46.2	47.8	50.8	54.6	52.8	51.9	50.6	46.6	45.8	45.0	42.6	37.4	30.1	25.4	25.1	25.8	23.5
2018/01/16 15:51:52	62.1	33.0	33.0	49.4	49.4	56.6	56.6	56.3	56.3	54.5	52.4	54.5	50.3	53.1	51.9	47.8	50.7	50.1	50.9	53.2	51.9	54.4	53.1	49.4	46.7	45.9	41.9	35.9	27.9	23.2	22.0	48.3	21.5
2018/01/16 15:51:53	65.2	32.3	32.3	48.4	48.4	56.0	56.0	57.0	57.0	57.6	57.2	57.6	52.3	56.4	55.3	50.9	51.2	48.7	49.8	54.9	54.6	58.6	57.5	52.3	51.8	49.3	44.3	39.1	31.1	25.6	23.1	49.2	21.4
2018/01/16 15:51:54	62.9	34.2	34.2	51.5	51.5	57.6	57.6	59.8	59.8	58.8	55.7	59.2	53.7	58.1	53.4	48.5	48.5	47.9	51.0	54.8	54.4	54.4	52.8	50.1	47.8	45.9	42.4	36.8	30.6	26.0	24.8	47.2	24.1
2018/01/16 15:51:55	62.1	34.6	34.6	52.7	52.7	60.8	60.8	61.7	61.7	62.4	65.4	65.5	53.6	58.4	53.3	49.1	48.5	47.4	51.8	53.3	51.3	52.7	50.1	48.8	47.4	46.5	43.4	37.3	30.9	26.0	24.8	25.5	23.4
2018/01/16 15:51:56	62.0	38.5	38.5	53.8	53.8	64.7	64.7	64.0	64.0	57.7	64.8	63.3	55.4	58.0	56.0	52.2	50.3	46.5	47.4	51.5	52.2	53.6	50.5	47.5	47.8	46.5	44.1	38.7	31.5	27.3	23.9	23.5	22.6
2018/01/16 15:51:57	59.9	31.8	31.8	49.4	49.4	56.8	56.8	56.7	56.7	57.6	61.3	60.3	54.8	58.8	50.9	48.1	48.7	45.0	48.4	50.8	50.1	50.2	48.6	45.9	44.8	43.5	42.9	36.9	30.9	26.6	25.2	26.5	24.8
2018/01/16 15:51:58	60.9	36.9	36.9	55.2	55.2	65.0	65.0	67.3	67.3	64.5	56.9	58.0	56.6	57.2	52.6	46.4	48.3	46.5	50.0	51.3	48.2	49.5	50.2	47.4	49.4	48.7	47.9	42.2	34.8	28.7	27.2	29.3	27.5
2018/01/16 15:51:59	58.7	28.6	28.6	49.7	49.7	61.4	61.4	63.8	63.8	61.1	56.1	56.0	52.2	55.2	53.0	45.6	48.5	44.7	45.3	48.3	47.0	48.4	48.3	46.4	46.3	44.5	44.2	38.1	30.2	25.8	25.1	23.5	21.9
2018/01/16 15:52:00	57.4	28.7	28.7	47.7	47.7	56.8	56.8	55.7	55.7	55.6	55.1	53.9	50.9	51.5	50.6	47.1	48.4	43.5	44.3	47.6	48.7	48.1	46.6	43.0	43.7	42.5	41.9	36.5	30.4	26.1	24.7	24.6	23.3
2018/01/16 15:52:01	58.3	32.9	32.9	48.4	48.4	59.6	59.6	59.2	59.2	53.7	52.5	53.1	51.4	55.1	53.5	47.7	49.4	44.6	45.7	48.9	49.7	47.5	46.4	43.9	44.0	44.0	43.3	37.7	34.1	31.4	27.8	28.5	26.0
2018/01/16 15:52:02	57.0	24.2	24.2	40.4	40.4	53.0	53.0	56.3	56.3	52.4	49.3	51.2	49.9	52.2	50.3	46.2	47.4	45.2	44.1	48.6	48.6	48.2	45.6	42.2	41.3	40.1	39.6	33.6	27.2	24.0	22.8	23.0	21.6
2018/01/16 15:52:03	56.1	26.3	26.3	43.0	43.0	52.5	52.5	53.8	53.8	52.8	50.5	49.5	46.6	51.2	50.1	46.1	48.0	44.5	44.8	47.9	48.0	47.0	44.7	39.6	38.4	37.4	36.8	30.6	25.8	23.1	22.2	22.4	21.4
2018/01/16 15:52:04	54.1	25.9	25.9	40.5	40.5	50.0	50.0	51.0	51.0	51.3	49.2	48.1	44.1	49.5	49.5	44.2	45.5	42.5	43.1	45.6	45.9	44.7	42.1	38.7	37.2	35.2	34.3	28.0	23.8	22.7	22.6	22.6	21.3
2018/01/16 15:52:05	54.2	26.2	26.2	42.8	42.8	52.8	52.8	52.7	52.7	49.8	47.0	46.1	43.2	47.5	49.0	44.4	47.7	45.5	43.8	46.0	46.0	44.8	40.8	36.3	34.5	33.0	30.8	26.1	22.0	21.3	21.6	22.4	21.2
2018/01/16 15:52:06	53.9	29.4	29.4	41.2	41.2	52.0	52.0	52.9	52.9	48.5	49.1	47.3	40.8	48.0	50.1	45.4	45.5	42.8	43.9	46.3	45.9	44.3	40.8	36.1	33.6	32.6	29.3	24.8	20.8	20.5	21.2	21.9	20.8
2018/01/16 15:52:07	55.1	28.9	28.9	41.7	41.7	50.9	50.9	52.9	52.9	50.0	46.5	47.1	42.8	48.3	50.6	45.1	47.9	44.9	43.1	46.9	47.3	45.3	41.9	38.5	37.1	37.9	36.2	30.2	23.2	20.7	20.9	21.8	20.4
2018/01/16 15:52:08	56.5	27.3	27.3	41.7	41.7	49.6	49.6	52.0	52.0	54.5	53.0	47.6	44.9	49.7	52.8	48.5	48.7	46.7	43.4	46.9	46.2	45.8	44.7	43.2	43.3	42.0	39.8	33.8	23.7	21.1	21.4	21.7	20.6
2018/01/16 15:52:09	53.8	24.7	24.7	40.7	40.7	49.5	49.5	51.1	51.1	49.3	48.2	47.3	43.8	48.5	49.5	42.9	44.4	42.8	42.8	45.9	44.6	43.9	41.4	40.5	38.5	36.9	33.9	27.3	21.6	20.6	20.7	21.9	20.8
2018/01/16 15:52:10	52.0	25.6	25.6	38.5	38.5	46.5	46.5	48.7	48.7	47.7	47.7	47.5	41.9	48.8	48.1	43.1	42.5	41.2	41.3	43.4	42.7	42.9	39.3	36.3	34.0	35.2	30.1	24.8	20.7	20.4	21.1	22.0	21.0
2018/01/16 15:52:11	51.4	26.6	26.6	41.5	41.5	48.9	48.9	51.2	51.2	46.9	45.9	47.0	42.0	48.1	46.3	41.3	42.6	41.6	41.7	42.6	42.0	42.0	39.0	35.8	33.7	34.2	28.8	23.3	19.8	20.2	20.9	21.6	20.6
2018/01/16 15:52:12	50.1	24.2	24.2	39.1	39.1	46.1	46.1	48.9	48.9	47.9	43.6	43.6	39.6	45.2	45.4	40.1	41.4	40.8	40.6	41.4	41.3	41.3	37.8	34.0	30.5	29.0	25.2	21.4	19.7	20.1	20.7	21.7	20.4
2018/01/16 15:52:13	49.4	25.8	25.8	38.0	38.0	46.0	46.0	46.7	46.7	46.0	43.6	43.4	41.3	45.4	42.9	39.7	40.2	39.7	40.4	42.4	40.8	38.7	36.9	32.5	28.5	26.4	23.1	21.2	19.6	20.1	20.8	21.9	20.7
2018/01/16 15:52:14	48.5	24.8	24.8	36.8	36.8	45.8	45.8	47.5	47.5	47.1	45.6	41.9	36.6	43.1	43.4	38.1	39.4	38.0	39.8	40.8	40.4	38.2	35.6	31.5	29.2	28.7	26.3	22.8	20.3	20.4	21.1	21.9	20.5
2018/01/16 15:52:15	48.1	25.8	25.8	38.1	38.1	46.4	46.4	47.7	47.7	46.9	45.3	44.4	37.4	43.4	40.3	38.2	38.3	38.0	38.7	40.4	39.1	38.3	36.0	30.8	28.9	32.7	30.8	23.6	20.8	20.7	21.3	22.0	20.7
2018/01/16 15:52:16	47.7	25.9	25.9	38.2	38.2	46.0	46.0	49.1	49.1	47.6	41.9	42.3	36.6	42.5	39.6	35.9	37.8	36.9	38.1	39.6	39.3	37.1	35.1	30.5	30.9	31.7	35.7	26.6	20.6	20.6	21.0	22.0	20.5
2018/01/16 15:52:17	46.9	24.3	24.3	40.3	40.3	49.5	49.5	50.7	50.7	45.7	40.7	41.7	38.0	41.9	39.5	37.0	38.4	37.3	38.9	39.7	38.7	35.3	32.8	29.5	27.5	26.5	25.7	22.3	20.7	20.4	21.2	22.0	20.9
2018/01/16 15:52:18	47.0	24.6	24.6	41.6	41.6	50.3	50.3	49.8	49.8	46.8	43.2	43.0	37.7	41.0	39.6	36.4	36.6	37.1	38.8	39.6	38.6	36.9	33.9	29.5	26.0	26.0	29.5	21.5	19.9	20.4	21.8	22.3	20.6
2018/01/16 15:52:19	45.8	26.2	26.2	41.1	41.1	48.8	48.8	47.4	47.4	47.1	44.0	42.1	38.1	41.1	37.6	34.3	35.7	36.3	38.2	38.6	37.5	34.9	31.4	27.8	24.7	23.7	22.0	20.5	19.6	20.1	20.6	21.8	20.5
2018/01/16 15:52:20	44.3	24.8	24.8	39.5	39.5	48.6	48.6	48.8	48.8	45.1	41.3	41.3	36.7	38.2	37.4	33.5	35.5	34.5	36.4	36.5	35.3	33.7	31.0	27.0	23.8	23.9	22.6	21.1	19.6	20.4	20.9	21.8	20.8
2018/01/16 15:52:21	44.0	25.6	25.6	38.4	38.4	46.7	46.7	49.5	49.5	48.1	43.8	41.5	36.9	39.3	37.1	33.4	35.4	34.1	36.0	35.6	34.2	33.6	29.5	25.9	23.3	25.0	24.7	21.1	20.0	20.0	20.8	21.8	20.8
2018/01/16 15:52:22	43.5	24.4	24.4	38.8	38.8	45.5	45.5	46.3	46.3	46.4	43.4	41.2	36.9	38.4	35.9	33.1	35.3	33.6	35.4	35.7	34.4	31.9	29.4	25.6	23.4	24.8	24.5	21.6	20.0	20.6	21.2	22.0	20.9
2018/01/16 15:52:23	43.8	25.3	25.3	41.1	41.1	47.6	47.6	46.2	46.2	48.3	44.3	41.7	37.7	39.4	37.5	34.4	34.7	33.9	35.9	35.7	34.0	32.5	29.7	25.7	23.1	24.6	23.2	20.8	19.9	20.0	20.9	21.6	20.5
2018/01/16 15:52:24	43.8	24.7	24.7	41.2	41.2	48.3	48.3	46.7	46.7	43.8	41.6	40.9	36.5	39.4	37.5	34.3	35.5	34.5	36.5	35.3	34.3	32.8	29.7	26.5	23.4	24.2	24.3	20.8	19.7	20.1	20.7	21.9	20.7
2018/01/16 15:52:25	44.8	27.0	27.0	41.6	41.6	49.7	49.7	49.1	49.1	45.4	43.8	42.1	36.8	38.8	37.6	35.2	34.4	36.6	36.9	36.2	35.1	34.3	31.8	27.9	25.1	26.2	25.1	22.7	19.9	20.1	20.8	21.6	20.7
2018/01/16 15:52:26	46.4	25.9	25.9	42.7	42.7	51.1	51.1	48.6	48.6	47.5	44.2	41.1	38.6	40.4	39.0	36.8	37.5	37.5	37.9	38.2	36.7	35.4	34.1	29.1	27.1	31.2	28.2	22.6	20.1	20.3	21.0	21.8	20.9
2018/01/16 15:52:27	46.7	25.6	25.6	44.0	44.0	50.5	50.5	48.9	48.9	47.6	45.0	43.4	38.4	39.3	39.2	37.2	37.8	36.9	39.0	38.8	37.2	36.3	34.5	30.5	27.7	27.7	25.3	22.3	20.2	20.2	20.8	21.9	20.6
2018/01/16 15:52:28	47.9	25.2	25.2	44.3	44.3	51.4	51.4	50.0	50.0	46.4	43.6	44.0	37.8	40.5	42.4	37.7	38.5	37.4	39.0	39.9	40.1	36.0	35.2	32.1	30.7	30.3	27.6	24.0	20.5	20.3	21.2	21.9	20.7
2018/01/16 15:52:29	51.9	25.6	25.6	42.1	42.1	50.3	50.3	51.1	51.1	48.6	45.6	47.1	40.6	43.9	44.5	38.8	40.3	39.9	42.4	43.9	44.2	40.2	39.8	39.0	36.9	40.1	32.9	26.4	21.3	20.6	21.2	21.8	20.7
2018/01/16 15:52:30	51.7	24.8	24.8	41.9	41.9	48.6	48.6	49.5	49.5	48.0	44.6	44.6	42.5	44.6	42.1	39.8	43.0	44.0	43.1	43.5	43.9	41.3	38.6	35.2	33.8	32.5	30.8	23.7	20.9	20.6	21.4	21.9	20.9
2018/01/16 15:52:31	53.4	25.6	25.6	41.4	41.4	50.2	50.2	49.2	49.2	48.4	47.1	44.7	42.4	47.9	46.4	41.0	43.6	43.3	41.3	44.4	45.6	42.5	43.2	40.9	38.5	38.4	32.8	25.4	20.5	20.5	21.1	22.0	20.9
2018/01/16 15:52:32	56.5	26.6	26.6	41.9	41.9	53.0	53.0	54.7	54.7	50.4	47.4	45.4	41.6	48.5	48.9	44.8	44.4	42.9	43.7	45.7	46.0	44.8	46.0	45.0	45.3	48.0	41.7	33.4	24.8	21.9	21.5	21.7	20.8
2018/01/16 15:52:33	57.7	25.4	25.4	38.2	38.2	49.4	49.4	52.4	52.4	49.7	45.5	49.3	44.6	52.4	49.4	46.9	44.6	43.3	43.8	45.0	45.4	46.7	47.9	46.8	46.7	50.0	41.4	33.0	24.3	21.9	21.3	22.0	20.7
2018/01/16 15:52:34	55.3	23.9	23.9	38.6	38.6	47.9	47.9	50.1	50.1	49.0	44.7	48.7	45.0	47.7	46.0	45.3	45.8	43.7	43.2	43.6	44.6	45.1	45.7	44.1	43.1	44.9	36.4	28.3	21.2	20.4	21.0	21.9	20.6
2018/01/16 15:52:35	51.2	25.0	25.0	40.6	40.6	49.1	49.1	48.8	48.8	47.1	43.4	42.4	40.3	44.7	45.7	42.3	44.0	41.0	41.7	40.6	42.1	42.6	40.1	34.9	34.2	32.1	28.4	22.8	20.2	20.4	21.0	22.0	20.8
2018/01/16 15:52:36	49.4	24.7	24.7	38.7	38.7	48.9	48.9	50.2	50.2	47.8	43.4	42.7	40.5	43.5	43.9	40.8	41.7	39.8	38.8	39.9	40.8	39.4	37.7	34.3	32.4	31.3	27.5	24.2	21.3	21.3	21.5	22.1	20.9
2018/01/16 15:52:37	48.8	23.6	23.6	39.8	39.8	48.5	48.5	48.4	48.4	47.5	45.4	42.4	39.4	43.0	42.1	38.6	40.5	38.7	38.2	40.7	40.8	38.6	37.0	33.4	30.9	30.3	27.6	23.6	21.0	20.7	21.0	21.8	20.8
2018/01/16 15:52:38	48.5	24.0	24.0	36.8	36.8	44.9	44.9	48.3	48.3	47.2	42.9	43.2	40.0	42.1	40.4	39.1	39.2	37.7	38.1	40.1	40.7	38.6	36.5	33.3	31.5	31.1	29.2	26.3	22.9	22.2	22.0	22.5	21.2
2018/01/16 15:52:39	49.4	23.8	23.8	36.4	36.4	44.7	44.7	47.0	47.0	47.2	43.7	42.9	38.8	45.2	41.9	39.4	44.2	38.7	39.1	40.8	40.7	38.8	36.4	32.6	32.6	32.2	30.5	25.4	22.0	20.5	21.0	21.9	20.7
2018/01/16 15:52:40	47.4	22.8	22.8	35.8	35.8	45.4	45.4	47.2	47.2	47.0	43.0	41.6	39.2	43.6	41.4	37.8	38.7	35.7	37.9	39.1	39.7	36.5	34.6	30.4	27.9	29.8	27.5	23.6	20.5	20.6	21.0	21.9	20.9
2018/01/16 15:52:41	45.6	22.6	22.6	36.7	36.7	44.9	44.9	44.5	44.5	44.7	41.4	41.2	36.2	40.9	40.2	35.9	37.6	34.6	35.3	37.2	37.9	34.5	32.8	29.5	27.2	26.5	25.9	22.5	20.5	20.7	21.3	21.9	20.9
2018/01/16 15:52:42	45.1	22.5	22.5	32.8	32.8	42.2	42.2	45.4	45.4	44.7	40.1	40.3	38.1	40.0	39.3	36.2	36.2	34.9	34.9	37.8	36.7	34.1	32.3	28.6	26.3	26.0	26.1	22.2	20.3	20.5	21.2	21.9	20.6
2018/01/16 15:52:43	44.9	22.5	22.5	34.8	34.8	43.1	43.1	45.5	45.5	46.2	42.6	40.2	36.8	39.7	37.7	36.0	36.2	34.9	36.3	36.8	35.9	35.0	31.7	28.4	27.3	25.1	23.2	20.8	20.0	20.3	20.9	21.8	20.7
2018/01/16 15:52:44	44.5	24.0	24.0	36.6	36.6	43.8	43.8	45.1	45.1	46.1	41.3	41.0	35.6	38.6	38.7	34.8	34.4	33.5	34.9	37.3	35.9	33.9	31.3	28.2	26.3	26.7	25.6	21.9	20.6	20.7	20.7	21.7	20.8
2018/01/16 15:52:45	45.3	24.3	24.3	38.8	38.8	47.2	47.2	48.2	48.2	47.8	43.9	41.7	36.5	40.5	38.2	34.5	35.9	34.7	37.0	37.5	36.6	34.1	32.4	28.9	26.2	25.2	22.9	20.7	19.6	19.9	20.8	21.8	20.5
2018/01/16 15:52:46	45.5	26.0	26.0	41.9	41.9	47.7	47.7	47.5	47.5	49.2	45.4	43.4	37.3	40.6	39.0	37.9	37.2	34.8	37.4	37.4	35.6	34.1	32.1	28.2	25.3	25.2	22.8	20.3	19.3	20.3	20.9	22.0	20.9
2018/01/16 15:52:47	45.2	25.5	25.5	39.0	39.0	44.4	44.4	45.1	45.1	47.5	43.4	41.8	39.1	40.8	39.1	35.4	36.1	35.5	37.2	37.1	36.3	34.0	31.7	28.3	26.4	24.3	22.4	20.4	19.7	20.3	20.8	21.7	20.7
2018/01/16 15:52:48	45.5	24.3	24.3	39.3	39.3	47.0	47.0	48.0	48.0	48.1	43.9	42.9	39.2	42.8	37.4	34.9	37.3	35.4	37.1	37.4	36.1	34.5	32.2	28.3	25.9	24.4	23.3	21.1	20.0	20.3	20.7	21.6	20.4
2018/01/16 15:52:49	45.4	24.3	24.3	40.0	40.0	47.5	47.5	46.5	46.5	48.6	44.1	40.7	36.7	41.9	37.8	35.7	36.2	36.2	36.4	37.8	35.8	33.9	32.6	29.1	26.7	27.6	26.3	23.2	20.2	20.7	21.0	22.2	20.7
2018/01/16 15:52:50	45.6	23.9	23.9	41.0	41.0	47.7	47.7	47.9	47.9	48.9	43.7	41.2	37.4	41.7	37.6	37.5	36.8	35.2	36.0	37.4	36.7	35.1	33.3	29.8	27.2	25.2	23.5	21.4	19.6	20.4	21.0	21.9	20.7
2018/01/16 15:52:51	45.8	23.5	23.5	38.5	38.5	46.9	46.9	48.0	48.0	48.5	43.1	41.6	37.0	41.6	38.5	36.3	37.4	34.9	36.4	37.6	37.0	35.0	34.0	29.6	26.8	26.4	24.3	21.0	19.8	20.5	21.2	21.9	20.8
2018/01/16 15:52:52	46.8	23.3	23.3	40.5	40.5	49.1	49.1	48.4	48.4	48.4	44.0	42.1	37.8	42.1	38.9	37.4	37.7	38.1	38.9	38.8	37.8	36.1	34.4	29.9	27.6	24.7	22.3	20.3	19.7	19.9	20.9	21.9	20.8
2018/01/16 15:52:53	45.9	23.5	23.5	35.6	35.6	44.6	44.6	45.3	45.3	46.4	42.3	40.3	37.4	40.9	40.7	36.8	36.4	36.6	37.6	37.0	36.8	35.0	34.3	30.3	27.2	24.3	21.7	20.3	19.5	20.2	20.8	21.8	20.4
2018/01/16 15:52:54	46.8	23.5	23.5	37.0	37.0	44.8	44.8	48.4	48.4	49.1	43.8	42.7	36.7	43.4	40.5	37.6	37.7	38.0	37.1	37.8	37.3	36.6	34.8	31.5	29.4	27.3	24.7	21.2	19.8	19.8	20.6	21.6	20.3
2018/01/16 15:52:55	47.1	25.7	25.7	40.5	40.5	46.9	46.9	46.8	46.8	45.7	41.5	42.8	38.0	42.3	40.9	37.8	38.7	39.1	38.6	38.0	37.1	35.8	35.4	33.1	29.6	27.3	24.2	21.3	19.6	20.0	20.8	21.7	20.7
2018/01/16 15:52:56	49.5	24.7	24.7	40.4	40.4	47.0	47.0	46.4	46.4	48.2	44.8	45.2	41.7	45.2	44.4	41.2	41.9	41.9	41.9	38.5	39.6	38.6	36.9	33.5	31.0	28.9	26.1	21.8	19.7	20.2	21.1	22.0	20.6
2018/01/16 15:52:57	56.5	25.4	25.4	41.6	41.6	49.2	49.2	49.8	49.8	50.2	48.0	49.9	45.9	47.5	48.2	44.2	47.0	45.5	45.9	46.3	49.7	47.8	46.2	41.2	40.2	39.0	37.4	29.3	21.0	20.0	20.9	21.6	20.7
2018/01/16 15:52:58	52.4	26.7	26.7	42.6	42.6	52.4	52.4	52.0	52.0	48.2	47.1	50.0	45.9	49.3	48.2	46.2	44.6	43.5	43.4	42.3	42.2	41.2	40.0	36.4	34.3	31.5	29.0	23.3	19.9	19.9	20.5	21.7	20.7
2018/01/16 15:52:59	55.4	26.1	26.1	40.2	40.2	51.3	51.3	53.3	53.3	50.2	47.9	50.0	46.1	49.7	48.6	47.4	46.6	45.3	45.7	45.8	46.9	46.0	44.9	41.1	38.2	35.1	33.5	26.2	20.6	20.1	20.9	21.9	20.7
2018/01/16 15:53:00	56.6	26.5	26.5	44.0	44.0	52.3	52.3	52.9	52.9	52.2	50.9	52.3	48.3	50.6	51.1	47.8	48.4	46.5	46.7	48.1	48.0	46.6	44.1	42.4	39.1	37.0	35.7	29.3	22.3	20.2	21.0	21.9	20.8
2018/01/16 15:53:01	59.7	30.1	30.1	45.9	45.9	55.5	55.5	55.1	55.1	53.1	52.0	55.5	50.8	52.4	57.0	51.0	50.2	48.2	48.9	50.7	51.2	49.1	47.9	45.1	43.4	41.9	43.2	36.8	30.3	25.0	22.2	22.3	21.0
2018/01/16 15:53:02	67.8	35.1	35.1	46.9	46.9	60.8	60.8	62.6	62.6	62.0	61.5	60.8	54.7	58.5	61.1	57.8	56.0	54.4	54.5	55.9	59.0	58.6	58.1	55.7	55.6	54.0	53.5	47.2	41.9	36.4	31.7	30.1	26.7
2018/01/16 15:53:03	73.1	39.7	39.7	51.1	51.1	68.4	68.4	71.1	71.1	66.5	65.6	65.9	58.1	62.5	62.0	58.5	57.1	57.8	61.5	65.8	65.7	64.2	62.9	59.7	58.2	56.9	57.0	53.0	48.2	43.3	37.1	36.0	30.0
2018/01/16 15:53:04	68.4	31.3	31.3	48.3	48.3	59.0	59.0	60.2	60.2	60.1	62.5	61.4	58.9	60.8	61.7	58.9	58.9	55.9	57.6	58.8	58.7	59.5	59.0	55.1	54.3	52.4	49.3	43.8	36.1	30.4	26.1	24.8	21.6
2018/01/16 15:53:05	73.0	32.0	32.0	52.8	52.8	61.5	61.5	61.0	61.0	61.3	64.1	65.5	58.5	61.6	61.9	59.8	60.5	58.5	64.4	66.6	64.0	62.5	63.5	59.6	57.4	55.6	54.2	51.2	43.5	35.3	29.9	31.5	29.1
2018/01/16 15:53:06	74.4	32.7	32.7	50.1	50.1	60.9	60.9	63.5	63.5	63.7	63.6	67.0	62.8	66.4	64.1	61.9	60.1	59.8	63.1	66.2	66.4	65.3	64.9	62.0	60.9	57.3	54.9	50.1	43.2	38.3	34.3	33.2	31.2
2018/01/16 15:53:07	76.3	34.7	34.7	53.5	53.5	66.0	66.0	66.9	66.9	65.2	63.9	62.0	59.9	66.3	65.2	63.0	60.6	59.6	64.6	68.5	69.5	67.7	66.4	63.6	61.4	58.4	56.4	52.7	48.5	42.7	41.4	40.6	36.5
2018/01/16 15:53:08	73.1	33.8	33.8	48.5	48.5	66.5	66.5	70.0	70.0	62.9	55.1	59.7	57.0	63.2	62.5	59.9	57.2	55.2	59.5	65.2	66.4	65.1	63.7	59.7	56.2	54.5	52.1	47.9	41.7	34.4	30.1	31.0	31.0
2018/01/16 15:53:09	66.7	33.0	33.0	47.0	47.0	59.5	59.5	61.8	61.8	56.9	53.3	55.8	52.1	59.2	60.3	56.5	55.5	52.3	53.6	58.8	59.8	57.4	56.3	52.9	50.3	48.0	43.8	37.1	29.3	24.7	22.8	22.2	21.2
2018/01/16 15:53:10	64.9	29.3	29.3	48.8	48.8	56.7	56.7	56.0	56.0	55.7	52.9	55.3	50.8	57.0	60.4	56.5	54.6	51.1	53.2	57.2	57.8	55.3	52.9	50.4	48.2	45.7	42.7	34.8	26.1	21.9	21.2	22.1	20.9
2018/01/16 15:53:11	62.2	28.5	28.5	46.9	46.9	53.2	53.2	51.6	51.6	50.7	47.6	53.1	49.8	54.2	54.0	51.8	51.2	49.9	51.6	55.8	54.9	53.3	49.9	47.1	44.5	41.4	37.4	30.2	22.4	20.4	20.8	21.8	20.6
2018/01/16 15:53:12	62.0	29.4	29.4	49.0	49.0	55.1	55.1	53.2	53.2	52.3	49.8	52.4	49.9	53.8	54.6	50.8	51.7	49.2	52.2	56.8	53.6	52.2	48.8	45.7	43.3	40.5	38.3	32.5	24.4	21.1	21.0	22.0	20.8
2018/01/16 15:53:13	64.4	29.4	29.4	52.8	52.8	59.3	59.3	57.2	57.2	55.4	55.0	54.3	52.5	57.3	56.8	55.8	53.5	49.9	53.1	58.2	56.9	54.4	51.4	48.2	47.9	47.2	47.1	42.0	33.4	25.7	23.4	22.3	21.2
2018/01/16 15:53:14	72.5	33.8	33.8	64.8	64.8	70.5	70.5	65.2	65.2	61.4	59.7	59.3	58.1	62.2	62.5	58.8	57.8	56.0	61.5	67.6	63.8	63.4	60.7	56.8	56.6	54.5	54.6	50.9	44.1	37.1	32.0	28.8	27.0
2018/01/16 15:53:15	74.3	35.7	35.7	62.0	62.0	67.2	67.2	63.7	63.7	63.1	61.0	62.7	59.6	64.2	63.2	57.9	57.2	56.7	63.1	68.6	66.6	65.5	63.5	59.3	58.2	57.1	55.8	53.1	47.6	40.2	35.0	31.3	28.2
2018/01/16 15:53:16	73.6	32.9	32.9	57.7	57.7	63.6	63.6	66.1	66.1	68.0	62.2	59.1	57.0	62.6	62.1	57.5	55.8	55.3	64.3	67.9	65.1	64.0	63.8	59.6	57.5	56.0	55.0	51.2	48.3	43.4	37.8	36.3	32.8
2018/01/16 15:53:17	66.5	28.5	28.5	49.2	49.2	55.9	55.9	54.4	54.4	55.3	53.3	56.3	54.3	59.4	58.9	54.7	53.2	52.2	55.8	60.4	58.6	57.7	55.3	51.3	48.5	47.1	43.8	38.4	31.3	26.5	24.3	23.3	21.2
2018/01/16 15:53:18	61.2	25.4	25.4	49.7	49.7	56.3	56.3	53.4	53.4	49.4	46.4	49.5	46.8	52.3	52.7	49.7	48.2	47.2	51.3	55.9	54.1	51.4	48.8	45.4	42.4	40.1	38.6	32.3	25.8	21.1	20.9	21.7	20.8
2018/01/16 15:53:19	58.1	24.7	24.7	47.9	47.9	54.6	54.6	51.2	51.2	49.1	45.6	48.1	45.5	50.3	50.4	44.8	44.1	43.5	48.1	52.5	50.4	49.5	45.6	42.3	39.5	37.3	34.5	29.3	23.4	20.7	20.9	21.8	20.7
2018/01/16 15:53:20	56.0	26.2	26.2	45.5	45.5	52.1	52.1	49.2	49.2	48.0	47.5	48.1	43.2	48.0	48.8	44.2	42.3	42.7	46.1	49.9	48.1	47.3	44.4	39.4	36.7	34.9	31.2	25.3	21.1	20.5	21.0	21.8	20.7
2018/01/16 15:53:21	54.5	26.9	26.9	45.6	45.6	51.3	51.3	49.1	49.1	47.7	45.2	46.6	43.3	47.3	48.1	42.7	41.1	42.6	44.3	48.1	46.5	46.1	42.4	38.1	34.6	32.1	28.0	23.2	20.0	20.4	21.0	21.8	20.8
2018/01/16 15:53:22	53.9	28.4	28.4	46.6	46.6	52.5	52.5	50.2	50.2	49.7	46.6	47.4	41.4	47.1	47.5	43.0	42.0	41.7	43.7	47.8	46.5	45.1	41.1	36.1	33.5	30.7	27.1	22.5	20.1	20.2	20.9	21.8	20.5
2018/01/16 15:53:23	52.8	25.3	25.3	47.9	47.9	54.5	54.5	52.1	52.1	51.2	45.8	46.1	42.2	45.8	47.6	41.5	40.6	41.9	43.9	46.8	44.6	42.9	39.5	34.6	31.4	28.8	24.6	21.7	19.7	19.9	20.8	21.8	20.6
2018/01/16 15:53:24	51.5	25.0	25.0	45.5	45.5	52.1	52.1	48.5	48.5	45.8	42.9	45.1	41.6	46.3	47.6	41.2	38.0	40.5	41.2	45.9	42.9	41.7	38.2	33.4	29.9	27.1	24.1	20.9	19.5	20.0	20.7	21.6	20.6
2018/01/16 15:53:25	50.4	24.8	24.8	46.8	46.8	53.0	53.0	50.0	50.0	44.6	39.0	41.8	39.0	43.5	45.8	40.7	39.5	39.1	41.5	44.6	41.6	40.1	37.1	32.3	29.3	26.9	23.4	20.9	20.0	20.1	20.6	21.8	20.8
2018/01/16 15:53:26	50.0	25.8	25.8	44.8	44.8	52.3	52.3	51.0	51.0	48.1	44.6	45.4	38.9	42.5	46.1	40.7	39.1	38.6	40.7	44.7	40.5	38.9	36.4	31.6	28.2	25.3	23.1	20.4	19.9	19.6	20.7	21.9	20.7
2018/01/16 15:53:27	49.1	25.3	25.3	43.0	43.0	48.9	48.9	46.2	46.2	46.9	42.5	43.9	39.3	43.3	44.6	37.9	38.3	38.7	40.7	43.1	39.9	38.7	35.3	31.1	28.5	25.9	23.4	20.9	19.5	20.3	20.9	21.9	20.8
2018/01/16 15:53:28	49.2	26.9	26.9	42.9	42.9	50.0	50.0	48.7	48.7	47.0	44.8	45.0	40.2	43.5	46.7	39.8	40.3	39.5	40.2	42.4	39.8	37.3	34.2	30.7	28.4	25.6	23.7	21.2	19.8	20.1	20.8	21.7	20.6
2018/01/16 15:53:29	48.3	27.2	27.2	45.2	45.2	52.7	52.7	50.9	50.9	48.9	43.6	44.9	37.0	42.3	43.7	38.8	38.4	38.6	39.2	41.8	39.4	37.7	33.6	29.6	27.7	25.1	23.3	21.0	19.7	20.2	20.9	21.8	20.4
2018/01/16 15:53:30	48.2	25.9	25.9	42.7	42.7	51.8	51.8	49.7	49.7	45.4	43.5	45.5	40.7	43.6	41.9	39.1	39.7	38.1	38.8	41.1	39.0	37.8	34.6	31.5	30.0	27.5	26.1	22.7	20.0	20.1	20.9	21.6	20.5
2018/01/16 15:53:31	50.3	27.8	27.8	44.0	44.0	53.9	53.9	56.2	56.2	51.3	47.2	50.1	42.0	47.0	43.8	39.4	39.0	39.3	40.7	41.9	41.2	39.9	37.8	35.6	34.2	31.5	30.9	25.7	21.0	20.3	20.9	21.9	20.6
2018/01/16 15:53:32	51.3	26.6	26.6	43.5	43.5	53.1	53.1	58.6	58.6	55.3	46.0	47.4	41.7	46.8	43.7	40.4	40.7	39.1	40.0	41.8	42.3	40.1	38.4	37.7	36.7	37.7	37.9	34.1	31.3	27.9	26.6	27.7	25.8
2018/01/16 15:53:33	52.9	24.2	24.2	42.9	42.9	50.3	50.3	53.9	53.9	52.8	46.7	46.6	41.1	44.8	45.5	41.7	43.9	43.5	41.9	44.2	42.4	41.3	38.5	38.0	38.3	41.3	41.3	38.2	32.4	31.2	29.9	26.7	25.6
2018/01/16 15:53:34	52.1	26.0	26.0	44.2	44.2	53.1	53.1	54.7	54.7	54.8	49.3	47.4	42.7	47.4	45.5	42.5	43.8	42.8	42.0	43.8	42.5	40.9	39.0	35.9	34.4	34.9	36.2	33.9	34.1	26.0	25.4	23.7	22.4
2018/01/16 15:53:35	55.1	29.2	29.2	43.7	43.7	56.2	56.2	57.4	57.4	52.7	49.9	49.9	47.4	51.7	50.4	45.0	46.3	45.0	44.1	46.2	45.5	45.3	42.6	39.7	38.4	37.6	38.1	34.0	28.5	24.5	23.9	23.6	22.3
2018/01/16 15:53:36	58.5	29.4	29.4	43.3	43.3	59.2	59.2	61.9	61.9	55.1	52.7	53.9	49.6	54.8	53.7	49.2	48.9	46.9	46.9	50.0	48.7	47.5	46.6	44.5	44.3	43.1	43.2	38.6	30.9	25.9	22.8	22.8	21.1
2018/01/16 15:53:37	61.6	27.2	27.2	40.0	40.0	63.0	63.0	69.3	69.3	64.2	53.3	58.2	51.4	57.7	56.8	51.9	50.7	47.6	48.7	51.2	51.9	50.5	50.2	48.6	48.3	47.7	48.0	42.7	37.6	31.8	25.6	25.0	21.4
2018/01/16 15:53:38	66.5	35.1	35.1	45.2	45.2	63.3	63.3	73.0	73.0	70.5	56.8	65.6	56.3	64.9	60.9	54.5	54.2	52.0	52.6	54.9	54.0	56.9	55.7	53.6	53.6	52.7	53.5	48.3	42.0	37.1	31.2	29.8	23.1
2018/01/16 15:53:39	69.3	39.8	39.8	54.1	54.1	68.2	68.2	72.7	72.7	68.3	61.9	66.3	58.5	63.7	62.0	55.9	56.0	54.6	59.4	60.4	59.5	59.5	58.5	55.4	55.6	55.4	56.3	52.5	46.1	42.7	36.2	36.0	31.2
2018/01/16 15:53:40	74.0	36.8	36.8	58.1	58.1	66.8	66.8	65.4	65.4	64.8	64.2	65.9	57.1	63.4	61.6	56.5	56.5	56.3	64.5	65.3	63.3	63.2	63.8	60.7	60.7	61.4	63.6	61.8	57.0	52.4	44.1	43.4	36.8
2018/01/16 15:53:41	74.7	40.6	40.6	57.7	57.7	67.6	67.6	66.4	66.4	65.2	65.4	67.4	60.8	63.2	59.3	56.7	57.3	55.4	61.9	66.2	64.0	64.7	64.7	64.0	63.5	62.3	62.3	59.7	53.4	52.1	48.2	48.0	40.5
2018/01/16 15:53:42	71.5	36.3	36.3	52.7	52.7	64.6	64.6	65.1	65.1	61.5	60.3	63.9	59.4	63.8	60.9	57.3	57.7	57.9	57.4	61.5	62.4	62.1	61.7	60.1	59.2	59.5	57.5	54.4	48.1	44.8	40.9	37.6	31.3
2018/01/16 15:53:43	68.3	33.9	33.9	49.3	49.3	62.8	62.8	66.2	66.2	64.4	58.0	59.4	59.5	61.7	60.7	56.8	58.2	58.3	57.0	58.7	58.0	58.4	57.9	55.8	55.3	54.9	53.7	49.0	41.6	38.0	33.7	31.2	25.3
2018/01/16 15:53:44	67.4	32.2	32.2	43.0	43.0	61.5	61.5	67.5	67.5	66.1	58.6	62.8	59.0	60.3	57.7	56.2	58.1	55.1	52.9	59.3	58.8	58.3	56.5	53.8	53.1	52.4	50.0	45.4	37.1	32.9	27.2	26.3	21.6
2018/01/16 15:53:45	68.4	29.4	29.4	47.2	47.2	63.1	63.1	67.6	67.6	64.2	57.1	61.0	58.8	58.7	56.6	54.2	55.1	52.3	54.8	62.3	61.0	59.6	57.6	54.3	53.5	51.8	49.4	44.6	36.6	31.6	25.7	25.7	24.5
2018/01/16 15:53:46	65.1	30.0	30.0	45.5	45.5	60.5	60.5	65.2	65.2	63.2	56.1	58.9	56.2	58.5	58.4	51.9	53.5	51.3	54.2	58.2	57.3	54.6	53.6	51.6	49.9	48.2	46.7	43.0	35.0	30.2	26.5	27.0	25.2
2018/01/16 15:53:47	61.0	27.5	27.5	45.5	45.5	53.8	53.8	59.4	59.4	61.8	55.5	56.8	54.9	57.7	53.5	49.1	49.6	50.2	48.0	52.4	53.6	51.2	48.9	46.6	45.9	44.2	41.7	36.7	29.8	25.8	22.1	23.1	22.2
2018/01/16 15:53:48	58.0	26.4	26.4	44.4	44.4	51.6	51.6	55.3	55.3	58.4	53.9	53.6	50.6	53.7	53.1	46.7	49.0	45.6	46.0	47.5	48.5	47.7	47.3	44.8	44.7	43.7	41.0	35.6	27.4	23.3	21.6	21.9	21.0
2018/01/16 15:53:49	57.7	26.4	26.4	43.8	43.8	51.0	51.0	51.7	51.7	51.0	49.0	52.8	50.1	51.2	52.3	46.8	47.3	46.4	46.3	47.3	46.9	48.4	48.7	46.0	43.3	41.1	38.1	31.7	24.3	21.6	21.3	21.9	20.8
2018/01/16 15:53:50	58.9	25.3	25.3	43.3	43.3	51.3	51.3	53.5	53.5	54.6	51.8	51.8	48.0	53.2	52.2	46.1	46.6	46.3	46.5	48.0	48.2	49.7	50.3	47.2	46.6	44.7	40.6	35.4	27.5	23.2	21.4	22.0	20.8
2018/01/16 15:53:51	59.8	26.3	26.3	43.3	43.3	53.3	53.3	54.2	54.2	53.4	53.2	52.5	48.4	53.2	49.7	44.8	45.4	45.4	47.3	50.2	51.5	51.4	49.7	49.1	46.8	43.4	41.1	36.1	29.5	24.9	22.0	23.0	21.9
2018/01/16 15:53:52	57.4	25.0	25.0	44.0	44.0	54.2	54.2	56.1	56.1	52.7	50.2	52.6	48.3	50.9	48.5	44.9	44.1	46.6	47.6	49.5	48.3	46.6	46.9	45.5	43.4	41.2	39.2	34.7	29.7	23.4	23.2	24.7	23.1
2018/01/16 15:53:53	54.9	26.0	26.0	42.8	42.8	50.5	50.5	50.7	50.7	51.1	48.0	49.2	44.8	49.3	45.6	42.2	43.6	44.3	44.9	45.7	45.7	44.9	44.6	42.0	41.8	40.1	37.7	32.4	28.2	23.4	23.1	24.3	22.8
2018/01/16 15:53:54	54.2	28.9	28.9	41.9	41.9	50.1	50.1	53.2	53.2	50.7	47.3	49.5	44.3	49.8	45.2	44.4	42.4	43.0	41.8	43.1	42.8	43.9	45.3	42.4	41.9	41.0	39.4	32.8	27.4	23.0	22.3	22.7	21.4
2018/01/16 15:53:55	58.0	31.4	31.4	46.6	46.6	49.5	49.5	53.0	53.0	52.6	49.0	54.2	50.1	57.8	51.4	50.2	44.9	44.5	43.7	44.6	44.6	44.7	48.0	45.9	46.1	46.7	44.8	39.2	42.6	26.6	24.4	23.2	21.1
2018/01/16 15:53:56	55.4	31.6	31.6	50.7	50.7	56.4	56.4	56.1	56.1	53.4	49.8	54.9	46.8	51.8	47.0	47.2	45.7	43.2	44.0	44.5	44.4	44.9	43.6	41.5	43.6	42.7	41.2	33.6	26.5	22.5	21.9	22.1	20.9
2018/01/16 15:53:57	55.2	32.1	32.1	51.6	51.6	58.6	58.6	58.4	58.4	55.9	51.5	57.0	49.0	52.1	46.6	46.8	46.8	45.8	45.1	44.4	44.0	44.4	42.2	39.6	39.9	41.1	40.3	33.2	27.6	23.2	21.8	22.3	21.0
2018/01/16 15:53:58	54.4	31.8	31.8	48.7	48.7	56.3	56.3	55.3	55.3	51.2	50.7	51.0	46.4	50.6	46.2	45.2	46.7	45.9	44.6	44.6	42.8	42.7	42.3	40.1	40.1	39.9	38.8	35.6	34.2	28.3	25.2	23.0	21.4
2018/01/16 15:53:59	53.4	27.0	27.0	44.6	44.6	52.3	52.3	53.0	53.0	49.9	48.2	49.4	44.1	49.2	47.1	44.7	44.7	43.7	43.6	44.3	41.8	41.7	40.9	39.9	40.0	39.3	37.4	34.1	33.0	28.4	25.0	22.4	22.9
2018/01/16 15:54:00	54.9	29.2	29.2	43.6	43.6	50.7	50.7	52.5	52.5	51.3	49.1	50.8	46.9	49.3	47.5	44.1	43.7	46.0	47.2	46.8	44.9	42.9	42.6	41.1	39.7	39.0	39.1	35.6	30.3	25.4	23.5	24.1	24.9
2018/01/16 15:54:01	54.2	29.3	29.3	46.4	46.4	51.9	51.9	53.6	53.6	52.3	48.7	50.4	46.2	49.6	47.6	45.0	46.8	45.7	46.3	45.2	44.1	42.5	40.8	38.9	38.1	36.6	35.9	30.2	24.8	22.6	21.9	22.2	20.9
2018/01/16 15:54:02	53.4	26.2	26.2	43.3	43.3	49.8	49.8	50.2	50.2	49.2	47.8	49.6	44.4	48.4	46.0	42.3	44.9	47.1	46.3	44.7	43.7	41.5	39.4	37.2	34.6	33.2	31.6	26.8	22.9	21.6	21.3	21.8	20.8
2018/01/16 15:54:03	52.6	25.8	25.8	41.2	41.2	48.9	48.9	50.1	50.1	49.7	47.8	48.1	44.5	47.9	45.0	42.4	44.1	44.3	45.1	43.9	44.1	41.3	38.6	36.4	33.9	32.4	31.6	28.0	25.1	21.6	21.4	22.1	21.0
2018/01/16 15:54:04	52.1	25.7	25.7	40.3	40.3	47.8	47.8	48.3	48.3	48.1	48.2	46.2	42.7	46.9	45.0	42.0	43.9	44.8	45.1	44.5	43.1	40.2	37.3	33.8	31.8	29.3	27.4	23.0	20.6	20.4	21.0	21.6	20.7
2018/01/16 15:54:05	51.3	24.4	24.4	39.2	39.2	47.9	47.9	49.8	49.8	49.2	46.5	45.7	42.7	46.9	44.5	41.6	42.6	43.1	43.6	44.3	42.6	39.6	35.9	33.5	31.5	29.7	28.0	23.8	20.6	20.4	20.9	22.2	20.9
2018/01/16 15:54:06	51.3	25.1	25.1	40.8	40.8	51.3	51.3	51.6	51.6	47.6	45.2	44.0	41.8	47.3	43.8	42.6	43.6	45.6	44.3	44.6	40.3	37.8	34.9	31.2	28.5	25.4	23.4	20.8	19.9	20.2	20.7	21.7	20.8
2018/01/16 15:54:07	50.8	25.0	25.0	40.6	40.6	48.1	48.1	49.5	49.5	49.0	45.9	44.9	42.5	48.6	44.9	42.3	42.8	43.5	45.1	43.4	39.1	36.9	33.4	30.6	26.8	24.4	23.9	23.6	22.2	21.0	21.4	22.0	20.7
2018/01/16 15:54:08	50.2	24.8	24.8	37.3	37.3	45.7	45.7	48.9	48.9	47.7	44.6	43.6	40.9	44.9	43.1	40.0	42.2	42.9	44.8	44.1	38.0	35.3	33.2	29.8	26.0	25.0	23.3	20.7	19.7	20.1	20.9	21.7	20.7
2018/01/16 15:54:09	49.7	23.0	23.0	38.2	38.2	47.0	47.0	48.7	48.7	46.2	42.9	43.3	38.7	44.7	42.9	38.0	42.5	43.9	43.6	43.8	36.8	34.9	32.4	28.9	26.0	25.1	23.5	21.1	20.2	20.1	20.8	21.6	20.5
2018/01/16 15:54:10	50.3	24.7	24.7	40.6	40.6	48.5	48.5	48.8	48.8	45.7	43.5	43.9	41.7	44.5	42.1	40.3	42.7	44.3	45.6	43.3	36.9	35.7	32.5	28.9	25.8	23.7	22.1	20.5	19.5	20.1	21.1	21.8	20.9
2018/01/16 15:54:11	49.6	26.8	26.8	42.5	42.5	50.6	50.6	49.8	49.8	44.7	44.0	45.5	41.3	44.5	43.3	40.7	42.6	44.7	42.3	42.4	37.1	35.2	33.2	29.3	27.9	23.7	22.1	20.3	19.6	20.0	20.9	21.5	20.6
2018/01/16 15:54:12	48.8	25.6	25.6	40.2	40.2	49.5	49.5	50.5	50.5	46.6	44.7	43.0	40.1	43.1	42.2	38.9	41.7	42.6	42.6	41.7	37.3	35.6	32.4	28.8	25.2	22.2	20.8	20.0	19.4	20.0	20.7	21.3	20.6
2018/01/16 15:54:13	46.0	26.4	26.4	41.8	41.8	48.7	48.7	49.0	49.0	46.0	44.1	43.6	38.9	43.9	42.5	37.9	38.8	36.9	36.9	37.4	35.8	33.5	31.2	27.7	25.1	23.3	21.7	20.3	19.5	20.3	20.9	21.8	20.6
2018/01/16 15:54:14	45.7	24.9	24.9	42.6	42.6	50.9	50.9	49.8	49.8	46.4	43.9	43.1	38.8	42.2	40.4	37.5	39.6	35.5	35.4	37.3	35.9	34.2	31.9	29.7	26.0	25.2	23.9	21.1	20.2	20.2	21.0	21.9	20.6
2018/01/16 15:54:15	46.7	26.1	26.1	41.6	41.6	51.3	51.3	51.2	51.2	48.1	44.6	43.0	39.4	42.6	41.5	38.9	38.8	35.5	37.2	39.0	37.4	35.5	33.9	30.2	26.8	24.9	22.7	21.0	19.8	20.2	20.9	21.8	20.6
2018/01/16 15:54:16	46.7	24.8	24.8	42.3	42.3	50.9	50.9	51.1	51.1	49.3	45.5	43.1	38.5	42.5	39.2	36.3	37.6	35.9	36.4	38.1	38.6	36.3	34.5	30.9	29.5	26.8	27.0	22.9	20.0	20.1	20.9	21.6	20.6
2018/01/16 15:54:17	47.3	25.3	25.3	43.6	43.6	51.5	51.5	49.9	49.9	47.0	45.7	42.9	38.7	44.0	41.3	38.4	38.9	36.7	37.0	39.8	37.9	37.3	34.5	30.9	28.2	26.3	23.1	20.9	19.6	20.1	21.0	21.7	20.7
2018/01/16 15:54:18	48.5	26.5	26.5	43.3	43.3	51.3	51.3	50.2	50.2	48.2	45.6	45.1	40.7	43.6	41.8	37.7	40.3	38.6	38.7	40.9	39.6	38.3	36.0	31.8	30.2	28.1	28.1	23.1	20.3	20.6	20.7	22.0	20.8
2018/01/16 15:54:19	48.6	23.9	23.9	46.5	46.5	52.8	52.8	51.0	51.0	49.8	46.3	44.7	42.4	44.9	42.7	38.7	39.3	37.3	39.4	40.6	39.7	37.8	35.6	32.7	30.2	30.8	27.2	23.0	20.2	20.7	20.5	21.9	20.8
2018/01/16 15:54:20	48.7	29.5	29.5	45.5	45.5	51.3	51.3	51.7	51.7	49.9	46.8	45.2	42.6	45.0	41.7	39.4	40.5	38.2	40.0	40.8	39.5	37.8	35.7	32.3	29.8	27.1	24.6	21.2	19.7	20.0	20.7	21.6	20.7
2018/01/16 15:54:21	50.3	26.1	26.1	42.6	42.6	51.6	51.6	52.2	52.2	48.0	46.2	45.2	40.9	45.0	42.8	41.1	42.9	40.0	40.3	42.3	42.2	39.8	37.9	35.0	33.3	30.1	27.5	22.9	20.1	20.3	20.8	21.9	20.7
2018/01/16 15:54:22	51.5	25.4	25.4	41.9	41.9	50.0	50.0	50.8	50.8	49.8	47.8	46.9	43.5	45.4	43.5	42.0	43.1	41.9	41.7	41.8	42.6	41.8	40.4	37.2	35.4	33.5	32.6	24.1	20.4	20.0	20.7	21.6	20.8
2018/01/16 15:54:23	52.2	27.3	27.3	41.9	41.9	49.9	49.9	50.1	50.1	48.7	48.7	46.9	43.3	45.9	44.7	43.8	43.9	40.2	41.1	42.9	44.1	42.9	40.8	38.1	36.7	33.0	29.3	24.3	20.6	20.2	20.9	21.9	20.8
2018/01/16 15:54:24	54.8	27.2	27.2	44.4	44.4	52.7	52.7	51.6	51.6	51.1	48.3	45.9	43.8	48.1	48.0	46.0	46.2	44.3	42.9	44.1	46.1	45.6	44.2	42.6	41.3	36.8	33.2	27.7	22.0	20.3	21.1	22.0	21.0
2018/01/16 15:54:25	59.5	29.6	29.6	44.6	44.6	55.4	55.4	55.5	55.5	52.8	54.0	51.3	49.6	52.0	50.9	50.3	50.1	48.6	48.3	49.6	50.2	48.9	48.9	48.2	46.9	44.6	42.5	35.7	29.3	24.6	22.2	22.3	21.0
2018/01/16 15:54:26	65.1	28.7	28.7	45.5	45.5	53.3	53.3	51.5	51.5	51.9	52.7	52.1	51.6	52.2	52.3	52.0	50.8	48.3	50.6	53.5	55.0	54.9	56.2	54.5	54.6	54.8	52.7	46.1	38.8	34.7	32.0	29.2	26.6
2018/01/16 15:54:27	73.9	40.0	40.0	66.1	66.1	71.4	71.4	70.3	70.3	71.4	67.3	67.6	63.6	63.6	59.6	55.7	57.8	54.8	57.8	64.7	63.3	63.5	65.3	64.3	63.9	61.2	58.6	54.1	49.8	47.4	38.6	36.4	35.8
2018/01/16 15:54:28	72.6	29.4	29.4	53.2	53.2	59.9	59.9	65.0	65.0	68.8	65.6	64.3	60.0	61.6	60.3	57.4	55.3	53.6	57.3	62.1	63.3	64.2	64.4	63.1	60.9	57.7	54.2	49.9	45.7	41.9	35.3	31.2	30.3
2018/01/16 15:54:29	63.9	29.3	29.3	50.9	50.9	59.1	59.1	57.6	57.6	56.7	56.6	57.7	50.9	55.3	56.4	53.5	53.3	52.3	51.3	54.5	55.0	54.2	55.2	52.3	49.3	46.6	42.3	36.4	29.6	25.5	23.4	23.2	21.9
2018/01/16 15:54:30	61.7	30.2	30.2	48.0	48.0	57.9	57.9	57.9	57.9	53.4	50.5	53.3	50.7	52.5	52.0	50.2	50.4	48.3	50.2	52.8	55.0	52.0	51.0	50.7	47.7	44.0	39.6	33.0	25.2	21.6	21.0	21.8	20.8
2018/01/16 15:54:31	59.9	30.4	30.4	45.7	45.7	55.7	55.7	56.9	56.9	52.9	49.5	53.6	49.6	50.5	49.8	49.7	50.8	48.7	49.2	51.5	51.5	50.4	49.5	47.6	45.4	42.8	38.3	31.2	23.7	20.8	21.2	21.7	20.8
2018/01/16 15:54:32	61.0	30.2	30.2	45.2	45.2	52.6	52.6	54.4	54.4	53.9	52.5	56.2	52.4	53.7	52.5	52.5	53.7	50.4	48.0	51.8	51.9	51.9	50.0	47.1	46.6	45.3	42.0	36.0	27.5	23.0	21.9	22.2	20.8
2018/01/16 15:54:33	62.1	29.9	29.9	47.2	47.2	54.1	54.1	55.8	55.8	56.2	54.3	55.9	52.0	51.5	54.9	52.5	53.6	48.0	49.0	49.8	52.7	51.0	52.2	49.5	51.4	51.3	47.1	40.2	29.0	23.5	21.9	22.2	20.9
2018/01/16 15:54:34	62.8	31.9	31.9	47.9	47.9	54.0	54.0	55.4	55.4	55.3	57.6	59.9	53.2	54.5	54.4	54.7	54.1	47.9	49.7	50.4	51.8	51.7	53.4	51.0	52.4	50.9	47.7	40.2	32.4	26.3	22.3	22.0	20.9
2018/01/16 15:54:35	61.6	32.3	32.3	48.7	48.7	55.8	55.8	56.1	56.1	55.5	55.8	58.5	52.4	55.7	53.4	51.9	54.0	50.0	48.1	49.7	51.4	50.4	51.8	50.8	50.2	47.8	43.5	35.4	26.7	21.8	21.0	21.8	21.1
2018/01/16 15:54:36	58.1	31.2	31.2	45.3	45.3	57.3	57.3	59.6	59.6	54.8	52.3	54.5	49.8	51.9	51.4	47.5	48.2	47.5	46.3	48.1	48.9	47.5	47.9	45.7	44.4	44.4	39.9	33.0	24.2	20.9	20.9	22.0	20.8
2018/01/16 15:54:37	57.0	28.4	28.4	42.4	42.4	54.9	54.9	61.5	61.5	60.2	52.8	53.9	48.3	52.7	51.0	47.1	47.4	45.3	44.9	47.0	47.2	46.3	46.1	43.9	43.5	43.7	39.5	32.5	23.7	20.8	20.8	21.9	20.6
2018/01/16 15:54:38	56.9	25.4	25.4	45.4	45.4	55.7	55.7	58.8	58.8	59.0	54.5	54.4	49.0	51.3	49.5	47.9	46.8	44.2	44.8	45.6	46.6	47.8	46.1	44.0	43.8	42.8	40.7	32.8	23.9	20.5	20.7	21.6	20.7
2018/01/16 15:54:39	56.5	27.9	27.9	47.3	47.3	56.0	56.0	54.6	54.6	53.1	54.0	52.6	47.1	52.6	49.8	45.8	46.1	43.7	42.7	44.9	46.1	48.6	45.4	44.3	43.4	41.9	39.8	30.5	23.0	20.8	21.1	21.8	20.9
2018/01/16 15:54:40	54.2	25.6	25.6	40.4	40.4	49.4	49.4	48.9	48.9	49.3	50.5	49.6	45.0	51.0	48.7	44.9	44.2	42.5	43.1	44.2	44.6	44.2	43.7	40.8	40.3	38.8	34.1	27.0	21.4	20.6	20.9	21.8	20.8
2018/01/16 15:54:41	53.2	26.5	26.5	40.5	40.5	49.5	49.5	50.2	50.2	48.9	50.1	48.9	44.6	46.9	47.4	43.3	45.3	44.5	42.4	43.6	43.9	42.8	42.2	39.5	38.3	36.3	33.8	25.4	20.4	20.5	20.9	21.8	20.7
2018/01/16 15:54:42	51.5	25.4	25.4	41.9	41.9	50.6	50.6	51.8	51.8	49.1	45.6	45.8	44.0	46.8	43.8	40.8	44.1	41.4	41.6	42.7	43.0	42.0	39.7	36.6	34.4	31.8	28.1	22.9	20.4	20.2	21.3	21.9	21.0
2018/01/16 15:54:43	50.7	23.3	23.3	37.3	37.3	46.3	46.3	48.9	48.9	48.7	45.6	44.9	41.8	47.2	44.1	39.4	41.9	40.4	40.4	43.2	43.1	40.5	38.4	33.7	31.4	29.4	26.9	23.7	20.8	20.5	20.9	21.7	20.7
2018/01/16 15:54:44	49.4	25.1	25.1	39.3	39.3	46.2	46.2	48.2	48.2	47.6	42.1	43.8	39.7	42.7	41.6	39.0	39.8	37.7	39.0	42.1	41.5	39.8	38.5	33.8	31.6	29.3	24.8	21.9	20.3	20.4	21.1	22.1	21.2
2018/01/16 15:54:45	49.3	23.9	23.9	39.2	39.2	47.1	47.1	48.5	48.5	48.3	45.3	44.1	38.1	41.7	41.9	39.2	40.6	37.6	39.2	42.0	41.9	39.3	37.6	33.3	30.3	28.4	25.3	21.5	20.3	20.3	20.9	21.8	20.5
2018/01/16 15:54:46	49.8	24.9	24.9	42.6	42.6	50.3	50.3	50.1	50.1	48.8	48.9	48.0	41.1	42.4	40.1	38.9	38.9	37.6	40.0	42.7	42.5	40.1	37.8	33.8	30.0	27.5	27.5	22.5	20.2	20.1	20.8	21.7	20.4
2018/01/16 15:54:47	53.3	24.3	24.3	40.0	40.0	49.1	49.1	50.4	50.4	48.1	48.8	50.6	43.4	44.7	42.5	38.9	40.9	39.4	42.8	46.4	48.3	42.2	39.0	36.8	33.0	33.1	29.3	24.3	19.8	20.0	20.7	21.6	20.7
2018/01/16 15:54:48	53.6	25.2	25.2	41.0	41.0	48.2	48.2	49.7	49.7	53.1	51.3	48.7	43.3	44.7	44.3	39.7	42.2	39.1	43.9	46.7	48.3	42.9	39.5	37.1	34.1	30.6	27.3	23.0	20.0	20.3	21.0	21.7	20.8
2018/01/16 15:54:49	57.4	25.3	25.3	39.2	39.2	48.4	48.4	50.6	50.6	51.3	48.9	52.2	47.2	46.3	45.3	42.6	46.8	46.8	50.2	50.7	51.5	46.2	41.8	40.0	37.1	33.7	30.6	25.6	21.1	20.7	21.1	22.0	21.0
2018/01/16 15:54:50	56.0	25.0	25.0	41.5	41.5	49.8	49.8	49.9	49.9	52.1	50.3	46.3	44.0	47.3	46.0	41.7	45.4	42.7	42.7	49.2	50.2	46.2	44.0	41.3	39.3	36.6	34.7	27.8	21.9	20.5	20.9	21.8	21.0
2018/01/16 15:54:51	53.0	23.7	23.7	38.5	38.5	47.3	47.3	50.3	50.3	50.1	45.3	48.1	41.1	46.3	43.9	38.6	42.0	39.9	41.1	43.4	44.8	44.3	43.5	41.4	38.5	36.5	33.3	26.6	21.2	20.6	21.4	22.1	21.0
2018/01/16 15:54:52	49.9	25.1	25.1	38.2	38.2	47.0	47.0	50.0	50.0	49.4	44.6	48.5	41.5	42.5	40.2	36.9	41.0	38.2	38.6	40.3	41.4	40.7	39.9	38.4	33.9	31.0	27.6	23.0	20.5	20.4	21.0	22.0	20.8
2018/01/16 15:54:53	48.1	25.9	25.9	40.1	40.1	46.4	46.4	51.1	51.1	54.0	47.7	46.3	41.8	42.3	39.7	35.9	39.2	37.0	36.8	39.3	38.7	38.7	37.3	33.8	29.7	27.0	24.3	21.3	20.0	20.1	20.9	21.8	20.7
2018/01/16 15:54:54	45.6	23.7	23.7	39.6	39.6	49.6	49.6	52.0	52.0	47.8	42.3	43.2	37.8	40.7	38.0	35.1	37.8	35.6	35.1	36.1	36.7	35.7	34.1	30.9	28.4	26.9	26.4	22.4	20.7	20.4	21.1	22.0	20.8
2018/01/16 15:54:55	45.7	24.9	24.9	43.4	43.4	50.1	50.1	48.0	48.0	45.5	43.9	44.5	38.5	40.9	36.2	37.4	38.5	37.5	36.4	37.4	35.8	34.4	33.5	30.2	27.0	25.3	23.4	21.3	20.2	20.4	21.0	21.9	20.7
2018/01/16 15:54:56	45.7	26.4	26.4	42.7	42.7	49.4	49.4	50.0	50.0	47.5	42.8	43.9	37.8	41.5	37.7	36.8	38.9	38.1	35.4	36.2	36.1	34.6	33.5	30.3	26.7	25.2	23.0	21.0	19.9	20.2	21.0	21.7	20.6
2018/01/16 15:54:57	46.9	27.9	27.9	43.9	43.9	52.1	52.1	51.5	51.5	48.5	41.4	43.1	39.9	41.5	38.9	38.5	39.5	39.2	37.2	36.7	38.1	36.1	34.8	30.9	27.4	25.8	24.0	21.5	20.4	20.8	21.2	22.0	20.9
2018/01/16 15:54:58	48.6	27.9	27.9	42.8	42.8	53.8	53.8	54.3	54.3	49.3	43.9	43.8	40.5	41.7	40.6	38.3	40.9	40.3	40.9	38.4	39.7	38.3	36.5	32.1	30.2	27.4	25.6	22.4	20.9	20.6	21.1	21.8	21.0
2018/01/16 15:54:59	48.2	25.1	25.1	42.1	42.1	53.9	53.9	56.5	56.5	50.6	44.5	44.5	39.5	41.5	39.3	37.2	38.8	38.0	40.8	39.9	39.0	37.9	35.7	31.9	30.0	27.5	24.3	21.9	20.1	20.3	21.1	22.0	20.9
2018/01/16 15:55:00	47.0	25.0	25.0	40.5	40.5	48.6	48.6	48.9	48.9	47.0	43.3	44.0	37.9	40.1	39.2	35.9	38.7	34.6	36.0	38.8	40.4	36.7	32.8	30.0	29.8	30.4	28.8	24.3	21.4	22.1	22.6	23.1	21.6
2018/01/16 15:55:01	47.1	26.0	26.0	40.9	40.9	47.3	47.3	48.0	48.0	48.3	43.8	42.0	39.9	42.2	43.1	38.8	38.0	36.7	37.7	38.9	38.9	35.7	32.4	30.2	29.1	29.4	25.3	25.0	21.3	20.5	21.0	21.8	20.9
2018/01/16 15:55:02	47.0	26.5	26.5	46.6	46.6	54.0	54.0	52.3	52.3	48.7	42.8	43.3	39.2	41.1	40.0	36.4	37.3	35.1	36.8	39.3	40.1	36.5	32.9	30.5	29.6	26.9	25.0	21.4	19.9	19.9	20.8	21.6	20.8
2018/01/16 15:55:03	47.9	27.6	27.6	38.5	38.5	46.4	46.4	48.8	48.8	47.4	43.5	42.0	38.0	41.7	39.5	36.5	37.3	35.0	37.1	40.8	41.9	37.0	34.3	32.3	30.8	28.5	25.8	22.2	20.4	20.1	20.9	21.8	20.8
2018/01/16 15:55:04	47.4	24.3	24.3	39.0	39.0	48.2	48.2	50.7	50.7	48.5	41.6	40.3	38.8	42.8	39.0	35.2	36.5	35.8	36.7	40.3	40.4	37.3	35.0	31.1	28.9	27.5	25.1	21.8	20.7	20.2	20.8	21.8	20.7
2018/01/16 15:55:05	46.6	24.7	24.7	40.2	40.2	47.9	47.9	52.0	52.0	50.0	43.5	42.9	40.3	43.1	37.2	36.3	36.1	34.3	36.0	39.0	39.2	36.4	33.6	30.7	27.7	24.9	22.3	20.6	19.7	20.0	20.7	21.7	20.9
2018/01/16 15:55:06	46.6	25.7	25.7	39.6	39.6	48.3	48.3	49.6	49.6	49.0	43.5	41.9	38.9	40.2	38.8	35.0	35.9	34.6	35.2	40.2	39.4	35.8	34.4	31.1	27.3	25.3	22.1	20.3	19.6	20.1	20.7	21.6	20.7
2018/01/16 15:55:07	46.5	26.4	26.4	37.9	37.9	47.5	47.5	50.6	50.6	50.3	45.2	42.0	38.3	40.7	38.2	34.1	35.7	33.2	34.3	39.6	39.0	36.8	34.6	31.5	27.1	24.0	21.8	20.5	19.5	20.3	20.8	21.6	20.8
2018/01/16 15:55:08	45.6	23.7	23.7	39.2	39.2	47.7	47.7	48.3	48.3	45.9	42.8	40.8	35.8	40.7	36.9	33.9	34.0	32.9	34.6	39.2	37.9	35.9	33.8	29.8	24.2	21.7	21.1	20.3	19.4	19.9	20.8	21.6	20.7
2018/01/16 15:55:09	44.9	25.3	25.3	38.7	38.7	47.7	47.7	48.1	48.1	45.6	42.2	42.5	36.0	39.5	37.0	32.1	33.2	32.0	34.2	38.6	37.2	34.4	33.5	28.9	24.5	21.3	20.6	20.3	19.7	20.0	20.7	21.5	20.7
2018/01/16 15:55:10	43.5	24.7	24.7	37.7	37.7	47.4	47.4	48.9	48.9	45.0	42.4	43.4	36.6	38.7	35.7	32.7	33.3	32.5	33.2	36.3	34.7	32.5	31.6	27.6	23.8	21.2	20.6	20.4	19.7	20.1	21.1	21.6	20.9
2018/01/16 15:55:11	43.7	23.2	23.2	36.4	36.4	44.8	44.8	47.4	47.4	45.7	39.5	42.9	39.2	39.4	36.1	33.0	32.2	31.6	33.2	37.0	34.5	33.1	31.3	27.8	24.2	22.4	21.9	21.3	19.9	20.1	20.7	21.7	20.8
2018/01/16 15:55:12	43.5	23.4	23.4	36.8	36.8	45.4	45.4	47.1	47.1	48.5	44.7	41.2	38.2	39.2	35.6	33.6	33.4	32.0	32.8	36.7	34.8	32.6	30.3	26.7	23.3	21.1	20.2	20.0	19.4	20.1	20.8	21.9	20.6
2018/01/16 15:55:13	43.5	24.0	24.0	37.5	37.5	44.1	44.1	44.8	44.8	46.7	44.6	41.1	38.7	39.5	35.2	33.3	35.8	31.9	33.4	36.3	34.4	31.2	29.7	25.9	25.7	24.7	23.5	20.9	19.5	20.3	21.0	21.8	20.7
2018/01/16 15:55:14	43.6	24.1	24.1	40.8	40.8	46.2	46.2	46.5	46.5	48.2	42.7	43.1	41.7	40.7	35.9	34.3	35.0	32.7	33.4	35.9	33.8	31.5	29.3	27.1	23.2	22.3	21.4	20.5	19.4	20.1	20.7	21.7	20.9
2018/01/16 15:55:15	43.8	23.1	23.1	38.3	38.3	45.5	45.5	46.9	46.9	49.2	45.5	41.4	40.4	40.9	37.0	30.9	33.5	32.5	35.4	35.7	35.4	32.0	28.7	26.2	23.4	23.8	22.2	20.3	19.6	20.0	20.7	21.9	20.6
2018/01/16 15:55:16	42.3	23.3	23.3	35.2	35.2	43.2	43.2	45.0	45.0	46.6	43.2	41.2	39.1	40.0	35.4	33.3	32.7	31.1	31.4	34.0	32.0	30.6	27.8	24.7	22.8	26.5	26.8	21.7	21.0	20.7	21.2	21.9	21.4
2018/01/16 15:55:17	41.7	24.2	24.2	36.2	36.2	44.3	44.3	46.8	46.8	47.2	42.0	42.9	37.9	37.8	35.1	32.3	33.8	31.7	32.0	33.2	31.2	28.8	27.4	24.8	21.8	21.5	20.7	20.4	19.8	20.0	20.9	21.6	20.8
2018/01/16 15:55:18	42.3	24.3	24.3	35.9	35.9	42.6	42.6	44.4	44.4	45.0	40.8	43.4	38.1	37.8	35.7	32.4	34.0	34.6	33.5	33.8	32.2	29.8	27.1	24.5	22.3	23.0	21.8	20.1	19.6	20.0	20.7	21.6	20.9
2018/01/16 15:55:19	44.5	24.0	24.0	37.0	37.0	45.3	45.3	48.4	48.4	46.4	39.8	42.6	37.6	39.6	36.3	34.0	36.3	37.3	37.5	37.2	33.6	31.5	29.2	26.1	23.3	23.1	20.8	20.1	19.3	19.8	20.8	21.8	20.7
2018/01/16 15:55:20	46.6	25.1	25.1	35.7	35.7	45.6	45.6	50.0	50.0	48.7	43.2	43.6	36.7	38.7	37.4	35.8	38.2	39.7	40.0	40.1	35.3	33.8	32.3	27.4	26.0	24.1	22.7	20.8	19.8	20.3	21.0	22.1	21.0
2018/01/16 15:55:21	48.8	23.7	23.7	35.3	35.3	45.6	45.6	48.4	48.4	46.7	44.1	45.0	38.6	41.2	40.0	38.4	40.4	41.9	41.5	42.8	38.9	36.3	33.0	29.6	26.8	25.9	23.2	20.9	19.6	20.2	20.9	21.5	20.8
2018/01/16 15:55:22	50.2	24.7	24.7	38.7	38.7	48.5	48.5	48.5	48.5	47.8	46.3	46.0	40.6	43.7	42.9	40.4	44.0	43.0	42.6	43.1	40.2	37.7	34.7	31.9	29.4	27.5	24.1	21.5	19.6	20.0	21.0	21.5	20.8
2018/01/16 15:55:23	49.7	24.4	24.4	39.3	39.3	48.9	48.9	50.1	50.1	49.3	44.3	44.6	41.0	45.2	43.7	39.8	41.5	42.1	41.3	42.8	41.0	37.3	33.0	29.5	28.8	27.2	24.3	20.8	20.0	20.2	20.7	21.7	20.7
2018/01/16 15:55:24	47.2	25.1	25.1	37.5	37.5	47.6	47.6	48.7	48.7	47.4	43.4	44.4	39.1	44.4	40.5	41.1	40.0	39.4	39.1	38.9	36.7	34.7	31.3	28.6	27.9	28.0	24.1	21.0	20.0	20.2	20.8	21.7	20.8
2018/01/16 15:55:25	45.1	23.6	23.6	37.0	37.0	45.5	45.5	46.6	46.6	45.0	41.6	42.1	39.1	41.1	38.2	35.5	37.4	37.9	35.6	37.7	34.8	33.6	29.8	26.8	25.7	26.9	25.5	22.2	19.8	20.2	21.1	21.9	20.8
2018/01/16 15:55:26	44.9	23.6	23.6	33.3	33.3	43.7	43.7	45.6	45.6	46.6	42.3	40.3	35.7	40.0	37.6	34.4	36.1	36.3	36.4	38.5	34.7	33.2	30.9	26.7	25.0	25.9	26.5	22.6	20.3	20.1	20.9	21.7	20.7
2018/01/16 15:55:27	45.4	23.9	23.9	37.4	37.4	47.8	47.8	48.3	48.3	45.6	41.4	41.2	35.6	39.1	38.4	34.9	36.1	37.8	37.9	39.1	35.2	33.3	30.6	26.2	24.7	24.9	25.6	22.5	20.1	19.9	20.6	21.7	20.7
2018/01/16 15:55:28	47.5	25.4	25.4	35.7	35.7	45.5	45.5	46.5	46.5	44.8	41.8	42.2	37.7	40.6	41.3	38.3	39.4	40.0	39.3	41.6	36.4	35.7	32.0	27.9	26.2	26.6	25.6	22.9	20.6	20.1	20.9	21.7	20.6
2018/01/16 15:55:29	48.5	25.1	25.1	36.5	36.5	45.9	45.9	47.8	47.8	46.9	44.6	43.2	37.1	40.4	42.0	39.6	39.0	39.6	41.3	43.1	38.1	37.2	32.6	27.7	25.4	26.2	23.7	21.5	20.2	19.8	20.8	21.7	20.6
2018/01/16 15:55:30	49.9	23.3	23.3	36.0	36.0	45.7	45.7	46.3	46.3	45.0	43.9	40.7	39.3	43.6	43.5	39.9	38.7	41.2	43.5	44.4	40.2	37.6	33.5	28.8	27.9	26.2	23.6	21.5	20.2	20.1	21.2	21.8	20.8
2018/01/16 15:55:31	50.3	23.2	23.2	36.5	36.5	46.2	46.2	48.4	48.4	47.2	43.4	43.0	41.1	45.0	43.8	38.8	38.7	40.1	43.2	44.9	40.7	39.3	36.1	30.3	27.3	25.3	23.0	21.3	19.7	20.1	20.7	21.8	20.4
2018/01/16 15:55:32	51.5	23.4	23.4	35.6	35.6	43.8	43.8	47.0	47.0	47.1	44.1	44.8	39.9	45.7	45.4	38.8	41.3	42.1	42.9	46.3	41.3	41.2	38.6	32.3	28.9	27.0	24.9	21.8	20.6	20.6	21.2	21.9	21.1
2018/01/16 15:55:33	53.8	23.9	23.9	39.1	39.1	46.6	46.6	48.4	48.4	50.8	48.6	46.9	41.8	46.3	45.1	41.1	44.0	44.0	46.3	48.6	43.3	43.7	41.1	35.0	31.9	29.3	25.0	22.0	19.9	20.2	20.8	21.5	20.6
2018/01/16 15:55:34	55.3	24.0	24.0	43.9	43.9	50.1	50.1	47.6	47.6	46.3	46.5	47.6	43.0	46.2	48.1	41.8	44.8	46.8	46.7	49.7	45.5	46.0	43.6	36.5	34.3	31.5	27.7	22.6	20.2	20.1	20.7	21.8	20.9
2018/01/16 15:55:35	57.8	25.3	25.3	41.0	41.0	50.3	50.3	51.0	51.0	50.4	49.2	51.2	46.1	49.5	50.2	47.0	49.2	48.5	49.2	51.5	48.3	48.4	45.8	39.8	37.7	35.9	30.7	25.8	20.7	20.3	21.0	21.9	20.9
2018/01/16 15:55:36	59.6	25.3	25.3	42.8	42.8	51.8	51.8	53.5	53.5	52.3	50.8	51.3	47.0	50.5	51.4	47.6	51.2	49.7	50.7	53.3	51.1	49.5	48.2	43.1	39.9	38.3	34.5	29.3	22.8	20.7	21.0	22.1	20.8
2018/01/16 15:55:37	62.1	25.0	25.0	43.4	43.4	51.6	51.6	52.5	52.5	52.8	53.3	55.6	49.8	51.8	53.4	50.4	52.9	51.4	52.8	56.0	53.1	53.3	49.7	45.9	43.4	41.6	39.1	33.5	25.8	22.0	21.2	22.2	20.7
2018/01/16 15:55:38	65.5	25.3	25.3	41.7	41.7	51.9	51.9	54.6	54.6	53.1	54.1	60.3	51.6	56.3	57.4	56.0	56.9	53.9	55.6	59.1	56.6	56.0	52.9	51.0	48.1	48.2	46.5	42.9	36.0	30.7	26.9	24.2	22.1
2018/01/16 15:55:39	71.5	33.9	33.9	49.9	49.9	61.1	61.1	63.3	63.3	61.8	63.4	64.6	60.2	64.1	61.8	58.9	60.8	57.7	59.2	62.0	62.7	63.8	61.2	58.9	57.7	56.2	54.0	51.0	44.0	39.3	33.9	29.7	29.3
2018/01/16 15:55:40	75.8	40.4	40.4	55.9	55.9	68.0	68.0	68.9	68.9	64.1	64.1	63.5	60.0	62.1	64.0	59.6	59.3	60.5	67.3	68.9	67.7	66.0	64.5	63.2	62.2	60.4	58.6	57.5	52.2	46.5	40.8	41.4	40.2
2018/01/16 15:55:41	71.3	35.9	35.9	47.7	47.7	61.6	61.6	64.2	64.2	59.7	59.1	61.8	56.5	61.4	60.9	58.6	58.4	56.5	61.2	64.7	63.8	62.2	60.2	57.5	55.8	54.5	52.9	48.5	40.7	34.6	32.2	32.8	29.2
2018/01/16 15:55:42	69.0	31.3	31.3	48.7	48.7	57.0	57.0	58.8	58.8	58.9	55.5	60.1	57.0	59.8	58.7	55.6	54.7	55.0	60.1	61.4	60.7	59.5	59.0	55.7	54.1	53.2	51.0	44.5	37.0	31.6	30.9	30.0	26.6
2018/01/16 15:55:43	71.0	29.7	29.7	54.5	54.5	61.7	61.7	60.7	60.7	61.7	59.1	58.5	55.9	59.7	58.8	53.0	53.4	54.2	60.9	64.8	61.6	60.9	61.2	60.2	57.5	55.3	53.5	48.6	43.5	37.1	33.1	31.4	30.4
2018/01/16 15:55:44	69.6	30.0	30.0	53.4	53.4	61.8	61.8	59.8	59.8	54.1	53.2	57.5	53.3	58.8	61.2	53.4	53.7	51.7	56.4	61.4	60.0	61.1	60.4	59.6	56.9	54.0	50.7	43.9	38.5	34.2	28.8	24.9	22.6
2018/01/16 15:55:45	62.5	29.8	29.8	48.4	48.4	58.2	58.2	57.4	57.4	52.1	49.3	53.5	49.9	56.8	56.1	51.3	52.5	51.3	52.3	54.5	53.5	53.5	51.8	48.6	46.2	44.5	42.1	35.2	27.2	22.6	21.7	21.9	20.8
2018/01/16 15:55:46	60.5	25.4	25.4	40.7	40.7	49.4	49.4	51.1	51.1	48.5	45.9	49.9	47.9	52.8	52.2	49.7	49.4	48.0	50.8	53.7	52.6	50.6	49.0	47.3	44.3	42.8	40.2	32.6	24.7	21.4	21.0	21.9	20.9
2018/01/16 15:55:47	57.9	24.6	24.6	38.9	38.9	47.5	47.5	49.0	49.0	48.2	46.3	47.2	43.9	50.0	49.6	47.0	47.4	46.5	46.7	50.6	50.3	48.0	46.7	44.6	42.8	41.9	39.3	32.1	24.1	21.1	21.0	22.0	20.7
2018/01/16 15:55:48	55.7	24.4	24.4	39.2	39.2	46.6	46.6	48.2	48.2	47.6	42.7	45.2	42.8	47.4	47.3	44.2	44.1	42.0	43.4	48.4	47.6	46.5	44.9	42.1	41.3	41.1	37.7	30.0	23.3	20.8	20.9	21.8	20.5
2018/01/16 15:55:49	53.2	25.2	25.2	40.5	40.5	46.4	46.4	46.5	46.5	46.4	44.1	43.8	39.8	44.6	49.8	39.9	43.1	41.4	42.0	45.3	44.6	45.0	41.1	38.8	36.7	36.3	32.4	25.9	21.1	20.1	20.9	21.6	20.7
2018/01/16 15:55:50	52.0	24.2	24.2	37.2	37.2	45.6	45.6	47.6	47.6	45.9	42.1	43.4	39.1	41.9	44.4	40.3	41.2	41.1	41.9	44.4	43.3	43.2	41.3	37.5	37.0	35.4	33.4	26.4	20.9	20.3	21.0	21.8	20.7
2018/01/16 15:55:51	51.1	23.3	23.3	36.9	36.9	46.9	46.9	49.0	49.0	46.6	43.1	42.6	38.5	45.5	44.5	39.0	41.3	41.0	39.7	43.1	43.3	42.0	38.8	36.0	35.2	34.4	32.4	24.9	20.8	20.9	21.2	22.0	20.9
2018/01/16 15:55:52	49.8	24.2	24.2	35.6	35.6	45.1	45.1	46.8	46.8	45.9	42.8	43.4	40.9	43.3	41.7	36.9	38.8	38.5	39.8	41.8	41.6	40.7	38.5	34.5	35.2	34.4	32.0	24.7	20.8	20.4	21.0	21.6	20.5
2018/01/16 15:55:53	50.0	23.3	23.3	40.4	40.4	50.1	50.1	50.8	50.8	47.4	46.1	45.2	38.6	43.8	43.6	39.6	37.6	38.1	39.6	42.0	40.7	41.0	38.4	35.5	35.8	34.5	32.9	25.3	21.8	20.8	20.7	21.6	20.7
2018/01/16 15:55:54	56.3	28.6	28.6	42.6	42.6	52.2	52.2	53.7	53.7	51.8	47.4	50.4	46.1	47.1	47.4	42.8	42.8	43.0	43.4	45.1	46.0	45.8	46.2	44.1	46.2	45.5	44.1	38.5	31.0	25.3	22.3	22.2	20.8
2018/01/16 15:55:55	58.0	26.7	26.7	43.5	43.5	53.5	53.5	53.5	53.5	51.4	52.8	53.0	52.6	53.3	50.9	48.2	48.0	46.1	45.7	45.9	45.5	47.0	47.6	45.7	46.8	46.6	45.1	38.3	28.7	23.8	21.6	22.0	20.8
2018/01/16 15:55:56	59.4	23.9	23.9	41.6	41.6	50.1	50.1	51.8	51.8	49.8	52.0	58.6	51.7	54.2	54.0	51.1	48.6	46.6	47.6	48.6	48.3	48.4	47.0	45.9	47.1	47.9	46.7	41.2	31.1	24.5	21.6	22.2	21.2
2018/01/16 15:55:57	58.9	27.1	27.1	41.3	41.3	53.4	53.4	55.3	55.3	51.0	49.5	54.5	49.5	53.0	54.2	51.9	50.8	47.1	46.6	47.9	47.8	48.0	46.3	45.1	46.0	47.0	46.7	41.7	29.3	23.9	21.3	22.1	20.7
2018/01/16 15:55:58	59.5	27.5	27.5	42.4	42.4	54.1	54.1	56.4	56.4	54.0	49.4	54.7	52.4	53.4	52.9	49.8	52.0	48.3	46.2	49.7	49.2	50.6	48.4	45.5	45.3	45.2	45.0	39.8	29.2	22.9	21.3	21.7	20.5
2018/01/16 15:55:59	58.1	28.7	28.7	43.3	43.3	53.3	53.3	53.9	53.9	52.0	52.6	53.9	47.0	51.0	51.0	49.1	50.2	47.5	46.2	49.7	48.7	49.0	47.4	44.2	41.7	41.0	39.0	33.1	24.2	21.2	21.3	21.9	20.9
2018/01/16 15:56:00	59.1	26.4	26.4	40.4	40.4	51.3	51.3	53.6	53.6	52.9	52.5	52.3	48.1	51.6	50.9	47.7	51.2	49.8	48.4	51.3	50.1	50.0	48.3	44.7	41.4	40.2	38.4	29.9	22.5	20.8	21.8	22.1	20.9
2018/01/16 15:56:01	59.1	27.5	27.5	42.3	42.3	50.0	50.0	51.3	51.3	50.8	48.4	51.2	46.0	49.7	52.0	47.7	50.1	47.4	48.9	52.4	50.7	49.3	48.2	44.8	42.0	38.5	35.7	30.9	23.0	20.9	21.1	22.0	20.7
2018/01/16 15:56:02	60.6	27.7	27.7	43.7	43.7	52.1	52.1	50.9	50.9	52.1	50.7	52.7	49.0	50.9	50.0	46.7	49.7	51.6	51.4	52.7	52.3	51.2	48.9	47.5	46.0	44.2	39.2	32.9	25.2	21.9	21.8	22.4	20.8
2018/01/16 15:56:03	61.2	26.3	26.3	42.0	42.0	53.1	53.1	54.4	54.4	51.8	51.4	51.5	49.9	52.8	51.3	48.5	49.3	48.6	49.7	51.6	52.6	53.1	52.2	49.2	47.5	44.7	40.9	33.7	26.0	22.7	21.8	22.2	20.9
2018/01/16 15:56:04	64.4	24.5	24.5	42.6	42.6	53.4	53.4	56.4	56.4	54.1	52.6	55.7	48.8	53.3	51.5	51.1	51.7	49.8	52.3	55.5	55.7	56.7	55.6	53.4	50.1	47.3	42.5	35.2	26.4	21.8	21.5	22.1	20.9
2018/01/16 15:56:05	68.3	27.6	27.6	46.5	46.5	54.4	54.4	54.7	54.7	52.0	53.5	55.7	51.5	54.7	53.2	50.2	51.1	49.2	52.5	58.2	60.1	61.8	59.5	57.5	54.4	51.3	48.0	41.6	33.3	26.6	23.0	23.1	22.1
2018/01/16 15:56:06	66.6	29.3	29.3	43.8	43.8	53.0	53.0	54.7	54.7	53.2	51.5	53.9	48.2	52.4	49.8	50.3	49.7	49.8	56.1	59.6	59.2	56.4	57.0	56.2	51.5	48.7	47.9	42.1	34.5	26.6	26.2	27.9	24.6
2018/01/16 15:56:07	61.2	28.9	28.9	41.7	41.7	50.6	50.6	52.7	52.7	52.3	48.0	52.9	52.3	54.5	51.8	52.1	47.6	45.8	51.2	54.3	53.7	50.2	50.7	48.6	45.5	43.9	42.2	36.1	28.5	23.5	23.7	25.6	23.9
2018/01/16 15:56:08	54.8	28.4	28.4	40.2	40.2	48.3	48.3	48.2	48.2	48.2	48.5	50.5	45.4	48.5	48.7	43.9	42.4	43.1	44.3	46.0	46.1	45.9	43.9	41.7	39.6	37.0	33.8	29.4	24.0	21.3	21.6	22.5	21.4
2018/01/16 15:56:09	51.9	26.3	26.3	40.4	40.4	49.7	49.7	50.9	50.9	50.3	52.0	49.3	41.4	49.1	45.9	41.9	43.2	40.2	41.6	43.3	41.8	40.3	39.7	38.0	37.4	36.4	34.4	28.5	24.1	21.5	21.3	22.1	20.7
2018/01/16 15:56:10	52.5	25.4	25.4	41.0	41.0	50.4	50.4	50.4	50.4	48.7	50.0	49.8	42.4	48.2	44.8	42.3	41.9	41.4	40.6	42.9	43.0	40.8	42.1	39.5	37.8	40.4	36.6	31.5	27.1	23.2	21.8	22.9	21.6
2018/01/16 15:56:11	51.1	23.0	23.0	41.3	41.3	49.5	49.5	49.5	49.5	48.7	48.0	49.3	41.3	46.6	45.3	42.5	46.2	41.7	38.4	41.2	39.5	38.6	36.9	36.1	36.0	39.1	37.7	31.3	24.7	22.1	21.7	22.9	21.2
2018/01/16 15:56:12	49.5	25.2	25.2	42.1	42.1	50.5	50.5	52.2	52.2	50.0	45.6	51.8	41.7	44.2	45.7	41.4	42.5	38.3	38.4	39.7	39.3	36.3	34.7	33.1	33.2	35.1	34.6	29.1	22.9	21.1	21.4	22.0	21.1
2018/01/16 15:56:13	50.4	24.5	24.5	41.6	41.6	49.6	49.6	51.7	51.7	50.5	47.4	44.9	41.4	47.5	45.4	41.6	40.8	37.5	37.9	40.0	39.6	38.3	41.3	37.1	36.8	35.9	34.5	28.0	22.1	20.8	21.1	22.0	20.9
2018/01/16 15:56:14	49.5	26.1	26.1	41.5	41.5	50.2	50.2	51.9	51.9	50.1	45.6	44.6	41.1	46.7	42.8	40.7	42.5	39.6	38.8	39.4	40.0	38.3	36.2	34.4	34.1	34.1	33.9	29.1	22.6	20.7	21.0	21.9	20.8
2018/01/16 15:56:15	50.0	25.7	25.7	41.2	41.2	52.5	52.5	54.4	54.4	48.1	45.0	44.4	40.9	44.6	42.7	41.8	43.2	43.2	38.8	40.2	39.6	38.3	35.9	35.1	36.1	34.5	33.1	28.1	21.5	20.7	21.0	21.8	20.9
2018/01/16 15:56:16	49.3	26.5	26.5	38.2	38.2	47.6	47.6	50.1	50.1	48.3	45.1	44.9	39.8	44.7	43.4	40.1	41.4	40.2	37.2	41.5	40.3	38.4	36.4	34.9	32.1	31.0	30.1	25.3	21.4	20.0	20.7	21.8	20.7
2018/01/16 15:56:17	50.4	23.8	23.8	37.7	37.7	48.2	48.2	50.4	50.4	47.4	43.9	43.2	41.1	47.7	43.5	41.4	42.3	41.2	41.7	41.9	41.9	40.3	36.4	33.3	31.7	29.4	28.7	24.1	20.9	20.5	21.0	21.7	20.8
2018/01/16 15:56:18	50.1	25.5	25.5	39.7	39.7	51.4	51.4	54.1	54.1	49.8	45.6	45.2	39.4	45.1	43.3	38.5	38.3	37.6	40.3	41.9	43.5	40.7	36.5	34.0	31.4	32.2	29.0	23.8	20.8	20.6	21.3	22.1	20.8
2018/01/16 15:56:19	50.1	24.7	24.7	41.1	41.1	50.8	50.8	52.3	52.3	47.8	43.9	45.1	40.7	44.0	42.9	38.2	38.4	36.9	39.0	42.7	44.0	39.7	37.0	34.9	32.7	31.4	31.0	26.0	21.2	20.5	20.8	21.7	20.6
2018/01/16 15:56:20	50.4	27.5	27.5	44.0	44.0	55.4	55.4	55.6	55.6	48.9	43.9	44.8	40.2	43.8	41.8	41.0	39.7	38.8	39.2	43.2	43.6	39.9	37.4	35.0	31.3	29.8	29.4	28.0	24.0	21.4	21.2	21.9	20.8
2018/01/16 15:56:21	48.9	27.1	27.1	44.1	44.1	52.4	52.4	53.7	53.7	49.4	44.7	46.1	36.2	42.9	43.3	38.1	38.0	34.5	37.2	41.4	42.0	38.6	35.9	33.8	30.9	29.1	27.9	21.9	19.9	20.1	20.9	21.9	20.5
2018/01/16 15:56:22	47.4	25.4	25.4	41.2	41.2	49.1	49.1	50.8	50.8	47.6	45.0	48.0	40.3	43.3	40.6	37.7	37.5	34.4	35.8	39.6	39.0	36.7	35.5	32.5	30.7	28.1	26.6	21.9	19.9	20.1	20.9	21.8	20.9
2018/01/16 15:56:23	46.4	24.7	24.7	40.9	40.9	49.2	49.2	50.3	50.3	46.2	42.9	47.1	42.5	42.2	39.7	38.5	35.8	34.6	35.2	38.6	37.1	35.4	33.1	30.4	28.6	29.5	27.1	22.8	20.5	20.5	20.8	21.9	20.7
2018/01/16 15:56:24	47.9	26.0	26.0	39.9	39.9	51.0	51.0	53.2	53.2	46.9	44.9	45.7	43.3	45.8	41.2	41.1	38.9	37.0	34.8	37.1	37.1	38.6	36.0	32.0	32.7	30.2	30.0	27.3	24.6	23.0	25.2	24.4	22.5
2018/01/16 15:56:25	46.6	25.5	25.5	40.4	40.4	50.3	50.3	49.8	49.8	46.8	44.6	43.6	39.5	43.7	41.5	40.6	40.2	35.7	34.1	37.5	35.8	35.1	33.8	33.2	28.2	28.1	25.7	22.1	20.0	20.3	20.8	21.8	20.7
2018/01/16 15:56:26	46.7	25.5	25.5	40.2	40.2	50.2	50.2	50.0	50.0	46.4	45.1	44.4	40.2	42.4	40.0	38.5	38.1	35.7	35.7	38.7	36.6	36.6	34.6	32.1	27.6	26.3	26.7	23.5	21.8	21.3	21.7	22.5	21.5
2018/01/16 15:56:27	47.0	23.7	23.7	38.1	38.1	48.0	48.0	48.9	48.9	45.5	46.7	48.3	40.2	43.6	40.6	38.2	37.1	34.7	36.5	38.6	38.6	36.1	34.2	31.2	28.1	26.4	25.1	22.2	20.6	20.8	21.3	22.3	21.0
2018/01/16 15:56:28	47.7	27.0	27.0	42.6	42.6	49.8	49.8	48.8	48.8	48.9	48.7	47.9	40.5	44.0	41.6	39.9	38.4	36.7	36.6	38.7	38.9	37.1	34.6	32.5	30.1	29.2	27.2	22.9	20.2	20.3	20.9	21.8	20.9
2018/01/16 15:56:29	49.9	24.6	24.6	43.2	43.2	50.0	50.0	49.1	49.1	46.8	44.2	49.2	42.7	42.7	42.3	40.0	40.7	38.3	38.9	41.1	42.9	38.0	36.0	35.1	35.1	34.9	33.1	26.7	20.8	20.5	21.1	21.7	20.9
2018/01/16 15:56:30	53.1	27.1	27.1	43.8	43.8	51.0	51.0	51.7	51.7	51.6	46.0	48.5	44.8	45.9	44.8	41.4	44.8	43.4	44.2	45.5	45.4	42.7	39.0	37.1	36.3	34.6	34.4	28.7	22.1	20.6	21.4	22.1	20.9
2018/01/16 15:56:31	54.9	25.7	25.7	45.4	45.4	51.7	51.7	50.9	50.9	53.1	48.9	47.9	45.9	48.2	47.0	44.8	46.1	43.7	47.7	46.6	46.5	44.8	40.2	39.1	38.2	37.3	38.0	31.4	22.8	21.4	21.0	21.8	20.7
2018/01/16 15:56:32	54.1	27.8	27.8	45.7	45.7	51.9	51.9	51.2	51.2	52.2	52.2	51.5	47.3	47.9	46.3	45.4	45.1	43.4	43.3	46.3	46.2	43.3	40.3	38.0	37.2	38.5	38.6	32.1	25.6	22.8	21.8	22.1	20.9
2018/01/16 15:56:33	57.8	29.2	29.2	46.5	46.5	55.0	55.0	54.1	54.1	53.3	59.0	56.9	52.6	54.3	50.6	48.0	48.3	44.9	45.1	48.6	48.5	47.1	45.0	42.9	43.6	44.5	43.4	36.3	30.1	24.9	23.2	22.8	21.7
2018/01/16 15:56:34	61.6	27.1	27.1	44.7	44.7	55.4	55.4	57.1	57.1	54.5	59.1	60.8	50.9	57.2	52.2	48.8	49.6	50.5	49.0	50.6	50.8	52.8	50.8	48.6	49.6	48.6	47.4	42.4	35.6	30.2	26.6	24.4	24.1
2018/01/16 15:56:35	67.3	31.1	31.1	46.5	46.5	58.4	58.4	65.3	65.3	62.5	59.6	69.9	54.8	58.1	55.9	51.5	50.3	50.9	56.6	60.4	58.8	56.4	55.7	53.7	52.9	53.1	52.8	47.6	41.3	35.7	32.7	34.5	33.1
2018/01/16 15:56:36	68.5	29.2	29.2	46.3	46.3	56.8	56.8	63.3	63.3	60.3	56.7	69.6	58.0	60.3	57.1	51.6	51.5	51.8	56.4	62.5	60.8	58.2	56.6	53.2	52.9	52.6	52.7	48.0	43.1	37.3	32.5	34.2	32.5
2018/01/16 15:56:37	62.7	30.4	30.4	47.8	47.8	58.2	58.2	58.5	58.5	53.5	53.5	63.7	54.6	57.5	54.8	51.1	51.2	48.4	48.9	54.3	54.8	54.4	51.0	47.6	47.1	46.5	43.0	37.7	30.4	27.3	24.6	23.1	21.5
2018/01/16 15:56:38	59.0	27.8	27.8	46.4	46.4	54.8	54.8	58.1	58.1	56.8	50.4	57.1	50.8	54.9	52.2	49.5	49.0	47.9	48.1	51.3	51.5	48.0	47.0	43.4	41.6	39.5	37.3	30.6	23.2	21.2	21.3	22.1	21.3
2018/01/16 15:56:39	57.3	28.9	28.9	48.3	48.3	58.0	58.0	59.6	59.6	55.2	50.6	55.5	48.7	54.7	49.8	46.1	47.0	45.5	47.2	50.2	49.8	45.8	43.4	40.9	40.3	38.1	36.0	29.9	23.5	21.0	21.0	21.8	20.6
2018/01/16 15:56:40	55.7	25.7	25.7	44.5	44.5	54.8	54.8	57.4	57.4	54.7	50.6	51.2	46.6	51.6	48.4	44.7	46.5	44.8	46.5	48.5	46.8	45.1	42.7	39.6	37.9	37.5	38.2	33.5	25.1	23.6	22.2	23.1	21.7
2018/01/16 15:56:41	54.7	27.0	27.0	43.7	43.7	53.5	53.5	54.5	54.5	51.6	50.5	51.1	45.7	50.1	47.6	43.4	45.9	43.0	44.1	46.8	46.4	44.7	41.9	39.0	37.7	37.9	37.8	34.5	31.2	29.1	27.3	25.9	24.6
2018/01/16 15:56:42	53.6	25.2	25.2	44.5	44.5	54.5	54.5	56.1	56.1	53.0	50.6	50.1	44.9	49.2	46.8	42.3	43.5	42.1	43.1	46.8	44.6	42.9	41.4	37.7	36.8	36.9	35.6	32.6	30.4	28.8	27.3	26.1	25.2

