DataTime                     	dB(A)	16	20	25	31.5	40	50	63	80	100	125	160	200	250	315	400	500	630	800	1000	1250	1600	2000	2500	3150	4000	5000	6300	8000	10000	12500	16000	20000
2018/01/16 16:02:04	48.5	25.6	25.6	41.2	41.2	51.1	51.1	51.2	51.2	44.2	42.4	42.2	39.1	43.7	41.6	38.2	38.2	38.8	38.8	40.8	39.7	38.6	35.5	33.6	32.3	31.9	30.0	24.6	21.1	20.7	21.3	22.1	21.0
2018/01/16 16:02:05	48.7	25.2	25.2	41.2	41.2	50.9	50.9	51.2	51.2	45.4	42.6	43.9	39.0	42.3	42.0	39.9	38.5	38.7	37.8	40.9	38.9	38.2	36.4	34.9	34.3	33.6	32.3	26.6	22.4	21.8	21.8	22.2	21.3
2018/01/16 16:02:06	47.8	25.8	25.8	41.1	41.1	48.4	48.4	49.0	49.0	44.9	41.3	42.6	38.9	42.6	40.8	37.8	38.9	37.1	39.3	40.1	37.6	36.9	34.7	33.3	32.7	32.2	30.9	27.0	23.3	22.1	22.2	23.0	22.1
2018/01/16 16:02:07	47.1	25.6	25.6	40.2	40.2	47.3	47.3	47.0	47.0	42.9	41.1	43.5	39.3	41.0	40.2	37.1	37.1	36.8	38.9	39.6	37.3	36.0	33.3	32.0	32.2	32.1	30.6	26.8	22.6	21.5	21.3	22.5	21.2
2018/01/16 16:02:08	47.7	25.0	25.0	40.0	40.0	48.6	48.6	48.8	48.8	44.5	40.7	43.4	38.3	41.1	41.9	40.2	38.9	38.6	38.6	38.2	38.1	36.7	34.2	32.3	34.4	32.3	30.0	25.5	22.4	21.5	21.5	22.1	21.1
2018/01/16 16:02:09	47.5	23.8	23.8	40.1	40.1	48.4	48.4	47.8	47.8	43.1	39.1	40.6	37.8	41.3	42.0	38.1	39.1	38.7	37.7	38.5	37.3	37.4	35.0	33.6	32.0	32.3	30.5	24.4	21.6	20.7	21.3	22.3	21.2
2018/01/16 16:02:10	47.7	24.8	24.8	39.8	39.8	47.3	47.3	46.7	46.7	43.1	40.9	43.1	39.3	43.6	40.8	37.3	39.0	38.3	39.2	39.1	37.5	37.9	34.5	32.9	32.1	31.3	30.6	25.4	21.3	21.1	21.3	22.1	21.1
2018/01/16 16:02:11	49.0	25.4	25.4	41.6	41.6	48.9	48.9	47.4	47.4	44.0	41.9	43.0	39.4	42.9	43.6	39.4	40.3	40.1	39.9	40.4	39.1	38.8	36.7	34.3	33.4	32.8	31.4	25.5	21.8	21.2	21.9	22.5	21.3
2018/01/16 16:02:12	50.9	25.1	25.1	40.2	40.2	47.4	47.4	46.3	46.3	43.1	41.0	44.4	40.1	44.8	44.0	41.4	41.6	42.3	42.1	42.5	41.3	41.2	38.1	36.8	35.5	34.5	33.0	29.2	25.1	23.5	23.5	24.1	23.2
2018/01/16 16:02:13	52.3	27.5	27.5	45.0	45.0	53.9	53.9	52.1	52.1	45.2	43.1	44.6	41.0	45.2	45.1	43.9	42.6	42.8	42.7	44.0	42.8	42.6	39.7	37.5	37.4	37.1	35.3	30.5	25.1	23.1	22.8	23.1	21.7
2018/01/16 16:02:14	54.3	27.5	27.5	44.4	44.4	53.8	53.8	52.3	52.3	45.5	45.4	48.3	41.4	44.8	46.6	44.4	42.7	45.0	45.2	47.4	44.9	44.2	41.6	38.4	38.8	38.8	37.2	32.0	25.6	23.2	22.7	23.0	22.2
2018/01/16 16:02:15	57.9	29.1	29.1	47.3	47.3	55.0	55.0	52.6	52.6	47.1	46.1	49.0	43.8	49.2	47.7	44.0	46.0	48.5	48.6	51.0	48.9	48.5	45.7	43.0	43.1	42.8	40.6	34.2	27.0	24.5	22.8	22.7	21.2
2018/01/16 16:02:16	64.0	34.7	34.7	55.1	55.1	63.9	63.9	60.9	60.9	51.7	49.8	51.1	47.8	53.0	51.7	49.5	52.4	56.4	56.8	57.1	53.8	52.7	51.2	50.5	50.5	48.1	47.7	41.9	34.4	33.0	31.3	31.6	29.7
2018/01/16 16:02:17	62.1	31.4	31.4	52.9	52.9	60.8	60.8	57.6	57.6	51.6	49.2	50.3	47.8	51.0	51.2	49.2	51.2	55.1	53.5	55.2	53.3	51.3	48.8	47.7	47.6	45.8	44.0	38.5	31.3	29.2	27.7	28.0	25.4
2018/01/16 16:02:18	57.6	24.4	24.4	52.7	52.7	59.0	59.0	54.0	54.0	49.9	47.9	48.4	43.4	47.3	50.3	45.4	45.7	47.7	49.5	50.4	49.3	47.2	45.0	43.3	41.9	41.6	39.0	32.2	24.9	21.8	21.5	22.0	20.8
2018/01/16 16:02:19	60.0	26.4	26.4	51.6	51.6	58.2	58.2	54.9	54.9	49.8	46.8	48.4	43.8	48.2	48.8	45.2	45.8	48.7	50.9	52.1	51.3	49.4	50.0	47.6	46.9	45.6	43.3	37.7	28.6	24.9	24.8	24.8	21.9
2018/01/16 16:02:20	63.2	27.5	27.5	58.0	58.0	64.2	64.2	58.7	58.7	52.4	48.1	50.1	46.0	48.8	53.1	51.1	48.4	53.0	52.0	54.8	54.0	53.1	53.9	51.8	50.3	48.1	47.1	42.0	33.6	29.8	28.9	29.4	25.5
2018/01/16 16:02:21	59.1	28.5	28.5	53.2	53.2	59.0	59.0	55.0	55.0	50.1	49.1	51.3	46.9	49.0	51.2	47.4	46.7	48.9	49.7	50.4	50.1	49.9	48.2	46.9	44.6	44.2	41.4	36.8	28.9	24.5	24.1	24.1	22.3
2018/01/16 16:02:22	58.7	31.1	31.1	49.8	49.8	54.8	54.8	51.6	51.6	50.0	50.6	50.8	43.6	47.1	49.0	47.8	47.6	49.1	49.5	50.9	49.3	49.4	47.4	45.5	44.4	43.1	40.2	34.7	26.7	23.7	22.8	23.5	21.9
2018/01/16 16:02:23	62.4	28.1	28.1	44.0	44.0	50.2	50.2	56.4	56.4	55.6	50.4	50.5	46.9	50.1	53.9	51.1	51.0	52.1	52.9	54.7	52.8	51.6	51.7	50.2	49.1	47.1	45.8	38.9	30.9	28.0	25.3	25.2	22.8
2018/01/16 16:02:24	58.1	25.8	25.8	41.6	41.6	48.3	48.3	49.5	49.5	49.5	46.7	47.1	44.0	48.9	51.0	46.8	47.1	47.9	47.9	50.9	49.9	48.0	46.9	44.8	42.8	41.5	39.7	33.4	27.8	24.8	23.8	24.4	23.4
2018/01/16 16:02:25	52.8	28.0	28.0	42.3	42.3	48.3	48.3	47.3	47.3	44.3	41.4	44.4	40.2	45.4	46.7	42.7	42.1	43.6	43.6	45.2	44.5	42.9	40.5	37.0	35.8	35.1	33.3	28.9	24.4	21.8	21.8	22.2	21.1
2018/01/16 16:02:26	49.6	27.3	27.3	41.3	41.3	49.2	49.2	48.5	48.5	43.6	39.6	41.0	37.8	42.9	43.4	38.3	38.8	39.0	39.7	41.7	41.4	40.2	37.3	35.1	33.5	32.7	30.7	25.6	21.6	20.9	21.1	22.1	21.1
2018/01/16 16:02:27	47.9	25.3	25.3	40.8	40.8	48.9	48.9	49.8	49.8	46.4	40.3	41.0	36.9	40.9	40.6	38.6	40.0	39.5	37.4	38.6	39.6	37.5	35.2	33.5	32.5	31.7	29.8	24.3	21.3	20.8	21.2	21.8	20.9
2018/01/16 16:02:28	48.8	30.9	30.9	47.4	47.4	56.4	56.4	55.0	55.0	48.1	42.9	45.2	39.5	43.2	42.5	38.7	41.3	40.2	39.2	38.7	39.0	38.3	35.6	35.1	34.0	33.0	30.8	25.6	21.2	20.2	20.8	21.6	20.8
2018/01/16 16:02:29	50.2	28.1	28.1	45.3	45.3	53.6	53.6	52.4	52.4	47.2	43.7	47.4	41.7	44.9	43.7	42.2	43.0	40.1	39.4	40.1	39.1	39.4	37.9	37.4	36.7	36.5	34.0	27.3	22.7	20.5	21.0	21.7	20.7
2018/01/16 16:02:30	52.2	29.9	29.9	47.5	47.5	52.6	52.6	49.1	49.1	48.2	46.9	48.5	44.0	46.2	43.5	41.8	44.8	45.1	41.0	42.7	41.4	42.2	39.9	37.9	37.4	36.8	35.6	29.8	24.2	21.6	21.3	22.8	21.2
2018/01/16 16:02:31	56.9	34.7	34.7	53.3	53.3	62.6	62.6	60.3	60.3	51.4	49.0	53.4	48.8	51.6	48.9	46.1	48.1	47.5	46.9	47.0	46.4	46.7	44.6	44.2	42.8	43.2	41.4	37.2	30.4	24.9	23.0	23.5	22.2
2018/01/16 16:02:32	63.9	32.9	32.9	47.4	47.4	62.5	62.5	64.0	64.0	55.7	52.5	56.0	51.9	57.5	54.4	50.9	52.8	52.7	52.2	54.7	53.1	54.1	54.0	52.8	51.0	50.3	48.3	45.7	38.0	34.4	30.3	29.1	25.8
2018/01/16 16:02:33	67.2	31.6	31.6	47.3	47.3	63.9	63.9	67.1	67.1	59.0	55.3	58.6	52.3	57.7	57.7	54.3	55.6	55.9	55.7	59.7	57.4	57.3	55.8	55.1	54.6	53.7	52.1	48.3	41.1	36.5	33.6	31.6	29.3
2018/01/16 16:02:34	68.0	33.9	33.9	51.5	51.5	63.1	63.1	63.3	63.3	54.3	51.5	55.9	48.2	53.5	54.9	53.2	54.3	56.6	55.2	58.0	58.3	59.1	58.2	56.7	55.5	55.5	54.7	50.3	44.0	40.5	41.7	37.0	36.2
2018/01/16 16:02:35	61.8	30.3	30.3	54.7	54.7	60.2	60.2	57.5	57.5	58.3	56.6	57.3	46.1	50.4	51.6	48.2	50.6	50.3	50.9	52.9	53.1	52.8	51.6	49.3	47.5	47.1	45.9	40.7	32.3	27.0	24.8	23.2	21.7
2018/01/16 16:02:36	60.2	26.1	26.1	47.0	47.0	54.9	54.9	53.4	53.4	53.6	51.1	55.9	49.3	54.6	50.4	47.1	48.3	49.1	49.6	49.2	51.4	51.2	49.8	47.3	46.0	46.8	47.0	39.3	30.0	24.6	22.7	22.4	21.1
2018/01/16 16:02:37	62.0	28.0	28.0	45.7	45.7	54.9	54.9	55.3	55.3	53.6	53.5	52.2	47.2	55.8	52.2	47.5	51.0	50.0	49.5	50.9	52.3	52.5	50.7	49.8	49.2	50.0	52.2	42.7	33.6	28.4	26.4	26.2	25.1
2018/01/16 16:02:38	66.1	32.3	32.3	46.6	46.6	60.1	60.1	62.4	62.4	58.6	56.8	54.8	50.4	61.0	55.0	51.5	53.9	53.0	54.4	55.4	55.9	56.7	55.8	55.2	54.0	52.9	54.0	47.3	38.7	34.8	32.8	33.0	31.2
2018/01/16 16:02:39	63.6	33.3	33.3	49.1	49.1	62.0	62.0	62.3	62.3	57.3	60.2	57.5	50.9	55.9	52.0	51.0	52.3	52.4	52.8	53.9	53.7	53.7	52.7	52.8	51.5	50.7	48.7	44.0	36.5	33.4	32.8	32.1	29.1
2018/01/16 16:02:40	62.4	35.8	35.8	50.2	50.2	61.8	61.8	61.1	61.1	59.6	59.8	56.7	50.8	53.6	53.0	50.0	52.4	52.4	51.0	52.9	52.2	52.3	51.7	50.7	49.1	48.6	48.3	44.2	36.3	34.9	33.2	32.7	28.7
2018/01/16 16:02:41	56.5	27.8	27.8	45.4	45.4	52.5	52.5	52.6	52.6	55.4	53.4	52.1	43.4	48.3	46.9	43.3	46.6	46.5	45.7	48.5	47.6	47.4	45.0	43.7	41.8	40.1	38.7	33.0	25.9	22.5	21.7	22.3	21.0
2018/01/16 16:02:42	53.3	28.0	28.0	36.5	36.5	45.8	45.8	48.2	48.2	46.4	46.0	45.2	39.7	44.3	44.1	42.2	44.9	44.5	44.4	44.2	44.3	43.9	41.0	40.3	38.4	37.1	36.4	30.0	23.8	21.0	21.4	22.0	21.0
2018/01/16 16:02:43	50.6	27.6	27.6	37.7	37.7	46.3	46.3	46.1	46.1	42.3	40.2	43.6	38.6	42.3	42.5	39.5	41.3	40.6	41.2	41.2	42.2	41.6	39.3	37.4	35.6	34.6	32.5	26.8	21.8	20.5	20.7	21.4	20.8
2018/01/16 16:02:44	49.1	24.7	24.7	40.4	40.4	48.0	48.0	48.5	48.5	46.1	39.4	43.3	38.3	41.2	41.5	37.2	38.7	39.1	38.7	39.9	41.3	38.8	38.5	35.9	34.5	33.3	31.6	26.5	20.5	20.0	20.8	21.6	20.6
2018/01/16 16:02:45	48.5	25.6	25.6	38.9	38.9	47.0	47.0	47.9	47.9	44.3	40.4	41.0	35.8	39.3	41.7	39.2	41.2	40.9	37.7	37.7	38.4	37.5	37.4	37.0	33.9	33.5	31.6	26.5	21.6	20.3	20.7	21.6	20.8
2018/01/16 16:02:46	48.6	23.7	23.7	33.7	33.7	42.1	42.1	44.1	44.1	41.8	39.1	41.1	35.4	39.2	40.2	40.4	41.4	40.3	37.4	37.4	37.4	37.8	36.6	36.9	36.4	35.3	33.5	29.4	24.3	23.1	22.5	23.1	21.8
2018/01/16 16:02:47	47.2	23.8	23.8	35.6	35.6	45.3	45.3	45.5	45.5	41.6	39.6	41.2	35.1	39.1	39.0	36.7	39.3	38.7	37.8	37.8	37.7	36.5	34.7	35.3	33.5	32.0	30.3	25.2	21.5	20.9	21.0	21.9	21.0
2018/01/16 16:02:48	48.0	23.6	23.6	37.1	37.1	46.0	46.0	45.1	45.1	41.6	41.6	41.0	36.3	39.9	39.8	38.1	40.2	40.1	38.4	37.3	37.2	35.9	35.3	36.8	34.7	34.7	34.3	28.8	23.6	21.6	21.6	22.0	20.7
2018/01/16 16:02:49	48.1	24.4	24.4	38.0	38.0	47.5	47.5	46.2	46.2	40.4	40.3	40.3	35.4	38.8	40.5	41.3	42.2	41.7	38.3	36.5	35.4	35.4	35.0	35.4	34.7	34.9	32.1	26.9	22.6	21.0	20.8	21.9	20.7
2018/01/16 16:02:50	47.2	24.1	24.1	36.7	36.7	46.7	46.7	46.1	46.1	40.6	39.5	38.7	35.1	38.5	39.6	37.9	41.2	41.0	37.7	35.5	35.7	35.2	33.7	33.8	33.1	33.3	34.1	28.2	24.5	21.6	21.3	22.1	21.0
2018/01/16 16:02:51	49.9	28.5	28.5	44.8	44.8	49.4	49.4	46.5	46.5	43.4	43.8	41.0	36.7	40.7	39.2	39.8	42.7	43.9	39.2	38.6	37.2	37.0	36.6	39.1	38.9	36.4	35.0	31.0	24.6	21.4	21.0	22.6	20.9
2018/01/16 16:02:52	55.6	26.2	26.2	38.9	38.9	43.1	43.1	44.1	44.1	42.4	43.2	42.0	36.3	39.9	43.6	45.3	48.7	46.8	42.8	43.6	39.5	39.0	43.6	46.5	42.2	42.0	44.0	47.4	37.3	30.5	25.7	23.8	21.6
2018/01/16 16:02:53	60.2	25.2	25.2	37.1	37.1	45.9	45.9	46.7	46.7	42.8	42.3	43.0	37.6	40.6	45.9	48.0	53.2	50.5	45.4	44.9	44.5	41.8	43.9	49.2	48.4	49.1	52.9	50.8	47.1	43.1	36.4	31.9	26.8
2018/01/16 16:02:54	59.2	25.0	25.0	35.4	35.4	45.2	45.2	47.0	47.0	45.2	41.2	44.0	41.0	45.9	49.0	52.8	56.0	49.4	44.9	45.1	41.9	40.6	46.0	47.6	44.6	47.4	50.0	47.1	40.8	35.2	33.7	29.5	25.7
2018/01/16 16:02:55	58.5	24.0	24.0	34.6	34.6	44.5	44.5	47.7	47.7	47.0	43.3	44.6	43.4	47.6	50.3	51.7	53.8	51.4	48.7	46.4	47.3	43.2	42.1	47.0	44.2	44.3	46.3	44.2	38.5	33.4	30.0	25.1	22.7
2018/01/16 16:02:56	61.6	24.4	24.4	40.3	40.3	49.6	49.6	48.8	48.8	43.2	42.1	44.1	39.3	42.8	45.1	48.8	51.6	47.7	47.8	46.8	44.6	43.3	45.4	49.5	50.5	52.0	54.8	53.8	47.9	42.9	42.7	34.1	27.8
2018/01/16 16:02:57	53.6	23.9	23.9	36.1	36.1	45.9	45.9	46.7	46.7	43.7	43.3	42.3	38.8	43.2	44.7	46.0	48.3	45.3	46.2	45.3	41.9	39.6	38.7	40.9	38.5	37.0	37.7	33.2	27.9	23.9	23.2	23.0	21.5
2018/01/16 16:02:58	52.9	24.3	24.3	35.8	35.8	45.4	45.4	45.4	45.4	42.5	42.5	41.0	37.8	43.0	44.1	45.1	48.3	45.5	42.0	43.2	41.6	39.0	37.8	39.7	41.5	39.0	36.9	33.7	26.2	22.9	22.3	22.6	21.8
2018/01/16 16:02:59	51.2	24.9	24.9	36.5	36.5	48.1	48.1	49.0	49.0	44.0	43.7	43.7	38.8	41.7	43.4	41.6	43.5	40.7	40.0	40.6	42.8	40.2	37.8	38.5	39.3	37.5	36.9	30.9	24.3	22.0	21.4	21.9	20.7
2018/01/16 16:03:00	54.1	30.4	30.4	36.4	36.4	47.4	47.4	49.0	49.0	45.4	45.6	45.5	39.8	45.9	45.3	46.1	48.4	43.7	45.1	44.9	44.7	42.2	40.8	39.2	41.1	39.8	38.4	33.9	26.9	22.7	22.3	22.7	21.6
2018/01/16 16:03:01	55.3	27.6	27.6	43.1	43.1	50.1	50.1	50.4	50.4	47.8	49.3	47.9	38.9	47.0	44.9	45.7	49.1	45.8	43.6	44.6	46.0	44.2	43.4	41.5	43.5	41.5	40.9	36.3	28.6	22.8	21.6	22.3	21.2
2018/01/16 16:03:02	56.1	23.5	23.5	43.7	43.7	51.0	51.0	48.7	48.7	48.2	48.5	48.3	41.7	48.6	46.0	47.3	45.1	43.5	43.6	44.0	45.2	45.5	45.9	43.7	46.0	44.7	43.7	38.7	31.2	23.9	22.5	22.1	20.9
2018/01/16 16:03:03	58.5	29.4	29.4	44.0	44.0	50.2	50.2	48.5	48.5	51.2	51.5	50.0	46.1	52.6	44.6	43.8	47.1	44.9	44.6	45.6	47.1	51.1	48.1	46.2	48.0	46.3	45.8	41.8	34.5	26.4	23.3	22.5	21.2
2018/01/16 16:03:04	66.6	25.3	25.3	39.9	39.9	49.3	49.3	48.9	48.9	51.8	54.1	49.5	45.2	55.9	61.3	58.4	54.5	51.5	53.7	52.9	56.7	57.9	55.3	53.8	55.8	53.3	54.4	53.0	44.1	39.5	36.6	33.2	30.8
2018/01/16 16:03:05	71.1	30.2	30.2	44.9	44.9	54.3	54.3	53.0	53.0	56.9	58.2	56.1	50.0	60.2	65.8	59.3	55.5	56.1	56.2	59.4	61.8	63.0	59.4	58.8	60.0	56.7	58.9	57.7	50.1	44.6	41.2	39.0	35.5
2018/01/16 16:03:06	63.7	30.7	30.7	48.2	48.2	55.8	55.8	53.7	53.7	53.8	53.9	54.4	48.3	54.5	59.7	50.5	50.7	52.8	50.8	49.7	54.3	55.9	50.7	51.2	52.1	49.8	49.8	48.2	39.1	31.7	28.8	25.5	23.5
2018/01/16 16:03:07	59.5	27.8	27.8	42.4	42.4	51.2	51.2	51.3	51.3	54.9	54.0	54.2	48.2	51.2	55.4	49.6	49.3	48.4	48.4	44.7	48.1	52.3	45.9	46.7	47.2	45.7	45.1	42.0	34.5	26.0	24.0	30.8	21.8
2018/01/16 16:03:08	54.7	26.1	26.1	41.6	41.6	51.1	51.1	49.8	49.8	46.3	45.2	51.0	48.2	43.5	45.4	40.5	40.8	40.8	40.0	41.1	45.5	48.0	41.4	44.9	41.9	40.9	39.8	36.0	28.8	22.8	22.6	22.1	21.1
2018/01/16 16:03:09	51.9	27.5	27.5	42.4	42.4	52.0	52.0	51.1	51.1	48.8	42.8	45.5	44.5	41.9	41.1	37.0	39.6	39.6	40.0	40.0	44.3	42.4	39.3	42.3	39.2	38.1	37.0	32.3	26.0	22.1	22.7	22.3	21.2
2018/01/16 16:03:10	51.5	27.2	27.2	42.0	42.0	51.8	51.8	50.2	50.2	44.8	42.8	46.5	46.8	43.0	41.8	38.1	40.1	39.7	41.2	42.0	43.2	41.9	40.7	39.2	37.1	36.5	35.8	30.3	25.1	21.9	22.4	22.2	21.2
2018/01/16 16:03:11	49.8	23.6	23.6	40.9	40.9	49.6	49.6	49.7	49.7	46.7	45.3	46.7	42.4	42.4	42.1	38.2	39.2	38.9	40.5	39.8	40.0	40.8	38.7	36.4	35.7	34.3	33.7	30.0	24.0	21.5	21.4	22.3	21.3
2018/01/16 16:03:12	49.7	25.3	25.3	42.1	42.1	50.4	50.4	49.4	49.4	46.4	44.4	45.6	39.1	44.0	43.4	37.2	39.4	38.2	40.1	41.2	40.0	40.4	38.6	35.7	35.0	33.8	33.0	29.2	23.7	22.0	21.8	22.6	21.7
2018/01/16 16:03:13	49.6	27.9	27.9	41.9	41.9	52.4	52.4	51.4	51.4	45.9	43.4	44.0	41.1	44.5	41.7	38.7	39.5	38.8	40.5	39.1	40.4	40.3	39.1	34.8	34.3	33.6	33.3	28.9	24.1	22.4	22.5	22.7	21.7
2018/01/16 16:03:14	52.8	28.2	28.2	44.8	44.8	55.1	55.1	53.6	53.6	47.3	47.0	46.8	40.4	46.2	45.6	41.1	43.2	42.4	43.4	43.4	44.0	43.5	42.6	38.2	37.0	35.3	35.0	30.0	24.6	22.9	22.6	22.8	22.0
2018/01/16 16:03:15	57.3	28.2	28.2	40.2	40.2	53.4	53.4	54.2	54.2	49.9	51.8	50.9	45.3	51.9	52.9	46.9	48.0	47.2	47.8	48.8	47.0	47.9	46.7	42.9	40.5	39.2	37.7	33.1	27.2	24.5	24.2	24.5	22.7
2018/01/16 16:03:16	66.6	30.3	30.3	43.5	43.5	58.2	58.2	59.7	59.7	54.4	54.1	54.4	49.4	56.9	58.0	53.0	55.0	56.1	57.5	58.0	56.9	56.6	57.3	54.4	53.4	49.3	48.3	43.3	36.3	31.7	29.0	29.9	25.6
2018/01/16 16:03:17	65.0	30.8	30.8	45.4	45.4	60.9	60.9	62.3	62.3	55.6	51.8	52.3	48.8	56.3	59.6	52.2	54.5	56.0	56.3	56.5	56.2	55.3	53.2	51.0	50.3	45.9	46.3	41.9	34.1	30.1	28.2	28.5	24.9
2018/01/16 16:03:18	59.0	28.9	28.9	41.6	41.6	56.4	56.4	58.3	58.3	51.4	48.0	51.5	45.2	52.2	54.5	46.6	48.9	48.5	49.8	50.5	51.2	49.9	46.6	43.6	40.8	40.4	39.6	34.3	29.0	26.1	25.1	26.4	21.9
2018/01/16 16:03:19	57.7	25.7	25.7	37.1	37.1	51.7	51.7	55.0	55.0	51.2	45.3	48.0	44.4	50.7	50.8	43.9	53.4	48.4	47.7	48.8	47.5	48.0	45.5	42.9	40.9	39.4	38.0	33.2	26.2	23.2	23.0	22.7	21.0
2018/01/16 16:03:20	57.5	24.1	24.1	41.3	41.3	51.1	51.1	52.2	52.2	48.8	46.3	48.3	44.1	51.1	51.0	44.5	48.6	47.3	48.1	49.1	50.0	47.5	45.8	43.0	39.4	38.1	36.3	29.4	22.9	21.0	21.0	22.0	20.6
2018/01/16 16:03:21	59.2	32.1	32.1	48.7	48.7	61.6	61.6	61.7	61.7	54.7	55.1	55.7	49.3	53.9	52.4	47.3	47.7	48.3	49.9	49.9	51.0	48.7	47.4	45.4	43.8	43.8	42.3	37.4	30.1	26.0	24.1	24.2	22.7
2018/01/16 16:03:22	66.8	27.5	27.5	39.9	39.9	62.4	62.4	68.6	68.6	63.9	53.0	57.1	48.3	59.6	63.8	51.9	53.8	54.1	55.9	56.4	57.9	55.9	54.5	54.2	54.6	54.8	53.0	49.1	40.6	37.0	36.0	35.8	33.6
2018/01/16 16:03:23	64.4	27.5	27.5	39.7	39.7	51.0	51.0	61.7	61.7	61.7	52.2	56.9	50.4	56.6	58.2	52.1	52.3	54.0	55.6	55.3	54.5	54.2	51.4	50.7	51.4	52.0	49.8	45.6	35.2	30.1	28.5	27.5	25.6
2018/01/16 16:03:24	59.3	24.0	24.0	35.6	35.6	48.3	48.3	53.7	53.7	53.3	46.9	46.1	42.4	49.5	53.1	50.4	48.1	50.1	49.0	50.5	50.4	49.9	47.2	46.6	45.1	44.5	42.7	36.3	28.7	23.2	21.9	22.1	20.8
2018/01/16 16:03:25	54.2	26.8	26.8	41.6	41.6	50.4	50.4	49.9	49.9	45.2	44.0	44.4	38.9	45.1	50.1	48.0	45.4	43.9	45.4	45.1	45.7	44.2	41.9	39.2	35.7	33.8	31.4	25.8	20.9	20.4	20.8	22.0	21.0
2018/01/16 16:03:26	53.5	30.6	30.6	42.8	42.8	55.2	55.2	55.2	55.2	45.6	41.9	43.3	40.0	46.1	49.9	47.0	43.9	45.0	45.0	44.8	44.3	42.8	40.8	38.4	34.7	33.2	31.0	25.2	20.9	20.4	20.8	21.8	20.9
2018/01/16 16:03:27	53.5	30.8	30.8	43.1	43.1	57.5	57.5	58.3	58.3	46.5	40.7	42.3	37.7	43.8	49.5	47.1	43.4	44.7	44.7	44.2	44.8	43.8	40.6	37.8	35.6	33.9	30.4	24.0	20.6	20.2	20.9	21.7	20.8
2018/01/16 16:03:28	52.2	24.4	24.4	35.8	35.8	50.6	50.6	52.2	52.2	44.0	40.0	40.4	35.7	42.5	46.4	46.0	42.5	43.8	44.5	43.6	42.3	42.4	39.0	37.0	35.1	33.4	29.5	23.0	20.3	19.9	21.1	21.8	20.6
2018/01/16 16:03:29	51.0	23.2	23.2	30.7	30.7	43.7	43.7	47.5	47.5	42.8	39.7	38.4	36.4	40.6	43.8	43.5	42.9	42.7	42.9	41.9	41.9	41.6	37.9	34.9	34.5	32.9	28.9	22.4	20.2	19.9	20.6	21.7	20.5
2018/01/16 16:03:30	48.7	23.2	23.2	32.8	32.8	43.4	43.4	45.6	45.6	40.0	37.8	37.8	36.4	39.9	42.7	42.2	40.5	40.4	40.0	40.9	39.2	38.4	34.5	33.5	31.8	30.2	26.7	21.4	20.0	20.1	20.9	21.7	20.7
2018/01/16 16:03:31	48.6	23.8	23.8	33.6	33.6	43.6	43.6	44.7	44.7	38.8	37.3	37.7	33.6	38.5	41.4	40.3	40.2	40.2	40.3	40.8	39.5	38.6	34.6	32.2	31.8	32.8	30.0	22.2	20.0	20.1	21.0	21.6	20.8
2018/01/16 16:03:32	45.2	23.8	23.8	36.5	36.5	44.7	44.7	45.2	45.2	40.5	37.2	38.0	35.6	39.2	38.4	38.9	38.0	36.6	36.6	36.7	35.0	34.2	31.6	29.8	29.2	28.4	26.0	21.3	19.9	20.1	20.6	21.7	20.6
2018/01/16 16:03:33	43.6	25.6	25.6	37.6	37.6	45.3	45.3	46.2	46.2	41.1	37.3	36.2	32.5	37.4	38.0	35.9	35.4	35.4	35.1	34.0	32.7	32.7	29.4	28.8	28.7	28.8	25.9	21.8	19.8	20.3	20.8	21.5	20.6
2018/01/16 16:03:34	43.1	25.8	25.8	39.7	39.7	46.1	46.1	45.3	45.3	41.2	36.9	36.5	36.8	38.9	38.0	34.9	35.4	35.1	34.1	32.7	31.1	31.7	28.4	28.1	29.0	28.7	27.0	22.7	20.5	20.5	21.0	21.8	20.8
2018/01/16 16:03:35	42.2	23.6	23.6	34.4	34.4	42.0	42.0	42.6	42.6	38.6	36.6	36.2	33.8	35.8	35.7	33.5	34.6	34.3	33.1	31.1	30.9	30.2	28.3	28.8	28.6	28.9	27.2	23.5	20.6	20.4	20.8	21.7	20.6
2018/01/16 16:03:36	42.9	25.9	25.9	36.3	36.3	42.1	42.1	42.1	42.1	37.6	35.4	36.6	34.1	37.2	39.0	34.8	35.0	34.1	34.5	32.3	31.5	30.7	28.3	28.4	29.3	29.7	28.1	23.8	20.8	20.8	21.2	21.8	20.9
2018/01/16 16:03:37	43.5	24.8	24.8	37.1	37.1	43.3	43.3	42.9	42.9	40.2	36.5	38.3	33.9	37.0	36.5	34.1	34.3	34.2	33.8	32.3	30.7	31.9	29.1	29.4	32.3	32.2	31.6	27.8	23.1	22.4	22.8	23.8	22.9
2018/01/16 16:03:38	44.1	25.0	25.0	39.8	39.8	47.9	47.9	48.8	48.8	44.9	40.5	41.5	36.8	43.0	39.7	33.0	36.3	35.5	34.4	33.5	31.7	30.8	30.0	29.9	29.8	29.8	28.3	23.2	20.8	20.5	21.0	21.8	20.9
2018/01/16 16:03:39	43.2	23.0	23.0	41.0	41.0	48.2	48.2	45.1	45.1	38.6	37.7	38.3	33.4	37.1	37.3	34.3	34.9	33.5	34.1	31.5	32.2	32.0	29.1	30.2	30.2	29.8	29.9	26.0	22.5	21.9	22.0	22.7	21.7
2018/01/16 16:03:40	43.7	23.5	23.5	37.6	37.6	46.1	46.1	44.5	44.5	38.8	37.7	39.2	37.2	38.9	37.1	35.6	35.4	35.3	34.6	32.9	33.1	32.5	29.6	29.9	29.4	28.9	29.1	24.8	22.4	21.5	22.0	21.9	20.8
2018/01/16 16:03:41	44.2	22.5	22.5	34.7	34.7	43.6	43.6	43.4	43.4	39.9	36.7	38.6	37.1	39.3	37.7	34.6	35.5	36.4	34.4	34.4	33.3	32.8	29.8	32.5	31.1	29.1	28.5	23.2	20.4	21.1	21.3	22.6	21.3
2018/01/16 16:03:42	45.2	23.7	23.7	37.2	37.2	46.1	46.1	46.0	46.0	40.2	36.9	40.5	37.8	40.5	38.2	35.3	36.2	37.0	36.0	36.2	34.3	34.6	31.3	30.6	31.5	29.6	30.3	24.6	20.7	20.5	20.9	22.0	20.7
2018/01/16 16:03:43	47.2	23.6	23.6	35.3	35.3	43.9	43.9	43.9	43.9	41.4	39.5	40.2	37.3	41.7	39.4	35.8	37.8	41.6	37.4	37.6	36.4	36.6	33.6	33.8	32.8	31.3	32.6	26.7	21.7	20.8	20.9	21.9	20.9
2018/01/16 16:03:44	49.8	22.9	22.9	32.9	32.9	44.7	44.7	46.1	46.1	41.6	40.8	44.3	39.5	45.4	40.8	38.0	39.9	43.5	39.7	40.8	39.3	39.6	36.6	35.6	35.3	33.8	35.4	29.6	23.0	21.0	21.3	22.1	20.8
2018/01/16 16:03:45	53.8	23.8	23.8	34.4	34.4	46.2	46.2	48.4	48.4	44.3	45.7	49.2	42.3	49.8	46.6	40.5	44.3	45.9	42.9	44.1	43.1	43.0	41.9	41.0	40.0	39.0	40.4	34.7	28.2	24.5	23.7	24.1	22.6
2018/01/16 16:03:46	61.1	23.7	23.7	34.5	34.5	52.9	52.9	57.6	57.6	52.1	47.4	50.5	43.1	56.2	52.4	44.6	47.9	49.8	49.7	51.4	50.1	52.0	50.0	49.4	49.0	46.3	49.6	44.4	36.3	33.0	32.2	33.1	30.0
2018/01/16 16:03:47	57.8	25.2	25.2	36.6	36.6	51.7	51.7	56.6	56.6	51.2	43.6	46.9	42.6	52.6	50.2	42.0	45.9	47.3	48.0	50.3	47.2	48.0	46.0	45.0	44.3	42.1	43.6	38.9	30.6	28.0	27.1	27.7	25.2
2018/01/16 16:03:48	51.9	24.1	24.1	34.0	34.0	50.0	50.0	55.1	55.1	50.0	43.9	45.3	40.1	45.4	44.4	37.3	41.9	41.7	41.6	42.9	43.9	42.1	39.2	39.0	37.2	35.9	36.9	30.1	24.2	21.6	21.7	22.3	21.0
2018/01/16 16:03:49	49.5	23.6	23.6	34.3	34.3	51.2	51.2	54.4	54.4	46.7	39.6	41.1	36.9	43.8	41.7	37.0	37.5	39.1	38.8	39.4	41.1	41.4	37.3	35.3	34.7	34.3	35.0	28.0	22.2	21.0	21.1	22.0	20.9
2018/01/16 16:03:50	46.7	24.5	24.5	35.5	35.5	47.5	47.5	48.3	48.3	41.0	37.1	39.8	36.2	41.8	38.9	36.7	38.1	39.3	35.6	36.7	37.1	37.4	34.5	32.1	31.6	30.9	30.8	25.1	20.9	20.2	20.9	21.6	20.6
2018/01/16 16:03:51	45.0	27.6	27.6	43.3	43.3	53.3	53.3	51.8	51.8	41.1	37.8	39.4	39.7	40.5	39.2	34.7	37.2	36.8	34.7	34.7	34.8	34.6	32.7	30.6	29.9	29.1	27.5	22.9	20.2	20.3	20.9	21.6	20.5
2018/01/16 16:03:52	43.4	25.5	25.5	43.1	43.1	50.5	50.5	47.9	47.9	38.2	35.3	39.0	36.7	37.7	37.1	33.7	35.9	34.7	33.8	33.8	33.5	32.5	29.5	28.8	29.0	28.6	26.3	22.0	20.2	20.1	21.0	21.8	20.7
2018/01/16 16:03:53	42.5	24.0	24.0	35.6	35.6	44.7	44.7	44.3	44.3	39.5	38.6	40.4	34.6	36.4	36.0	33.4	34.0	31.8	33.5	32.5	31.7	31.6	29.2	28.6	28.4	28.8	27.5	22.4	20.6	20.6	20.9	24.1	20.9
2018/01/16 16:03:54	44.0	26.3	26.3	38.2	38.2	45.9	45.9	46.8	46.8	44.2	41.6	41.7	36.0	38.9	37.3	34.2	35.0	33.4	34.3	32.3	33.1	32.8	30.9	30.8	29.9	31.0	30.7	25.0	23.7	22.7	24.0	25.9	28.5
2018/01/16 16:03:55	42.8	24.2	24.2	36.5	36.5	46.1	46.1	46.7	46.7	41.6	37.2	37.9	35.0	38.2	36.7	34.4	35.6	33.6	33.2	30.6	31.8	31.6	31.4	29.5	28.6	28.3	25.9	22.5	21.4	21.2	22.0	24.3	22.6
2018/01/16 16:03:56	44.2	24.7	24.7	37.3	37.3	46.9	46.9	49.1	49.1	43.0	38.4	42.3	37.9	39.8	38.2	37.0	36.0	36.1	34.4	32.3	32.2	32.8	31.8	30.6	30.2	29.7	26.2	22.5	20.2	20.0	20.9	21.8	20.7
2018/01/16 16:03:57	44.2	27.0	27.0	42.9	42.9	48.3	48.3	47.0	47.0	43.8	40.3	40.8	36.8	39.3	38.5	35.7	36.7	35.4	35.1	32.8	32.7	33.3	31.8	30.1	30.6	29.8	26.5	22.0	19.8	20.2	20.7	21.8	20.6
2018/01/16 16:03:58	45.3	26.9	26.9	44.0	44.0	49.8	49.8	48.9	48.9	45.7	41.4	42.0	34.5	38.8	40.3	36.6	37.6	38.0	36.1	33.8	34.3	34.4	32.6	30.8	30.5	29.7	26.4	22.2	20.1	20.3	21.0	22.0	21.0
2018/01/16 16:03:59	46.0	26.3	26.3	42.9	42.9	49.8	49.8	52.0	52.0	48.4	41.5	43.6	37.5	41.1	41.0	36.5	37.7	37.0	36.9	34.9	35.3	35.4	32.7	31.2	31.1	30.1	28.5	25.0	20.9	20.5	21.0	21.7	20.6
2018/01/16 16:04:00	47.6	25.4	25.4	48.3	48.3	54.1	54.1	49.5	49.5	45.0	41.2	45.4	38.9	40.6	42.1	37.3	39.2	39.2	38.0	36.7	37.1	36.7	37.3	34.1	33.6	32.0	28.6	22.8	20.9	20.4	21.0	22.0	20.8
2018/01/16 16:04:01	52.2	26.1	26.1	45.1	45.1	54.0	54.0	52.0	52.0	45.9	43.3	47.0	41.5	43.3	43.9	40.0	40.4	40.9	41.1	40.1	43.0	45.7	43.2	38.0	35.2	33.8	30.0	24.7	21.1	20.4	21.0	21.8	21.0
2018/01/16 16:04:02	56.1	34.0	34.0	47.2	47.2	58.6	58.6	59.1	59.1	54.1	54.5	56.2	49.9	50.9	48.7	47.5	49.0	49.7	46.5	42.4	44.0	44.2	43.4	41.1	41.5	41.3	39.4	36.2	31.7	27.2	24.1	22.7	21.3
2018/01/16 16:04:03	59.9	29.1	29.1	43.5	43.5	58.2	58.2	60.6	60.6	53.8	52.0	56.4	52.9	53.5	49.7	47.6	50.4	50.7	47.9	45.6	45.6	46.7	45.4	49.3	52.7	46.8	47.6	40.9	35.1	28.0	24.9	23.1	21.5
2018/01/16 16:04:04	57.2	29.1	29.1	44.2	44.2	61.3	61.3	65.7	65.7	59.4	49.9	52.8	50.1	52.0	51.1	46.4	46.6	48.1	48.2	47.0	46.4	46.4	45.9	43.6	42.1	41.4	39.8	35.5	29.4	24.8	24.0	22.2	20.9
2018/01/16 16:04:05	63.5	32.3	32.3	58.4	58.4	64.8	64.8	61.4	61.4	60.1	54.1	52.1	50.3	55.8	52.4	49.0	49.3	51.3	52.6	53.8	53.2	53.7	54.5	53.4	51.6	48.1	47.1	45.5	38.4	33.6	33.9	29.9	25.3
2018/01/16 16:04:06	64.4	30.3	30.3	54.7	54.7	61.0	61.0	60.4	60.4	62.2	55.2	53.0	49.1	54.5	51.3	48.6	49.7	52.8	54.3	53.9	53.2	54.8	55.6	53.3	53.4	50.8	48.2	46.0	38.0	33.9	32.9	29.8	25.4
2018/01/16 16:04:07	61.7	27.9	27.9	53.1	53.1	59.7	59.7	56.8	56.8	55.2	51.7	54.0	49.4	52.2	56.0	50.3	48.7	49.2	50.8	52.9	52.8	52.8	50.7	49.9	47.5	45.9	46.1	41.3	33.2	29.3	27.4	27.8	24.9
2018/01/16 16:04:08	62.0	28.7	28.7	53.3	53.3	60.5	60.5	56.5	56.5	57.4	54.7	53.6	45.1	50.3	54.6	49.7	49.6	50.6	52.0	54.2	53.6	52.3	50.6	49.2	47.8	46.3	46.0	40.6	33.3	29.8	28.3	28.9	25.6
2018/01/16 16:04:09	58.0	34.1	34.1	56.1	56.1	64.5	64.5	61.2	61.2	52.5	49.7	49.7	43.7	46.7	49.6	47.4	48.1	48.7	47.5	49.2	50.5	48.1	44.8	44.5	42.9	42.4	41.3	35.6	31.5	25.8	23.1	24.1	23.4
2018/01/16 16:04:10	57.3	31.5	31.5	51.2	51.2	60.3	60.3	57.5	57.5	52.3	51.5	51.6	46.2	47.4	47.2	48.2	47.0	47.0	47.5	47.3	51.0	47.8	45.0	42.2	41.6	40.5	38.3	31.7	25.0	21.7	21.6	21.8	20.9
2018/01/16 16:04:11	60.4	39.1	39.1	58.8	58.8	67.9	67.9	65.8	65.8	60.2	58.0	56.7	52.6	50.0	48.0	49.8	49.8	50.3	49.3	51.6	52.6	50.9	48.7	46.8	44.6	44.5	43.3	36.8	31.5	27.3	25.4	24.8	22.6
2018/01/16 16:04:12	63.6	36.2	36.2	56.6	56.6	65.4	65.4	62.8	62.8	59.8	58.1	56.6	50.6	52.7	50.6	51.1	54.1	53.4	55.6	54.5	55.3	53.8	52.3	51.4	47.8	45.7	46.4	42.1	34.3	28.3	27.5	26.9	25.1
2018/01/16 16:04:13	65.4	35.2	35.2	58.9	58.9	66.5	66.5	62.2	62.2	59.8	56.9	59.1	55.9	57.5	53.9	54.9	55.1	55.1	57.4	57.1	56.7	53.9	53.5	53.5	51.2	48.7	48.2	43.3	37.4	33.0	31.1	31.0	28.6
2018/01/16 16:04:14	59.9	30.0	30.0	54.8	54.8	62.1	62.1	57.6	57.6	55.2	51.2	56.2	52.5	51.1	48.6	48.0	47.6	46.9	50.4	50.6	49.9	47.5	44.9	45.5	45.6	48.4	49.9	48.8	42.6	36.4	31.4	27.2	23.7
2018/01/16 16:04:15	58.5	31.4	31.4	52.0	52.0	59.8	59.8	56.2	56.2	52.6	49.1	49.9	45.8	46.1	45.9	43.6	44.5	45.1	47.3	46.4	46.3	45.7	43.7	44.5	45.2	47.8	51.2	49.7	43.3	37.8	35.5	31.2	26.1
2018/01/16 16:04:16	52.8	29.7	29.7	45.9	45.9	54.7	54.7	53.1	53.1	48.2	45.2	47.8	45.8	45.6	46.1	42.0	43.6	43.9	45.2	44.8	44.1	42.0	39.2	37.4	35.9	34.9	33.3	29.9	25.4	22.5	22.0	22.7	21.7
2018/01/16 16:04:17	53.1	31.1	31.1	48.8	48.8	55.8	55.8	55.4	55.4	48.7	45.4	47.1	44.2	46.1	43.4	41.1	42.2	42.4	44.3	43.6	43.9	41.4	40.2	39.1	38.4	37.7	39.9	40.2	38.6	35.2	32.5	33.4	31.8
2018/01/16 16:04:18	54.6	30.9	30.9	48.1	48.1	55.0	55.0	53.3	53.3	48.0	46.0	47.1	42.9	47.3	47.6	41.9	44.9	45.8	46.1	46.8	44.8	44.2	42.6	40.5	39.6	37.5	38.1	35.6	31.7	29.5	28.7	29.1	27.9
2018/01/16 16:04:19	57.8	28.0	28.0	50.6	50.6	56.1	56.1	52.9	52.9	51.8	49.7	49.7	46.4	51.1	49.2	46.9	48.8	49.4	49.6	50.0	47.6	47.6	46.2	43.7	42.6	40.6	37.6	31.7	25.2	21.8	21.6	22.0	20.9
2018/01/16 16:04:20	67.5	33.9	33.9	54.7	54.7	62.7	62.7	59.7	59.7	54.7	52.1	54.9	52.0	55.9	54.0	52.6	55.5	56.5	58.0	59.3	55.1	58.2	58.5	56.6	54.9	53.4	51.5	47.3	39.4	38.0	33.2	31.6	35.1
2018/01/16 16:04:21	67.2	32.4	32.4	53.6	53.6	62.0	62.0	59.7	59.7	55.2	54.6	54.1	52.4	54.8	52.7	54.3	54.5	57.5	58.9	59.0	56.6	57.2	57.5	54.9	55.0	52.1	51.0	45.7	36.9	35.2	31.0	29.2	30.2
2018/01/16 16:04:22	61.6	32.1	32.1	47.2	47.2	58.1	58.1	58.6	58.6	50.6	50.0	52.7	50.5	52.1	49.7	48.7	50.3	49.9	52.7	54.3	52.8	52.3	51.0	48.1	46.7	44.6	43.1	37.6	29.9	25.4	24.6	23.5	22.2
2018/01/16 16:04:23	59.2	31.9	31.9	49.4	49.4	58.7	58.7	59.4	59.4	51.2	46.1	49.2	45.9	50.2	49.2	46.9	49.3	49.0	51.4	52.9	50.2	48.1	47.6	44.0	42.6	42.1	38.9	34.0	26.4	22.6	21.8	22.2	21.2
2018/01/16 16:04:24	60.1	31.7	31.7	53.8	53.8	61.8	61.8	60.4	60.4	53.1	45.9	49.0	45.6	51.6	49.7	48.8	49.5	49.4	52.3	53.8	51.8	49.0	47.1	46.0	43.0	43.6	38.9	33.5	26.5	23.0	21.5	21.9	21.0
2018/01/16 16:04:25	58.6	35.5	35.5	58.7	58.7	66.8	66.8	63.5	63.5	52.3	50.9	53.2	50.7	53.8	50.4	46.8	47.5	47.9	50.7	51.4	49.1	48.1	46.4	42.7	42.0	42.0	38.9	33.8	28.8	24.5	22.4	22.8	22.1
2018/01/16 16:04:26	60.2	33.6	33.6	60.4	60.4	66.6	66.6	62.0	62.0	55.0	51.8	54.1	50.7	54.7	53.0	49.2	49.1	48.8	51.1	52.5	51.5	49.3	48.4	46.0	44.4	45.5	41.8	36.6	33.6	29.1	25.7	25.6	23.2
2018/01/16 16:04:27	62.2	37.1	37.1	58.3	58.3	64.3	64.3	60.8	60.8	56.3	53.9	53.7	52.6	57.0	51.6	48.2	53.3	52.5	52.1	54.2	52.4	52.3	51.3	49.3	47.8	45.9	45.1	41.4	35.9	33.5	31.7	31.3	27.2
2018/01/16 16:04:28	62.7	38.9	38.9	57.7	57.7	63.9	63.9	62.1	62.1	57.5	53.2	57.7	54.8	55.7	52.6	49.6	51.7	52.2	52.7	53.8	51.7	51.5	51.5	50.5	50.1	50.8	49.7	44.7	36.1	32.7	30.4	30.5	28.1
2018/01/16 16:04:29	62.4	41.8	41.8	58.5	58.5	68.0	68.0	66.7	66.7	57.3	53.7	57.6	54.4	57.2	52.2	49.5	50.1	51.5	51.6	54.0	52.8	52.0	51.8	49.6	48.4	48.6	47.1	42.5	34.1	29.6	28.3	28.4	25.6
2018/01/16 16:04:30	60.4	37.8	37.8	53.9	53.9	63.3	63.3	64.5	64.5	60.1	55.3	60.1	54.0	56.4	52.5	48.6	49.0	49.5	49.7	51.2	51.3	50.2	48.0	46.9	46.1	45.3	44.0	39.7	31.0	27.3	26.0	25.6	23.5
2018/01/16 16:04:31	62.0	37.3	37.3	55.0	55.0	63.0	63.0	62.7	62.7	58.3	54.0	61.0	56.1	56.8	53.5	48.2	53.1	50.7	50.0	51.8	51.9	50.5	50.3	49.6	50.5	49.1	46.7	43.9	39.1	35.2	33.1	30.9	28.3
2018/01/16 16:04:32	63.9	36.3	36.3	55.0	55.0	64.8	64.8	64.5	64.5	63.9	60.0	59.5	54.7	57.7	53.1	48.5	52.2	51.7	50.4	53.9	53.1	52.4	53.4	53.0	52.3	52.1	51.7	47.2	42.0	38.8	37.5	34.8	31.9
2018/01/16 16:04:33	61.2	35.2	35.2	55.5	55.5	64.6	64.6	63.6	63.6	60.6	57.8	54.7	52.1	57.2	53.3	46.8	49.7	50.4	49.6	51.9	52.2	51.4	51.0	48.0	46.1	46.2	44.3	40.0	33.1	29.3	27.8	27.2	25.0
2018/01/16 16:04:34	59.4	35.6	35.6	52.3	52.3	62.4	62.4	62.4	62.4	58.3	57.4	54.7	51.5	55.9	52.8	47.5	48.9	48.4	48.0	49.7	50.6	49.1	47.9	46.9	44.5	43.5	41.4	36.7	29.8	25.8	24.2	24.4	22.7
2018/01/16 16:04:35	57.5	39.8	39.8	56.0	56.0	64.5	64.5	63.0	63.0	56.5	58.1	59.1	50.1	52.0	50.2	44.4	46.8	45.9	45.4	46.8	49.0	46.6	45.3	43.5	44.2	43.2	41.3	35.8	29.5	24.6	23.0	22.8	21.5
2018/01/16 16:04:36	58.5	39.5	39.5	55.3	55.3	66.8	66.8	67.2	67.2	59.0	60.6	59.0	49.0	52.4	51.3	45.6	47.4	47.0	45.5	47.9	50.4	48.3	46.3	45.3	43.7	42.9	40.5	34.3	26.4	22.4	21.9	22.4	21.0
2018/01/16 16:04:37	58.1	33.2	33.2	49.3	49.3	61.1	61.1	64.6	64.6	60.3	55.0	61.8	50.3	52.7	50.5	47.3	50.4	49.4	44.8	46.0	46.8	47.9	46.4	42.9	43.1	43.2	41.2	34.5	27.2	23.5	22.7	23.3	21.5
2018/01/16 16:04:38	62.6	30.8	30.8	46.9	46.9	54.8	54.8	65.4	65.4	70.0	64.3	60.5	62.7	59.6	54.6	50.9	56.0	54.2	48.9	48.6	50.7	50.0	50.5	48.0	47.9	47.6	46.1	39.9	32.3	26.3	24.5	23.9	22.1
2018/01/16 16:04:39	61.7	38.8	38.8	57.1	57.1	67.9	67.9	68.2	68.2	63.5	61.5	64.6	58.9	57.9	53.4	51.0	53.9	52.3	50.1	49.7	49.7	50.9	49.2	46.8	46.0	47.1	45.6	39.1	32.1	27.1	26.6	25.7	23.0
2018/01/16 16:04:40	65.7	43.7	43.7	61.2	61.2	71.6	71.6	70.6	70.6	67.2	67.6	62.3	55.4	60.9	55.9	51.8	55.9	54.4	52.0	53.8	54.7	54.3	55.0	53.7	54.9	53.3	51.6	45.7	38.3	35.2	35.1	34.8	31.8
2018/01/16 16:04:41	69.9	48.6	48.6	65.5	65.5	76.0	76.0	73.9	73.9	74.9	77.0	68.9	60.5	63.4	57.1	53.3	59.7	55.6	54.9	55.9	56.8	58.4	58.8	56.8	60.5	57.2	56.5	49.7	40.3	38.9	37.4	38.8	35.6
2018/01/16 16:04:42	64.5	36.7	36.7	52.7	52.7	63.5	63.5	63.3	63.3	70.2	73.3	65.8	55.3	54.8	52.9	50.2	52.4	51.5	50.2	52.1	52.8	53.8	54.0	51.9	51.6	49.5	47.2	41.3	33.1	31.2	29.0	28.9	25.1
2018/01/16 16:04:43	64.0	37.9	37.9	54.9	54.9	65.2	65.2	65.3	65.3	61.8	65.3	59.5	48.6	53.9	56.1	50.3	51.6	52.5	50.6	55.3	54.2	54.2	53.2	53.0	51.9	49.1	48.6	42.2	33.7	33.6	30.4	30.9	26.7
2018/01/16 16:04:44	58.5	36.3	36.3	50.6	50.6	62.1	62.1	63.8	63.8	55.5	59.2	59.0	48.1	50.8	51.3	45.8	49.3	48.5	47.1	48.5	49.3	49.4	46.6	44.3	44.1	42.9	40.9	34.8	26.6	22.8	22.0	22.3	21.1
2018/01/16 16:04:45	57.4	31.5	31.5	50.4	50.4	61.2	61.2	64.2	64.2	56.8	54.6	56.7	49.0	50.8	51.4	45.3	48.1	47.4	46.4	46.3	48.3	48.3	46.1	43.1	42.6	41.2	39.9	33.3	25.8	22.3	21.7	22.0	21.0
2018/01/16 16:04:46	57.8	33.8	33.8	52.5	52.5	63.7	63.7	66.1	66.1	58.4	54.6	57.3	49.2	52.0	51.5	47.9	48.6	48.3	46.8	47.6	48.1	48.1	45.4	43.6	42.8	40.2	39.9	34.5	27.6	23.5	24.1	23.7	22.6
2018/01/16 16:04:47	60.6	33.4	33.4	54.6	54.6	63.6	63.6	63.8	63.8	54.7	53.3	55.8	53.6	54.9	51.6	47.0	48.6	51.5	49.4	51.3	51.3	51.3	49.4	47.9	46.3	44.9	45.4	42.1	34.9	31.1	31.1	32.3	32.6
2018/01/16 16:04:48	62.3	32.2	32.2	54.9	54.9	61.4	61.4	59.0	59.0	54.6	54.2	56.5	52.7	52.8	52.8	50.4	51.2	51.7	52.1	53.9	53.4	52.5	51.5	50.1	47.3	46.2	47.5	44.8	36.3	33.0	33.6	34.3	33.4
2018/01/16 16:04:49	57.1	31.5	31.5	53.7	53.7	60.1	60.1	57.6	57.6	53.4	50.4	53.5	48.5	48.7	49.7	46.6	45.9	46.3	46.9	48.5	48.4	47.9	45.7	43.4	41.7	40.5	39.1	34.8	27.6	23.8	23.2	23.2	22.1
2018/01/16 16:04:50	61.4	33.9	33.9	56.3	56.3	62.3	62.3	58.7	58.7	57.6	53.8	55.2	49.4	50.9	52.5	49.8	48.0	53.6	49.7	52.1	53.1	51.8	50.3	49.3	47.1	43.9	44.2	39.2	32.0	28.5	27.1	26.9	25.2
2018/01/16 16:04:51	61.4	30.4	30.4	50.8	50.8	58.2	58.2	56.1	56.1	54.2	53.2	55.5	51.8	52.5	53.1	51.4	48.5	52.7	51.0	52.7	53.2	51.8	49.2	48.7	46.6	44.1	43.8	38.4	31.4	27.0	25.3	24.9	23.0
2018/01/16 16:04:52	57.6	34.1	34.1	53.7	53.7	60.0	60.0	57.6	57.6	55.5	53.5	57.2	52.1	52.7	50.4	47.6	47.8	47.9	44.7	45.8	48.5	47.7	45.9	43.0	44.2	43.4	41.7	37.1	31.7	26.0	23.4	22.9	21.2
2018/01/16 16:04:53	61.5	34.8	34.8	54.5	54.5	60.5	60.5	59.5	59.5	57.4	54.8	58.8	54.1	52.6	49.2	46.8	46.7	49.5	46.5	47.5	51.5	52.0	50.1	48.9	51.5	50.7	49.4	46.2	42.0	35.8	33.8	31.6	28.6
2018/01/16 16:04:54	65.2	40.7	40.7	59.0	59.0	62.7	62.7	60.7	60.7	61.1	58.3	60.3	57.1	56.1	51.1	48.5	49.9	50.9	47.5	50.0	53.4	56.0	54.0	53.6	56.1	54.4	55.2	51.8	46.2	41.5	39.7	38.2	34.8
2018/01/16 16:04:55	61.6	36.4	36.4	51.4	51.4	58.5	58.5	59.5	59.5	60.1	56.3	55.1	50.4	50.5	51.1	49.5	51.5	51.3	47.9	51.3	51.6	51.6	47.8	48.0	51.6	49.6	49.9	47.0	39.9	35.2	33.6	31.4	28.5
2018/01/16 16:04:56	56.8	33.2	33.2	49.4	49.4	59.9	59.9	61.4	61.4	61.2	54.4	52.7	49.3	49.5	47.6	47.7	46.5	46.8	45.2	46.6	47.2	46.6	44.6	43.3	43.5	42.4	41.7	37.3	29.5	24.0	22.4	22.3	20.8
2018/01/16 16:04:57	58.6	32.5	32.5	45.4	45.4	57.2	57.2	58.2	58.2	53.4	51.1	53.9	51.9	52.5	51.3	51.2	52.4	48.3	47.0	49.1	48.8	48.6	46.6	44.6	43.8	42.0	40.1	36.5	29.2	23.0	21.8	22.0	20.9
2018/01/16 16:04:58	62.0	30.0	30.0	44.7	44.7	58.0	58.0	61.9	61.9	56.1	50.2	54.9	56.2	57.5	53.9	52.0	51.2	52.3	50.8	51.9	52.5	52.6	51.8	49.5	48.0	46.1	43.3	39.4	31.8	26.2	24.0	23.3	21.8
2018/01/16 16:04:59	66.6	35.3	35.3	55.9	55.9	64.4	64.4	62.7	62.7	56.7	52.2	55.8	53.8	55.8	53.0	51.7	53.4	54.5	56.7	58.9	57.7	56.1	56.8	55.8	53.5	50.7	49.5	44.8	37.6	33.4	30.5	29.5	27.4
2018/01/16 16:05:00	57.9	33.7	33.7	48.5	48.5	55.4	55.4	56.4	56.4	52.5	49.5	51.2	46.0	47.6	48.1	46.4	46.1	46.5	47.8	49.5	50.4	49.1	47.5	45.2	41.6	39.6	36.6	30.9	24.0	21.3	21.2	21.9	20.7
2018/01/16 16:05:01	55.4	31.3	31.3	48.4	48.4	55.3	55.3	54.4	54.4	50.0	48.4	49.6	41.6	47.1	49.4	46.5	45.1	46.1	45.0	47.2	46.7	46.0	44.1	40.8	39.0	37.3	34.8	29.2	23.1	21.0	21.3	22.1	20.9
2018/01/16 16:05:02	57.5	29.7	29.7	49.6	49.6	54.8	54.8	54.6	54.6	53.1	54.9	56.7	45.5	50.2	54.3	48.0	47.8	48.3	47.2	49.3	47.5	47.6	45.4	42.2	40.2	39.4	35.4	30.4	25.5	21.8	21.2	21.7	20.8
2018/01/16 16:05:03	65.8	32.6	32.6	57.8	57.8	62.9	62.9	62.9	62.9	64.6	59.9	64.9	48.4	55.3	58.1	55.6	55.6	55.3	54.0	57.3	56.5	56.3	54.9	53.1	52.4	50.0	46.3	43.5	38.6	34.7	29.4	27.1	24.7
2018/01/16 16:05:04	63.5	28.8	28.8	54.7	54.7	60.0	60.0	60.9	60.9	62.8	59.9	65.0	47.6	54.2	56.4	53.1	54.1	54.2	53.1	55.6	54.1	52.6	51.5	49.4	48.0	45.8	43.4	40.0	31.0	27.9	25.8	24.5	22.8
2018/01/16 16:05:05	58.3	26.9	26.9	48.5	48.5	54.5	54.5	53.8	53.8	53.1	57.3	60.0	40.8	48.4	55.4	50.0	47.5	47.2	46.7	50.0	49.2	48.5	45.7	42.8	40.3	39.1	37.0	31.0	24.6	21.4	21.0	21.9	20.7
2018/01/16 16:05:06	55.3	26.3	26.3	45.1	45.1	51.0	51.0	51.6	51.6	51.6	48.1	48.9	41.6	46.8	53.3	47.6	44.6	44.5	44.9	46.6	46.3	45.6	43.2	40.3	36.8	35.3	32.7	28.0	22.4	20.5	20.6	21.6	20.9
2018/01/16 16:05:07	53.5	25.3	25.3	45.0	45.0	51.9	51.9	51.6	51.6	50.4	44.7	45.6	39.4	45.6	50.8	46.4	43.5	43.0	42.9	44.9	45.0	44.0	41.0	37.6	34.8	32.8	30.2	25.5	20.7	20.1	20.7	21.7	20.8
2018/01/16 16:05:08	52.9	27.0	27.0	42.8	42.8	51.2	51.2	51.6	51.6	47.2	42.2	44.4	40.9	44.2	49.3	45.8	43.4	42.2	43.9	44.3	44.7	43.5	39.6	36.3	33.6	31.6	28.9	23.8	20.1	20.0	20.9	21.7	20.5
2018/01/16 16:05:09	53.4	25.6	25.6	40.8	40.8	48.4	48.4	50.1	50.1	47.5	44.5	43.8	39.4	43.3	51.1	46.3	43.4	43.4	43.9	46.0	45.7	42.5	38.3	35.5	33.5	31.4	28.3	23.1	20.1	19.8	20.8	21.8	20.8
2018/01/16 16:05:10	54.2	26.5	26.5	43.0	43.0	50.5	50.5	50.7	50.7	46.1	43.3	43.4	39.2	44.7	49.3	48.5	46.0	45.9	46.9	46.4	45.6	42.3	38.6	36.0	34.4	31.8	28.3	22.8	20.2	20.1	21.0	21.4	20.9
2018/01/16 16:05:11	52.9	24.0	24.0	40.3	40.3	48.8	48.8	51.4	51.4	49.0	43.8	43.5	39.8	43.1	47.4	45.4	43.5	44.2	45.1	46.0	43.7	42.1	38.7	36.2	34.5	32.3	28.5	23.0	20.0	20.1	20.7	21.6	20.6
2018/01/16 16:05:12	52.3	24.5	24.5	43.6	43.6	53.5	53.5	54.6	54.6	49.3	45.0	45.7	39.6	44.4	48.2	43.3	43.2	44.1	45.2	43.7	42.9	41.8	38.0	35.7	33.8	32.6	28.7	23.1	20.1	19.8	20.7	21.7	20.7
2018/01/16 16:05:13	52.6	25.9	25.9	42.1	42.1	50.2	50.2	51.0	51.0	47.4	46.7	48.8	39.7	43.6	45.4	44.0	42.4	43.0	44.8	44.6	44.5	42.4	39.1	36.7	36.0	33.4	29.6	25.0	20.2	20.1	20.7	21.7	20.7
2018/01/16 16:05:14	52.9	28.7	28.7	46.3	46.3	52.4	52.4	52.1	52.1	49.7	42.7	51.0	43.4	44.1	45.3	43.1	42.3	44.2	44.3	43.1	44.3	43.1	40.4	38.8	38.2	35.6	31.8	26.9	20.6	20.3	20.8	21.6	20.9
2018/01/16 16:05:15	53.6	28.3	28.3	45.7	45.7	51.7	51.7	52.5	52.5	49.4	45.3	45.2	41.8	44.5	46.4	43.1	43.1	44.8	46.1	45.1	44.9	44.3	41.0	38.5	38.0	35.4	31.1	25.0	20.5	20.4	20.9	21.8	21.0
2018/01/16 16:05:16	54.4	25.9	25.9	46.2	46.2	52.4	52.4	53.7	53.7	50.7	44.7	47.7	42.6	47.0	46.1	43.8	43.6	46.7	46.9	45.7	44.8	45.4	42.1	39.4	38.2	36.6	33.0	27.2	21.8	20.6	20.7	21.5	20.5
2018/01/16 16:05:17	57.7	28.3	28.3	51.6	51.6	57.5	57.5	57.1	57.1	55.1	49.7	49.5	46.4	51.2	50.5	46.6	47.4	49.4	50.3	47.1	47.5	48.8	46.6	42.5	42.3	41.6	37.7	33.1	25.0	22.4	21.4	22.0	20.7
2018/01/16 16:05:18	65.1	33.2	33.2	61.0	61.0	68.7	68.7	65.9	65.9	60.3	56.6	53.5	50.6	55.0	51.3	51.8	52.5	55.8	55.7	54.9	54.0	56.3	55.7	52.9	52.1	50.5	49.9	46.1	36.9	33.3	31.3	29.5	25.7
2018/01/16 16:05:19	67.5	32.5	32.5	59.1	59.1	68.0	68.0	68.7	68.7	64.8	59.2	58.7	52.5	57.8	53.4	53.3	56.8	57.5	56.9	56.7	56.9	57.4	56.3	56.6	57.4	54.0	52.6	48.5	40.1	37.4	31.7	30.7	28.1
2018/01/16 16:05:20	65.9	31.7	31.7	52.9	52.9	63.6	63.6	65.1	65.1	60.2	56.7	56.8	49.9	58.4	54.0	50.6	55.5	57.4	56.9	54.8	56.5	54.4	53.9	54.9	55.2	51.6	50.1	45.6	36.9	33.3	29.5	27.9	26.1
2018/01/16 16:05:21	64.3	29.8	29.8	50.3	50.3	64.8	64.8	67.5	67.5	60.3	57.9	59.4	55.3	57.7	53.1	50.4	53.2	54.2	54.8	55.0	55.1	54.0	53.0	52.7	52.5	48.1	47.1	42.9	35.9	28.8	28.3	27.1	24.6
2018/01/16 16:05:22	68.1	35.2	35.2	48.3	48.3	66.8	66.8	70.4	70.4	63.4	59.3	60.8	56.6	59.6	54.8	51.9	55.7	56.8	58.4	59.3	58.3	57.6	56.9	57.0	57.7	52.1	53.4	48.1	39.9	35.1	34.2	33.9	30.8
2018/01/16 16:05:23	62.7	30.1	30.1	45.4	45.4	59.8	59.8	62.7	62.7	56.7	56.5	58.0	53.7	54.5	53.2	49.2	52.0	54.0	55.3	54.4	53.3	52.8	50.7	48.8	48.0	44.7	43.3	37.3	29.1	23.4	22.1	22.3	21.1
2018/01/16 16:05:24	66.2	29.7	29.7	48.3	48.3	58.9	58.9	61.9	61.9	58.1	54.3	55.3	52.1	59.9	56.1	52.9	54.2	55.9	58.2	57.7	55.7	56.7	54.2	53.3	54.0	51.6	51.6	45.3	36.7	32.7	30.4	29.5	27.9
2018/01/16 16:05:25	61.9	30.0	30.0	44.6	44.6	54.8	54.8	60.9	60.9	60.3	54.4	54.5	48.1	55.2	52.3	49.0	51.2	52.1	54.8	54.5	52.3	51.8	49.1	46.9	47.0	45.0	43.5	37.2	29.2	25.3	24.0	23.3	22.5
2018/01/16 16:05:26	59.4	27.9	27.9	46.9	46.9	55.5	55.5	59.5	59.5	55.2	51.7	52.9	43.2	52.0	50.8	47.2	49.3	49.2	50.7	51.7	51.4	50.6	46.3	44.0	42.4	40.7	38.9	33.0	25.6	21.7	21.2	21.7	20.9
2018/01/16 16:05:27	57.6	27.0	27.0	46.7	46.7	53.9	53.9	56.5	56.5	53.0	48.2	50.9	45.9	50.0	50.0	48.0	47.5	49.1	49.8	49.8	47.9	48.5	44.5	41.8	40.8	37.6	36.3	31.7	23.6	20.8	21.1	21.8	20.5
2018/01/16 16:05:28	56.3	26.6	26.6	46.1	46.1	53.7	53.7	55.4	55.4	51.6	46.2	49.2	44.0	49.7	48.4	44.7	47.1	47.1	48.9	48.7	47.0	47.0	43.0	39.7	38.1	35.6	34.0	28.3	22.3	20.8	21.0	21.7	20.5
2018/01/16 16:05:29	55.3	25.9	25.9	43.2	43.2	51.3	51.3	54.1	54.1	49.9	44.7	50.3	42.7	47.7	46.6	44.0	45.3	46.3	48.3	47.9	46.1	45.5	41.8	39.1	37.6	36.1	34.6	28.6	22.6	21.5	21.2	21.8	20.8
2018/01/16 16:05:30	54.5	30.1	30.1	46.7	46.7	53.8	53.8	53.5	53.5	50.9	48.3	51.4	48.4	49.7	47.1	43.3	44.7	45.8	46.5	46.8	44.6	44.4	41.2	38.8	36.8	36.4	35.6	30.2	23.9	21.9	21.6	22.2	20.9
2018/01/16 16:05:31	54.6	30.5	30.5	50.5	50.5	55.7	55.7	53.5	53.5	50.2	46.5	50.4	44.9	49.4	45.7	41.9	44.2	44.7	46.5	46.0	44.2	44.9	42.4	41.0	39.6	39.3	39.6	34.8	29.5	27.6	24.7	25.2	22.7
2018/01/16 16:05:32	56.9	35.3	35.3	50.3	50.3	54.4	54.4	52.7	52.7	50.1	48.3	49.9	46.5	49.1	44.0	41.7	44.6	45.8	46.8	48.1	46.2	45.7	45.4	45.2	44.6	44.0	45.6	42.1	34.5	33.3	30.4	32.3	29.0
2018/01/16 16:05:33	54.7	33.7	33.7	46.3	46.3	51.6	51.6	51.8	51.8	50.4	47.1	47.6	43.5	47.1	45.6	40.1	42.9	44.0	43.2	46.0	43.7	43.2	41.9	42.6	42.1	42.7	43.6	41.5	32.5	31.1	29.2	32.2	29.4
2018/01/16 16:05:34	52.5	33.3	33.3	50.2	50.2	54.9	54.9	51.3	51.3	47.8	45.6	46.5	41.6	45.0	44.4	40.4	44.3	42.7	42.9	43.6	43.3	41.7	40.2	39.2	37.6	38.7	37.4	33.9	26.0	23.8	22.5	23.3	21.5
2018/01/16 16:05:35	51.8	26.9	26.9	50.0	50.0	55.9	55.9	51.4	51.4	48.3	47.0	47.3	40.6	43.1	41.8	39.8	40.8	42.7	42.9	43.2	42.2	41.3	40.4	39.2	36.4	37.7	35.0	30.5	24.0	21.8	21.3	22.1	21.0
2018/01/16 16:05:36	56.9	33.1	33.1	56.1	56.1	64.1	64.1	60.2	60.2	51.1	48.9	49.1	44.0	48.5	44.7	42.4	47.8	46.6	47.9	47.8	48.3	46.1	46.7	44.1	41.8	42.5	39.1	35.0	27.1	25.0	24.3	23.2	21.7
2018/01/16 16:05:37	58.2	35.3	35.3	58.1	58.1	66.0	66.0	62.1	62.1	51.8	49.6	51.0	46.0	50.5	47.8	45.7	47.7	49.1	48.5	48.5	49.0	46.6	47.8	47.2	43.8	44.2	41.1	36.0	29.5	26.9	25.8	24.6	22.9
2018/01/16 16:05:38	56.4	29.3	29.3	50.5	50.5	58.2	58.2	55.4	55.4	50.1	46.7	48.5	45.5	50.6	46.5	43.2	44.6	46.0	45.8	47.1	48.5	45.6	46.0	44.4	41.6	42.7	37.9	34.6	26.8	24.1	24.0	23.4	21.7
2018/01/16 16:05:39	51.6	27.0	27.0	47.1	47.1	54.9	54.9	52.2	52.2	46.1	42.4	47.3	45.5	49.4	45.6	41.4	42.8	42.4	41.0	41.5	42.4	40.5	39.9	38.0	34.9	36.0	32.8	29.3	22.6	21.5	21.3	22.1	21.0
2018/01/16 16:05:40	48.7	27.4	27.4	50.3	50.3	57.9	57.9	54.4	54.4	45.6	44.6	47.1	41.9	45.4	42.7	39.3	39.7	39.7	38.5	38.9	39.3	37.5	35.4	34.1	32.5	32.9	30.9	27.2	21.4	20.9	20.9	21.9	20.7
2018/01/16 16:05:41	46.9	25.1	25.1	46.0	46.0	53.1	53.1	49.7	49.7	45.5	43.3	43.5	38.7	43.0	41.6	37.7	37.2	37.6	37.3	37.1	37.3	35.8	33.9	32.2	31.3	32.6	31.4	28.6	21.7	21.3	21.3	22.1	20.9
2018/01/16 16:05:42	46.7	28.7	28.7	43.8	43.8	50.6	50.6	48.6	48.6	45.6	41.1	43.4	39.3	41.1	42.7	36.9	37.9	35.9	37.1	36.8	36.2	35.3	33.6	32.1	31.7	33.0	32.4	29.9	22.1	21.6	21.2	22.0	20.8
2018/01/16 16:05:43	46.1	24.6	24.6	38.9	38.9	47.4	47.4	46.1	46.1	43.0	38.7	43.4	38.3	40.9	40.4	37.5	36.9	36.0	35.2	35.8	36.6	34.8	33.6	31.9	31.4	33.2	32.1	28.9	22.5	21.9	21.5	22.5	21.1
2018/01/16 16:05:44	48.0	34.0	34.0	50.0	50.0	54.2	54.2	51.7	51.7	46.7	43.6	48.4	46.4	45.8	39.7	37.6	37.6	37.4	36.7	36.8	36.9	35.0	34.7	33.7	34.1	35.4	35.3	31.2	24.4	22.6	22.2	22.9	21.6
2018/01/16 16:05:45	49.2	36.0	36.0	52.0	52.0	57.5	57.5	54.1	54.1	47.3	48.3	49.4	44.5	43.1	40.6	40.2	40.1	39.1	38.7	39.5	39.1	35.9	35.4	34.8	35.3	35.7	35.9	32.9	24.6	23.7	22.5	23.4	21.5
2018/01/16 16:05:46	50.3	31.5	31.5	49.5	49.5	58.7	58.7	58.4	58.4	49.5	48.7	49.0	41.8	42.0	42.6	41.8	41.0	42.0	40.4	39.7	41.1	37.8	36.2	36.3	36.7	35.1	35.7	32.1	25.8	23.1	22.4	23.4	21.7
2018/01/16 16:05:47	51.3	31.8	31.8	55.0	55.0	63.0	63.0	59.2	59.2	49.0	47.4	48.1	41.8	43.2	42.1	41.0	42.6	43.9	41.4	41.1	40.9	39.0	38.0	36.9	37.6	38.2	37.3	35.2	26.7	24.3	23.0	24.2	22.0
2018/01/16 16:05:48	54.4	41.2	41.2	49.7	49.7	60.9	60.9	60.1	60.1	51.6	54.0	52.8	49.7	49.4	44.8	44.4	43.3	47.4	43.7	44.4	44.1	41.9	41.0	39.3	41.1	40.0	40.0	37.3	28.7	27.1	25.1	26.6	23.5
2018/01/16 16:05:49	54.4	35.7	35.7	50.3	50.3	57.8	57.8	55.7	55.7	51.5	48.9	50.9	47.8	49.0	45.7	43.8	44.5	44.0	44.4	45.6	44.2	44.1	41.9	39.8	40.9	40.0	40.4	38.1	29.4	28.7	26.9	28.2	25.3
2018/01/16 16:05:50	58.3	29.1	29.1	41.0	41.0	48.8	48.8	53.2	53.2	52.4	50.6	49.6	44.9	48.6	46.8	46.7	47.8	50.8	48.1	49.7	47.5	47.8	47.8	46.4	44.7	42.5	43.4	40.3	31.5	29.4	28.1	29.6	26.9
2018/01/16 16:05:51	56.6	34.5	34.5	48.7	48.7	53.2	53.2	54.8	54.8	51.7	50.2	50.9	46.8	50.1	46.3	44.9	47.9	49.0	47.6	48.8	45.6	43.9	43.9	42.8	43.3	41.9	42.6	39.6	31.7	30.0	28.3	30.6	26.9
2018/01/16 16:05:52	57.7	38.7	38.7	52.1	52.1	56.0	56.0	55.3	55.3	53.6	53.6	54.5	51.2	52.7	45.7	46.8	47.9	49.9	47.3	49.3	47.5	46.4	44.2	42.8	43.9	42.5	43.7	42.6	32.4	33.1	31.2	32.8	28.4
2018/01/16 16:05:53	56.8	29.6	29.6	43.1	43.1	48.6	48.6	47.9	47.9	48.4	45.8	46.0	44.2	47.3	45.5	45.5	46.0	47.9	48.2	48.5	48.1	46.4	44.3	42.5	41.9	42.5	42.6	40.0	31.1	32.3	30.5	32.9	28.7
2018/01/16 16:05:54	57.0	36.8	36.8	49.8	49.8	54.3	54.3	55.0	55.0	52.1	47.5	50.6	50.3	51.0	45.8	45.5	45.6	46.1	47.1	49.7	45.7	45.1	44.4	43.6	43.5	44.2	44.7	41.6	33.9	34.0	31.1	33.9	30.1
2018/01/16 16:05:55	57.8	39.2	39.2	51.8	51.8	56.2	56.2	54.0	54.0	48.3	46.7	49.9	50.2	51.1	46.3	43.6	44.9	45.5	49.1	49.5	48.8	46.2	45.0	44.8	44.0	44.6	45.7	43.7	35.3	35.5	32.7	35.3	31.0
2018/01/16 16:05:56	57.4	39.8	39.8	49.0	49.0	53.1	53.1	55.0	55.0	49.3	47.2	51.2	48.1	48.4	46.3	42.7	43.2	46.9	48.4	49.3	47.2	45.5	43.3	44.1	44.8	45.1	46.7	43.9	35.7	35.4	33.0	35.8	31.5
2018/01/16 16:05:57	56.5	36.8	36.8	45.7	45.7	50.5	50.5	51.2	51.2	47.8	45.7	49.7	48.1	48.6	42.0	40.4	42.2	44.3	47.1	48.6	46.2	43.4	42.7	43.1	43.6	44.0	46.4	44.6	35.5	36.2	33.0	35.8	31.0
2018/01/16 16:05:58	55.3	25.6	25.6	39.9	39.9	47.0	47.0	47.6	47.6	45.2	45.1	46.9	41.5	43.9	43.6	40.4	42.7	44.8	46.5	47.7	48.0	41.6	40.3	39.8	41.8	42.6	43.0	41.1	31.6	32.5	30.7	32.3	28.4
2018/01/16 16:05:59	58.7	40.7	40.7	55.1	55.1	58.4	58.4	57.7	57.7	53.3	48.3	50.8	49.7	53.7	44.3	42.2	43.0	44.3	46.9	47.0	48.9	46.8	45.1	46.1	47.3	48.0	49.1	47.4	39.0	38.4	35.6	38.3	34.3
2018/01/16 16:06:00	56.7	37.5	37.5	48.8	48.8	52.8	52.8	51.9	51.9	49.4	48.5	49.3	46.8	48.2	41.6	37.9	39.5	43.1	45.4	45.3	47.7	41.8	41.7	43.8	45.4	46.6	47.6	47.0	37.7	37.3	34.2	37.6	33.6
2018/01/16 16:06:01	56.6	35.8	35.8	43.5	43.5	48.4	48.4	48.3	48.3	44.4	43.1	46.9	46.8	46.0	40.9	40.8	41.3	42.5	45.0	44.8	45.7	41.3	42.1	43.3	45.6	48.1	48.3	46.3	36.4	37.7	34.2	37.3	33.2
2018/01/16 16:06:02	55.8	30.7	30.7	38.9	38.9	45.2	45.2	47.7	47.7	47.2	47.5	46.8	42.8	43.9	40.5	38.0	41.8	41.2	44.4	44.1	44.6	39.5	42.5	43.8	45.6	46.8	47.1	44.7	36.0	35.2	32.8	35.6	32.2
2018/01/16 16:06:03	59.8	41.3	41.3	54.1	54.1	56.6	56.6	57.0	57.0	52.5	48.2	54.5	53.1	52.8	48.5	45.6	49.1	49.5	46.6	47.5	46.0	45.3	46.4	46.6	49.4	50.0	50.6	49.1	40.9	40.1	37.0	39.8	36.5
2018/01/16 16:06:04	56.6	34.6	34.6	44.3	44.3	49.4	49.4	51.7	51.7	48.5	46.8	50.5	50.2	53.7	44.1	44.5	46.8	42.6	42.8	42.3	44.2	40.4	42.6	42.9	46.1	46.2	48.3	46.9	37.4	36.3	33.7	38.2	33.6
2018/01/16 16:06:05	57.5	30.1	30.1	39.2	39.2	46.7	46.7	50.5	50.5	51.6	47.5	47.6	45.6	48.1	43.2	44.4	44.7	45.0	42.4	44.7	44.7	42.0	44.5	46.8	47.6	48.6	48.7	45.9	38.2	36.0	34.0	37.4	34.4
2018/01/16 16:06:06	58.1	24.9	24.9	41.2	41.2	47.2	47.2	47.7	47.7	48.0	46.3	48.7	43.0	45.1	44.3	41.9	44.9	46.7	47.7	46.9	45.2	43.0	45.4	47.7	48.7	49.2	47.5	44.0	37.5	35.0	32.6	35.8	32.5
2018/01/16 16:06:07	56.8	21.6	21.6	41.3	41.3	49.3	49.3	53.6	53.6	53.7	49.5	51.9	47.8	49.9	49.6	44.4	45.4	46.7	45.9	45.6	45.7	42.4	43.2	44.7	45.9	46.6	45.4	42.1	35.2	33.9	31.3	33.9	30.5
2018/01/16 16:06:08	59.0	40.3	40.3	55.2	55.2	58.6	58.6	57.6	57.6	54.7	50.3	53.4	53.9	55.0	48.8	43.9	43.2	42.9	43.4	45.5	44.4	44.8	45.6	47.9	49.5	50.2	49.4	47.3	40.1	38.3	35.5	38.7	34.7
2018/01/16 16:06:09	58.3	38.1	38.1	50.2	50.2	55.3	55.3	54.8	54.8	50.3	46.4	51.4	48.3	50.1	50.1	44.1	41.7	41.6	42.7	43.3	43.8	44.6	45.5	47.5	49.3	49.6	49.4	46.5	38.7	37.4	34.5	37.8	33.9
2018/01/16 16:06:10	56.4	31.6	31.6	44.0	44.0	52.5	52.5	51.7	51.7	49.2	47.2	47.3	43.1	47.5	50.9	44.7	41.6	41.9	42.6	41.9	43.2	42.5	42.3	43.5	45.0	46.0	48.0	48.0	40.7	37.1	34.0	37.1	33.6
2018/01/16 16:06:11	55.8	27.7	27.7	42.9	42.9	51.8	51.8	50.9	50.9	47.7	46.5	50.4	44.9	46.4	46.9	41.6	42.3	43.1	45.0	43.9	43.5	43.7	42.3	42.7	44.5	45.3	46.6	45.2	36.4	35.8	34.4	37.8	34.2
2018/01/16 16:06:12	57.8	23.2	23.2	40.8	40.8	49.4	49.4	51.7	51.7	50.3	45.3	49.7	45.5	46.1	45.9	44.1	44.0	46.1	46.6	47.2	46.6	46.9	45.4	45.5	46.8	47.6	47.4	43.6	35.1	34.0	32.3	35.1	31.0
2018/01/16 16:06:13	58.5	26.7	26.7	43.1	43.1	50.6	50.6	53.4	53.4	53.0	50.4	53.3	49.4	52.4	52.4	44.6	45.8	44.7	45.4	46.8	49.2	47.1	46.9	45.7	47.0	47.3	47.0	44.8	36.9	34.6	32.8	35.5	32.1
2018/01/16 16:06:14	61.2	29.6	29.6	43.8	43.8	50.7	50.7	54.6	54.6	53.6	47.3	50.2	46.7	49.1	48.0	44.5	45.1	47.5	52.8	51.1	52.0	50.5	49.3	48.6	49.6	50.4	49.8	45.7	39.1	37.9	35.3	38.5	33.9
2018/01/16 16:06:15	63.3	30.2	30.2	45.1	45.1	55.5	55.5	63.7	63.7	62.4	57.8	55.8	49.4	49.8	48.6	45.8	47.4	50.8	55.0	53.5	54.0	54.3	52.2	50.8	49.9	51.8	49.8	44.2	37.2	36.5	33.6	37.6	33.7
2018/01/16 16:06:16	63.7	42.5	42.5	51.2	51.2	60.7	60.7	69.1	69.1	66.0	51.2	59.3	51.2	53.2	49.5	47.5	50.4	52.0	51.8	53.8	54.3	53.3	52.8	50.9	51.6	51.7	51.4	48.1	39.8	39.0	36.2	38.7	34.6
2018/01/16 16:06:17	62.3	32.6	32.6	44.9	44.9	57.7	57.7	64.1	64.1	59.5	57.3	63.4	47.1	49.8	50.5	46.1	48.9	48.0	48.6	50.3	52.5	49.2	48.8	50.2	48.8	52.2	54.1	50.4	42.7	40.5	37.2	39.3	35.9
2018/01/16 16:06:18	63.6	40.7	40.7	51.5	51.5	58.4	58.4	62.9	62.9	57.0	57.2	61.0	52.4	53.2	52.8	48.5	48.9	49.7	49.5	51.2	51.9	50.2	50.1	50.7	52.7	55.1	55.1	51.1	44.4	42.1	39.0	40.7	37.4
2018/01/16 16:06:19	66.8	38.8	38.8	50.1	50.1	58.5	58.5	59.6	59.6	54.4	55.7	59.2	52.2	54.4	55.8	51.4	54.0	54.7	53.2	55.1	55.3	54.2	52.6	52.9	55.1	58.7	58.3	53.8	48.9	47.1	42.3	43.5	41.1
2018/01/16 16:06:20	67.9	39.2	39.2	57.0	57.0	61.2	61.2	58.8	58.8	53.9	51.3	55.6	53.0	56.3	56.4	52.7	53.2	52.6	52.5	54.9	55.2	57.4	57.3	55.9	56.7	58.3	59.6	55.2	49.4	47.5	44.1	46.1	43.0
2018/01/16 16:06:21	64.3	40.0	40.0	56.7	56.7	60.5	60.5	55.4	55.4	51.2	50.4	52.5	48.4	52.4	51.3	50.4	50.2	52.2	53.3	55.5	53.9	52.6	53.5	52.3	52.3	52.9	53.2	49.8	43.6	42.1	38.8	42.5	38.5
2018/01/16 16:06:22	62.5	34.9	34.9	48.4	48.4	51.8	51.8	51.6	51.6	50.8	49.6	51.5	48.9	50.7	53.2	49.9	49.3	51.5	52.4	54.0	52.5	50.8	50.7	50.4	49.4	50.6	50.7	47.4	39.9	39.7	36.2	39.9	36.1
2018/01/16 16:06:23	61.7	38.1	38.1	49.2	49.2	55.4	55.4	56.1	56.1	51.4	49.1	51.2	48.5	52.0	52.3	50.2	50.1	50.9	51.0	52.7	51.1	49.4	48.7	49.6	49.3	51.3	50.6	47.0	39.9	38.6	37.0	40.6	38.0
2018/01/16 16:06:24	62.0	34.2	34.2	46.7	46.7	57.1	57.1	57.8	57.8	51.8	50.0	51.9	47.9	50.4	52.7	49.1	50.7	50.9	50.3	53.8	53.0	50.6	49.3	48.6	48.8	50.4	50.2	47.4	38.7	39.2	36.3	40.0	35.7
2018/01/16 16:06:25	63.3	32.9	32.9	49.5	49.5	57.9	57.9	57.6	57.6	52.6	54.3	55.0	49.9	54.7	54.6	52.1	52.8	52.7	50.3	54.3	53.5	52.2	51.5	51.0	50.9	51.9	50.8	46.9	39.6	37.9	35.6	39.5	36.1
2018/01/16 16:06:26	63.9	31.0	31.0	51.2	51.2	59.5	59.5	59.4	59.4	53.0	53.2	51.8	47.7	52.9	52.9	49.8	51.1	53.1	51.9	54.8	53.7	52.1	52.9	52.0	52.7	54.0	50.5	46.8	39.0	36.5	34.6	38.2	35.5
2018/01/16 16:06:27	63.2	36.1	36.1	51.1	51.1	62.1	62.1	61.9	61.9	53.5	51.7	52.4	51.2	54.8	54.5	49.9	51.2	51.9	52.7	52.5	52.6	50.4	51.5	51.1	52.9	53.0	51.5	46.9	40.6	38.0	35.7	40.0	36.9
2018/01/16 16:06:28	60.1	37.0	37.0	53.1	53.1	64.5	64.5	63.2	63.2	50.8	50.2	51.8	49.4	52.9	50.7	46.9	46.6	47.4	47.7	49.1	49.0	46.5	46.4	48.0	48.5	51.8	50.3	46.2	38.0	36.4	34.2	38.6	35.0
2018/01/16 16:06:29	57.2	31.6	31.6	48.5	48.5	58.4	58.4	56.9	56.9	51.1	50.3	50.9	46.9	50.0	47.7	41.9	43.5	44.9	45.4	47.3	47.0	43.5	44.1	45.7	44.6	47.3	47.5	43.3	35.5	34.7	32.1	35.2	32.0
2018/01/16 16:06:30	75.6	33.7	33.7	50.4	50.4	60.0	60.0	57.2	57.2	50.2	51.2	51.8	46.2	53.9	51.6	54.3	55.3	56.7	55.6	54.7	56.9	59.6	64.3	66.7	68.3	67.3	67.4	61.0	49.8	44.0	39.2	40.7	36.4
2018/01/16 16:06:31	71.5	30.4	30.4	46.4	46.4	55.2	55.2	56.5	56.5	56.7	55.9	52.6	47.4	51.2	51.8	51.5	53.7	54.8	53.7	52.1	54.8	55.6	59.7	62.7	64.6	63.2	62.4	56.5	45.4	40.0	36.1	37.4	33.4
2018/01/16 16:06:32	58.1	29.1	29.1	47.5	47.5	54.7	54.7	53.8	53.8	52.8	53.8	51.9	46.6	46.3	45.3	44.7	45.8	46.2	45.1	45.8	44.7	43.6	43.1	47.9	48.0	48.9	49.5	45.2	37.2	35.2	33.1	37.1	34.2
2018/01/16 16:06:33	60.0	40.1	40.1	55.3	55.3	58.6	58.6	58.0	58.0	55.9	54.1	54.0	52.3	53.3	44.7	42.6	43.3	43.1	41.4	44.3	44.4	45.7	45.1	48.5	49.7	51.9	53.1	49.0	41.6	40.3	37.6	40.4	37.5
2018/01/16 16:06:34	56.9	35.6	35.6	45.1	45.1	55.1	55.1	58.4	58.4	57.3	48.7	49.7	44.8	43.8	42.5	38.8	40.4	38.9	39.8	41.0	41.6	41.4	41.1	45.1	45.3	49.3	50.0	47.5	38.7	37.7	34.0	38.4	35.5
2018/01/16 16:06:35	57.5	29.1	29.1	47.0	47.0	57.1	57.1	58.3	58.3	60.0	55.0	48.3	44.8	46.0	43.4	40.9	42.5	42.8	40.3	42.6	44.1	41.6	41.7	46.0	44.9	50.4	50.3	46.9	37.8	35.6	33.3	37.4	34.0
2018/01/16 16:06:36	58.3	31.5	31.5	49.4	49.4	60.0	60.0	59.9	59.9	62.0	62.3	53.8	47.8	50.7	48.3	47.0	47.6	46.5	44.0	44.3	42.3	43.2	42.7	46.1	46.3	49.8	48.9	46.4	37.7	36.3	33.9	37.9	34.9
2018/01/16 16:06:37	61.3	30.1	30.1	54.5	54.5	61.1	61.1	57.4	57.4	58.3	64.1	61.7	51.5	57.4	56.0	52.2	51.0	49.2	47.6	49.0	48.8	47.9	46.4	47.9	49.7	50.4	50.2	45.2	38.0	35.0	33.5	36.9	34.4
2018/01/16 16:06:38	62.9	36.0	36.0	52.5	52.5	59.1	59.1	68.3	68.3	72.3	68.1	60.4	52.9	52.4	47.9	42.8	45.4	45.7	49.4	48.2	50.7	47.2	49.7	50.9	52.5	53.1	53.2	47.1	40.5	38.5	36.4	39.7	37.1
2018/01/16 16:06:39	61.3	33.2	33.2	50.7	50.7	62.1	62.1	67.0	67.0	63.1	55.8	61.2	50.9	55.3	50.4	44.5	44.2	45.4	46.9	49.2	50.2	48.8	47.9	49.2	51.2	52.0	51.2	46.3	39.5	37.3	34.8	39.1	36.7
2018/01/16 16:06:40	64.4	40.9	40.9	56.5	56.5	64.9	64.9	74.1	74.1	72.5	57.6	59.3	55.9	56.9	53.3	48.3	47.7	50.6	49.6	49.6	52.0	51.4	50.4	51.3	53.7	55.0	55.1	50.9	44.1	42.3	39.4	42.4	39.0
2018/01/16 16:06:41	62.3	35.8	35.8	52.8	52.8	59.8	59.8	68.5	68.5	69.6	58.9	56.8	51.5	52.6	53.0	48.7	49.6	48.9	49.5	49.8	51.8	51.4	49.2	49.6	49.4	51.9	51.6	49.1	40.5	39.2	35.9	40.3	37.1
2018/01/16 16:06:42	60.7	35.8	35.8	56.6	56.6	64.9	64.9	63.0	63.0	60.8	56.6	53.4	51.0	50.3	51.1	47.5	49.7	47.5	47.1	50.0	51.5	50.5	47.9	47.0	47.0	49.5	50.7	46.6	38.4	37.6	34.6	39.1	35.0
2018/01/16 16:06:43	60.7	37.1	37.1	56.3	56.3	67.2	67.2	67.6	67.6	60.5	57.5	56.7	49.4	50.3	51.3	48.6	49.1	49.2	49.3	51.0	52.8	50.1	47.9	45.9	46.7	48.2	48.6	44.6	35.9	34.8	32.6	35.5	32.6
2018/01/16 16:06:44	62.3	35.8	35.8	63.9	63.9	70.5	70.5	66.6	66.6	60.8	56.8	57.0	51.9	51.7	53.3	52.0	51.8	52.7	52.1	52.6	53.4	50.5	49.6	48.7	48.6	49.3	50.7	45.8	37.7	36.4	34.4	37.1	33.4
2018/01/16 16:06:45	63.0	31.9	31.9	60.2	60.2	67.1	67.1	65.2	65.2	59.8	55.9	54.3	48.4	50.9	51.4	50.4	52.1	52.4	54.6	53.6	52.4	51.9	51.2	49.7	49.8	50.8	51.1	47.4	38.6	37.0	35.0	38.0	34.3
2018/01/16 16:06:46	61.5	32.0	32.0	53.2	53.2	60.9	60.9	61.3	61.3	59.4	52.7	54.1	47.8	51.0	49.9	47.8	49.8	49.6	51.2	54.2	52.6	50.5	48.4	47.4	47.7	48.8	49.7	45.6	37.7	35.7	33.0	37.4	34.1
2018/01/16 16:06:47	59.9	34.9	34.9	57.8	57.8	65.8	65.8	63.4	63.4	52.5	49.9	52.5	47.4	49.7	49.8	46.5	48.1	48.0	50.0	50.9	48.9	48.9	47.4	46.2	46.4	48.7	49.6	46.2	38.0	35.5	34.2	37.2	33.7
2018/01/16 16:06:48	65.8	33.9	33.9	54.2	54.2	63.0	63.0	61.4	61.4	53.8	52.1	54.8	51.0	59.1	52.3	53.9	53.3	57.8	52.2	53.6	52.3	51.3	51.9	53.4	55.0	56.5	57.4	52.7	46.4	41.7	40.0	42.2	39.3
2018/01/16 16:06:49	63.5	37.5	37.5	56.7	56.7	67.7	67.7	67.4	67.4	56.5	53.9	54.4	50.5	56.2	53.8	50.4	52.7	55.8	53.4	54.3	52.5	50.6	51.1	51.0	50.5	51.9	51.7	47.0	40.5	37.7	35.2	37.7	35.5
2018/01/16 16:06:50	61.0	38.0	38.0	57.3	57.3	66.9	66.9	65.4	65.4	54.9	51.8	53.1	47.2	52.1	54.0	48.9	50.5	50.9	50.8	52.8	51.1	48.6	48.1	47.2	47.4	48.4	49.0	45.9	37.5	35.7	33.6	36.2	32.7
2018/01/16 16:06:51	59.2	35.5	35.5	49.3	49.3	64.4	64.4	66.7	66.7	58.2	52.4	52.9	45.9	51.9	53.8	48.3	48.9	49.6	49.5	50.1	50.0	49.1	47.6	45.0	43.8	44.6	41.7	36.7	29.8	25.4	23.4	23.7	22.3
2018/01/16 16:06:52	62.3	27.3	27.3	44.5	44.5	57.3	57.3	64.6	64.6	60.8	51.8	61.2	49.9	56.6	56.1	52.5	51.1	52.8	51.5	52.0	51.8	50.8	51.3	49.7	48.7	50.0	47.7	41.4	34.9	30.4	27.7	27.6	25.3
2018/01/16 16:06:53	62.2	40.1	40.1	56.5	56.5	67.6	67.6	66.9	66.9	56.7	58.5	59.6	47.6	53.6	54.7	49.6	51.8	52.2	52.5	55.2	52.9	51.4	50.7	48.1	46.7	46.2	44.8	39.2	30.8	26.7	25.9	25.9	23.9
2018/01/16 16:06:54	60.4	35.9	35.9	51.2	51.2	63.1	63.1	62.2	62.2	51.2	51.2	50.9	45.7	47.0	52.8	50.4	49.4	50.4	49.7	51.9	52.4	51.2	49.4	46.5	44.8	45.2	42.8	37.7	32.5	28.0	25.9	25.8	24.8
2018/01/16 16:06:55	58.8	30.9	30.9	44.1	44.1	57.3	57.3	58.9	58.9	50.8	52.4	52.5	43.8	45.6	50.4	49.4	49.0	50.6	49.4	49.5	49.6	49.5	46.8	45.3	43.8	43.5	40.2	35.1	28.9	24.6	23.1	23.4	22.2
2018/01/16 16:06:56	57.6	26.2	26.2	41.5	41.5	52.1	52.1	54.9	54.9	49.0	46.6	49.9	45.0	48.1	48.7	49.0	47.4	48.9	48.8	47.2	49.5	48.1	45.9	44.2	42.2	40.0	38.6	36.5	32.6	29.1	25.7	25.3	23.3
2018/01/16 16:06:57	57.0	26.5	26.5	39.2	39.2	49.7	49.7	54.3	54.3	50.6	50.7	54.6	46.0	53.9	47.2	46.6	51.9	46.8	48.8	46.3	47.6	46.9	44.8	41.8	40.1	38.5	34.2	29.3	22.5	20.8	21.3	22.1	21.1
2018/01/16 16:06:58	54.8	24.1	24.1	36.6	36.6	46.1	46.1	49.5	49.5	46.5	44.9	48.8	38.5	43.1	43.3	45.1	45.2	45.8	46.0	44.6	47.0	45.4	43.3	40.1	39.0	39.4	37.8	34.6	24.7	22.3	22.0	22.4	21.1
2018/01/16 16:06:59	55.7	22.7	22.7	36.5	36.5	44.7	44.7	46.2	46.2	42.6	43.2	49.6	47.5	51.2	47.6	48.3	50.1	48.9	46.9	44.6	45.0	44.3	41.6	38.9	38.9	40.1	41.4	35.0	29.3	26.1	25.5	25.7	24.2
2018/01/16 16:07:00	54.3	23.9	23.9	36.3	36.3	45.9	45.9	45.7	45.7	45.6	48.6	50.0	43.8	47.7	47.9	45.7	42.6	48.1	45.1	44.4	43.3	44.4	40.2	38.9	38.6	39.7	40.7	35.6	30.2	27.1	26.2	25.7	24.1
2018/01/16 16:07:01	53.0	25.2	25.2	38.5	38.5	47.2	47.2	48.2	48.2	46.1	45.0	46.1	40.4	41.8	43.3	44.1	42.1	46.7	45.5	43.4	43.9	44.6	38.8	36.5	33.5	32.7	32.6	28.9	24.1	22.3	22.5	30.0	23.2
2018/01/16 16:07:02	54.8	23.9	23.9	36.2	36.2	47.2	47.2	48.5	48.5	43.9	44.6	47.3	39.5	41.4	45.9	45.3	43.0	50.4	46.5	45.3	45.7	45.5	39.5	37.6	35.0	34.5	35.8	31.8	29.8	28.8	27.5	32.9	31.3
2018/01/16 16:07:03	68.7	42.5	42.5	65.3	65.3	69.8	69.8	72.1	72.1	76.1	73.7	70.1	65.1	66.6	62.4	55.6	60.8	57.3	54.8	53.4	55.1	55.4	53.2	57.6	55.5	55.5	52.8	47.4	39.9	35.7	35.7	33.9	30.2
2018/01/16 16:07:04	48.4	26.2	26.2	43.7	43.7	51.1	51.1	50.1	50.1	45.8	44.0	42.5	37.4	39.4	37.0	36.5	37.2	40.9	40.8	36.8	38.7	35.8	32.7	33.4	34.5	37.0	37.0	32.9	28.0	25.1	24.2	25.0	22.8

