DataTime                     	dB(A)	16	20	25	31.5	40	50	63	80	100	125	160	200	250	315	400	500	630	800	1000	1250	1600	2000	2500	3150	4000	5000	6300	8000	10000	12500	16000	20000
2018/01/16 15:40:56	63.3	34.2	34.2	53.7	53.7	62.8	62.8	60.1	60.1	51.1	51.6	56.9	53.3	54.2	51.8	44.7	53.7	56.7	52.7	52.0	52.3	52.0	52.6	50.4	53.9	49.0	47.3	44.8	38.0	31.6	29.2	27.7	24.6
2018/01/16 15:40:57	61.8	31.8	31.8	51.9	51.9	61.3	61.3	58.8	58.8	48.4	47.3	53.8	51.6	54.8	48.5	44.2	53.2	54.3	53.6	53.1	51.2	49.3	50.4	49.7	49.7	46.5	44.3	39.6	35.3	31.5	34.1	30.9	32.8
2018/01/16 15:40:58	60.2	31.3	31.3	45.5	45.5	50.6	50.6	50.5	50.5	49.8	48.6	50.9	46.7	52.7	49.1	41.9	47.8	51.7	50.9	51.5	51.8	48.8	49.3	48.8	46.7	43.2	43.7	38.8	31.5	26.0	24.3	23.6	21.8
2018/01/16 15:40:59	57.4	31.2	31.2	46.9	46.9	50.5	50.5	49.8	49.8	49.0	48.7	47.7	46.4	51.6	45.4	38.0	43.8	46.9	47.8	49.3	50.1	46.8	45.9	45.7	43.3	41.1	37.6	32.2	25.0	22.2	21.7	22.2	21.2
2018/01/16 15:41:00	54.8	29.3	29.3	45.6	45.6	49.2	49.2	47.0	47.0	47.8	48.5	49.0	44.1	50.6	44.2	39.5	40.6	44.7	44.0	46.4	47.7	45.1	44.0	40.9	38.5	37.7	33.7	28.6	23.4	22.0	21.9	23.0	21.4
2018/01/16 15:41:01	52.8	28.9	28.9	47.5	47.5	52.7	52.7	51.1	51.1	49.6	48.4	46.7	44.2	51.0	43.7	37.4	39.2	40.5	42.2	44.1	46.1	42.6	41.6	38.9	35.4	34.9	30.5	26.0	21.4	20.8	21.0	22.0	20.7
2018/01/16 15:41:02	50.9	27.7	27.7	43.3	43.3	52.5	52.5	51.3	51.3	48.2	46.9	47.8	45.5	51.3	43.8	38.1	39.6	41.0	41.0	41.5	42.8	39.5	38.0	36.0	33.0	32.6	28.4	23.9	20.6	20.6	21.2	21.9	20.6
2018/01/16 15:41:03	50.9	25.5	25.5	40.0	40.0	51.8	51.8	54.6	54.6	51.2	49.3	48.8	44.0	48.7	42.2	36.8	37.8	40.8	42.3	41.4	44.0	39.9	36.9	35.1	32.9	31.7	28.7	24.1	21.3	20.7	21.1	21.9	20.8
2018/01/16 15:41:04	51.0	26.7	26.7	40.9	40.9	49.8	49.8	51.8	51.8	50.1	49.3	49.0	45.2	48.0	42.7	36.9	38.9	39.4	40.9	42.1	43.1	40.2	37.5	35.7	37.8	35.0	32.6	30.6	29.5	29.1	27.6	26.2	26.6
2018/01/16 15:41:05	50.5	27.8	27.8	41.8	41.8	49.6	49.6	52.0	52.0	49.8	46.9	51.5	43.6	47.8	43.1	37.8	39.9	40.3	40.7	42.4	42.3	40.0	36.7	34.6	32.0	32.1	27.7	24.4	20.8	20.6	21.0	22.0	20.8
2018/01/16 15:41:06	49.6	27.4	27.4	41.1	41.1	51.6	51.6	54.4	54.4	51.3	45.6	48.5	43.7	45.9	41.2	36.2	38.8	40.2	40.9	40.9	41.9	38.5	35.2	33.4	31.2	31.8	28.4	25.4	22.4	21.5	21.3	22.0	21.0
2018/01/16 15:41:07	50.0	26.7	26.7	41.1	41.1	52.0	52.0	55.0	55.0	52.2	46.5	48.9	43.2	46.5	41.3	35.1	38.0	39.8	40.6	40.9	41.1	38.6	36.1	36.2	35.9	34.8	33.2	31.2	29.8	27.3	23.3	24.2	23.5
2018/01/16 15:41:08	49.9	27.8	27.8	40.9	40.9	54.2	54.2	56.3	56.3	51.9	47.3	48.1	42.9	46.2	41.0	34.9	38.5	39.5	40.2	39.7	39.1	39.2	37.3	38.5	33.8	33.4	32.7	36.1	34.8	27.7	23.2	23.5	21.7
2018/01/16 15:41:09	50.4	23.5	23.5	41.6	41.6	51.7	51.7	54.4	54.4	50.2	43.3	48.1	43.7	46.4	42.4	36.0	38.8	39.8	40.3	39.2	39.7	38.3	37.2	39.1	37.7	38.7	36.5	32.5	31.0	27.0	23.9	24.2	21.9
2018/01/16 15:41:10	53.7	27.3	27.3	40.7	40.7	51.4	51.4	55.4	55.4	52.1	43.8	47.7	44.1	47.8	42.9	53.8	42.5	39.5	41.9	40.7	41.6	42.3	39.2	40.0	39.4	39.1	35.0	34.2	32.3	29.3	28.8	26.9	26.0
2018/01/16 15:41:11	51.3	28.5	28.5	43.4	43.4	52.0	52.0	56.9	56.9	55.1	48.4	46.9	42.2	48.0	42.8	36.7	38.1	40.7	41.3	41.1	41.7	41.2	41.0	40.2	36.0	33.9	32.4	27.1	22.5	21.6	22.3	22.5	21.2
2018/01/16 15:41:12	53.2	24.4	24.4	39.9	39.9	50.6	50.6	55.5	55.5	54.1	50.4	50.4	45.4	47.3	44.3	39.8	38.5	41.8	43.4	42.3	44.0	44.2	43.0	43.0	38.1	35.5	32.1	27.1	22.1	20.8	21.0	22.1	20.8
2018/01/16 15:41:13	54.2	24.9	24.9	38.7	38.7	50.7	50.7	55.9	55.9	52.9	45.7	51.1	46.1	49.7	45.5	43.3	40.4	43.0	43.1	43.3	45.3	45.7	44.2	42.5	38.3	36.4	33.4	27.9	22.7	20.8	20.9	21.9	20.9
2018/01/16 15:41:14	58.3	31.9	31.9	48.5	48.5	60.0	60.0	62.1	62.1	56.9	53.2	61.3	49.5	53.2	47.5	44.3	45.6	47.5	48.1	47.1	47.7	49.1	47.7	46.9	44.0	41.6	39.5	35.8	29.3	23.7	21.8	22.2	20.7
2018/01/16 15:41:15	67.1	33.9	33.9	48.8	48.8	61.5	61.5	62.7	62.7	58.9	55.4	61.2	61.6	61.5	58.2	51.7	56.8	55.7	56.2	56.3	55.4	56.6	56.1	56.1	55.4	53.3	53.9	51.5	46.2	40.2	36.7	35.5	29.0
2018/01/16 15:41:16	69.8	32.5	32.5	53.0	53.0	62.7	62.7	70.2	70.2	70.0	61.0	61.1	60.1	63.0	56.9	50.8	58.1	62.7	62.4	56.3	58.1	59.5	59.0	58.5	57.2	54.3	54.8	51.9	45.8	40.9	36.6	35.3	31.3
2018/01/16 15:41:17	65.8	34.2	34.2	47.5	47.5	63.6	63.6	70.7	70.7	67.8	56.6	57.6	53.8	60.1	55.0	46.2	53.4	56.7	56.8	55.8	57.7	55.8	54.8	53.6	50.5	48.6	46.7	42.7	37.2	33.9	29.0	27.5	26.7
2018/01/16 15:41:18	62.1	37.8	37.8	55.9	55.9	66.2	66.2	64.9	64.9	54.4	51.0	53.6	49.6	55.5	49.6	42.7	47.4	51.2	51.1	51.8	54.0	54.8	51.4	49.5	46.4	46.3	44.7	41.2	34.4	31.4	29.3	28.5	26.3
2018/01/16 15:41:19	64.0	35.8	35.8	55.2	55.2	63.3	63.3	60.7	60.7	54.4	53.7	56.5	53.9	58.5	51.7	44.0	52.7	53.1	53.4	54.7	55.1	54.5	53.8	51.7	49.9	50.2	48.9	45.9	40.8	38.1	35.7	33.9	31.8
2018/01/16 15:41:20	65.7	33.5	33.5	56.9	56.9	65.0	65.0	62.4	62.4	55.2	54.0	58.0	53.8	58.8	51.2	51.1	57.2	54.1	54.1	57.3	57.9	55.6	54.8	53.2	51.3	51.5	50.2	44.6	39.1	34.6	30.2	28.8	26.9
2018/01/16 15:41:21	65.2	36.5	36.5	55.7	55.7	65.9	65.9	64.3	64.3	54.4	52.6	55.6	53.8	58.1	51.1	48.4	54.4	53.2	55.4	55.8	57.0	56.0	56.2	52.3	49.8	49.4	48.7	41.9	35.0	31.3	30.1	28.8	26.0
2018/01/16 15:41:22	63.6	34.2	34.2	52.8	52.8	59.1	59.1	57.4	57.4	52.5	52.7	55.5	52.1	58.1	52.4	44.2	51.1	55.5	55.6	53.0	53.8	54.7	54.0	50.7	48.1	47.7	46.3	40.1	33.7	28.0	27.0	24.1	23.6
2018/01/16 15:41:23	63.8	33.9	33.9	51.3	51.3	58.8	58.8	58.7	58.7	52.2	53.1	56.2	53.3	59.3	51.5	45.4	52.2	53.6	53.9	55.3	55.4	53.0	52.9	52.0	50.0	49.1	48.0	43.0	37.7	32.6	32.5	30.8	30.4
2018/01/16 15:41:24	62.8	34.1	34.1	53.1	53.1	60.3	60.3	61.1	61.1	56.8	53.4	54.0	51.8	57.5	50.3	45.3	51.3	53.4	54.0	52.7	53.2	51.3	52.0	51.1	50.8	49.2	47.1	44.6	37.6	35.2	32.3	27.8	27.5
2018/01/16 15:41:25	61.2	32.0	32.0	45.5	45.5	57.4	57.4	60.8	60.8	56.2	56.8	54.6	51.2	55.6	50.0	43.2	51.0	51.2	50.2	53.2	52.9	50.3	48.7	49.0	47.2	47.9	45.8	41.8	35.9	32.8	29.5	25.7	25.6
2018/01/16 15:41:26	55.3	34.4	34.4	48.1	48.1	58.8	58.8	60.6	60.6	54.1	49.3	50.9	48.2	52.3	47.0	39.5	42.1	44.0	45.1	46.0	47.5	45.2	42.3	42.3	41.0	40.7	36.4	32.1	24.6	21.6	21.2	21.9	20.8
2018/01/16 15:41:27	52.6	34.4	34.4	45.2	45.2	55.7	55.7	55.7	55.7	48.0	46.0	49.1	45.6	49.4	43.6	36.5	39.9	42.6	41.0	42.8	45.3	43.7	40.7	38.7	36.5	36.6	32.2	27.8	22.1	20.6	20.9	22.0	20.8
2018/01/16 15:41:28	52.2	31.9	31.9	49.1	49.1	58.5	58.5	56.3	56.3	48.5	47.8	48.4	44.3	51.4	43.4	35.4	38.4	41.4	40.9	42.3	44.4	43.0	40.0	37.7	35.6	36.2	31.1	26.6	21.3	20.6	21.0	22.0	20.8
2018/01/16 15:41:29	54.0	30.7	30.7	51.3	51.3	60.3	60.3	58.3	58.3	49.2	44.6	48.9	46.6	52.5	42.3	35.6	40.0	45.2	42.3	44.0	45.6	44.7	43.5	40.6	37.3	38.4	34.6	28.5	21.6	20.5	21.1	21.9	20.7
2018/01/16 15:41:30	59.2	27.5	27.5	49.6	49.6	56.7	56.7	53.0	53.0	53.7	49.8	50.7	47.8	53.6	46.4	38.2	47.1	49.8	47.6	47.7	51.1	50.5	49.7	47.4	44.4	44.9	41.1	35.8	28.3	23.9	22.7	22.4	21.4
2018/01/16 15:41:31	63.2	28.4	28.4	48.8	48.8	54.4	54.4	57.5	57.5	60.7	53.9	54.4	53.1	59.3	50.0	44.0	54.4	55.5	53.2	52.0	53.5	53.0	53.1	50.6	48.7	49.6	46.7	41.6	34.8	29.9	27.8	24.8	25.5
2018/01/16 15:41:32	62.2	31.2	31.2	49.0	49.0	56.5	56.5	61.6	61.6	60.0	57.6	58.8	52.9	58.5	51.2	47.0	52.5	53.4	52.4	52.9	52.2	50.3	51.0	49.7	49.1	48.5	46.3	42.1	36.9	32.2	29.1	26.1	26.4
2018/01/16 15:41:33	54.6	31.1	31.1	42.9	42.9	53.6	53.6	57.9	57.9	56.7	55.4	58.7	54.6	54.8	44.2	35.5	40.9	40.2	42.4	45.7	44.7	42.1	39.6	40.8	39.0	38.9	34.1	30.6	24.9	22.5	21.7	22.2	21.1
2018/01/16 15:41:34	49.9	28.5	28.5	45.4	45.4	54.6	54.6	54.2	54.2	52.4	50.2	51.5	48.8	50.3	41.7	33.6	38.9	37.4	37.2	40.1	40.2	38.1	36.2	35.3	34.8	34.6	30.9	26.3	24.3	20.8	21.4	22.4	20.9
2018/01/16 15:41:35	47.8	28.4	28.4	44.9	44.9	53.9	53.9	55.3	55.3	51.2	47.0	51.7	47.8	48.1	40.5	32.8	36.7	35.1	35.5	36.9	37.9	35.3	33.2	31.5	30.7	30.4	26.9	23.3	20.4	20.7	21.1	22.2	20.8
2018/01/16 15:41:36	46.7	26.0	26.0	41.5	41.5	50.9	50.9	54.5	54.5	51.5	46.6	48.4	41.5	45.6	40.1	33.8	38.0	36.7	36.4	36.8	36.5	35.1	32.7	30.0	29.2	28.5	26.3	23.4	20.6	20.1	20.9	21.8	20.6
2018/01/16 15:41:37	46.9	25.4	25.4	39.1	39.1	49.9	49.9	53.4	53.4	51.3	47.0	49.2	43.3	45.9	40.7	33.8	38.5	36.5	35.7	37.4	36.3	35.1	32.4	30.5	29.8	29.9	27.5	23.9	20.4	20.4	21.0	21.8	20.6
2018/01/16 15:41:38	48.3	26.8	26.8	38.9	38.9	47.9	47.9	50.9	50.9	49.6	47.4	48.1	41.7	47.1	41.8	35.3	40.1	38.7	38.2	38.4	37.9	36.3	33.7	34.6	32.8	33.9	29.6	26.5	22.3	21.0	21.0	22.0	20.8
2018/01/16 15:41:39	58.0	28.2	28.2	46.1	46.1	52.0	52.0	53.5	53.5	51.9	50.5	52.7	48.5	51.2	46.0	38.6	45.3	45.2	44.7	48.4	48.4	46.4	45.4	48.1	47.7	46.7	45.8	38.1	35.1	33.9	34.4	34.2	29.6
2018/01/16 15:41:40	63.7	37.4	37.4	56.6	56.6	65.3	65.3	63.1	63.1	57.6	54.0	55.9	53.6	56.6	51.7	43.2	50.8	54.6	51.8	51.8	52.0	50.8	53.9	54.4	53.3	53.4	48.2	42.7	39.1	34.1	28.7	25.6	24.5
2018/01/16 15:41:41	65.1	30.9	30.9	45.5	45.5	59.4	59.4	61.9	61.9	56.7	54.6	57.4	52.2	59.5	55.0	45.6	52.4	54.5	53.4	52.6	54.5	54.1	54.5	54.4	52.8	56.6	49.9	44.4	39.0	33.6	28.4	24.8	23.1
2018/01/16 15:41:42	62.9	31.2	31.2	50.1	50.1	58.8	58.8	58.4	58.4	53.6	51.1	54.5	50.5	58.9	50.3	44.0	51.4	52.7	50.9	51.2	54.3	53.1	52.3	52.1	49.1	51.8	46.1	42.1	35.3	30.5	25.8	23.8	22.4
2018/01/16 15:41:43	61.0	27.4	27.4	48.1	48.1	54.5	54.5	56.2	56.2	55.3	49.0	52.7	50.2	56.9	52.7	43.2	51.3	50.6	49.6	48.4	52.6	51.8	50.3	49.2	47.0	47.2	44.2	38.7	31.6	27.0	23.1	22.6	21.4
2018/01/16 15:41:44	59.2	29.1	29.1	48.5	48.5	59.6	59.6	60.4	60.4	53.8	49.7	50.4	45.1	53.3	48.8	44.0	46.8	49.1	48.6	49.4	51.1	50.5	48.4	47.4	44.4	44.6	40.5	35.9	28.1	23.1	21.8	22.0	21.3
2018/01/16 15:41:45	57.1	26.8	26.8	40.5	40.5	53.2	53.2	55.9	55.9	51.9	49.5	49.6	46.9	54.8	48.0	42.1	44.1	46.0	45.8	47.8	50.0	48.5	45.8	42.6	39.9	41.0	36.1	30.7	24.0	21.2	21.2	21.9	20.8
2018/01/16 15:41:46	56.9	32.2	32.2	47.4	47.4	55.3	55.3	55.9	55.9	51.8	49.6	54.1	48.6	53.9	47.5	44.0	43.1	45.8	45.7	46.3	49.0	48.8	46.6	42.3	40.1	40.6	37.6	32.8	25.7	22.7	21.4	21.9	20.8
2018/01/16 15:41:47	65.0	35.9	35.9	49.2	49.2	57.9	57.9	63.0	63.0	59.7	55.8	59.0	53.4	58.4	49.9	45.0	52.0	52.9	53.5	58.0	58.0	55.1	52.4	52.1	50.6	50.0	48.2	43.0	35.6	30.3	26.4	25.0	23.0
2018/01/16 15:41:48	67.8	43.4	43.4	57.0	57.0	71.3	71.3	73.3	73.3	64.4	61.4	63.8	62.1	61.7	54.2	51.1	54.4	57.0	56.2	58.6	59.8	57.5	58.0	55.4	53.1	52.7	51.0	45.9	39.6	34.5	30.6	28.0	25.6
2018/01/16 15:41:49	69.3	37.3	37.3	48.0	48.0	62.5	62.5	64.7	64.7	59.8	64.8	66.3	63.2	64.1	59.4	55.6	62.1	59.0	57.7	56.1	59.6	58.1	58.1	57.7	57.1	56.6	54.6	51.4	48.5	43.7	38.6	36.3	33.4
2018/01/16 15:41:50	66.8	36.9	36.9	54.0	54.0	63.4	63.4	63.3	63.3	61.7	59.4	64.0	62.0	63.7	60.9	55.0	55.4	58.0	54.4	52.3	56.5	55.0	55.5	55.7	52.9	54.7	53.0	49.2	43.7	41.1	38.7	36.8	32.5
2018/01/16 15:41:51	61.9	34.9	34.9	49.9	49.9	61.2	61.2	60.8	60.8	55.2	56.1	58.1	56.9	59.9	54.9	48.8	48.3	52.3	50.3	48.6	51.4	50.3	51.0	51.0	47.2	50.0	48.1	44.2	36.8	31.5	29.4	28.3	25.4
2018/01/16 15:41:52	57.5	30.7	30.7	47.9	47.9	57.4	57.4	59.1	59.1	56.3	51.1	57.2	55.9	56.1	51.1	45.0	44.1	48.4	45.8	45.4	47.8	46.0	44.8	45.5	42.3	43.7	41.3	37.4	30.5	25.5	23.7	23.4	21.9
2018/01/16 15:41:53	53.9	28.8	28.8	46.6	46.6	55.8	55.8	56.2	56.2	51.8	46.5	51.9	52.1	52.8	49.4	41.6	40.5	42.7	41.0	41.8	44.6	43.7	41.7	41.1	38.8	39.3	36.7	33.2	28.2	24.6	22.8	22.9	22.8
2018/01/16 15:41:54	51.1	27.9	27.9	42.7	42.7	53.2	53.2	56.6	56.6	54.6	48.0	49.8	43.7	47.6	42.5	36.5	39.3	42.9	40.8	39.2	42.3	40.0	39.1	37.7	37.0	35.6	34.7	31.9	26.4	24.8	23.2	23.5	21.6
2018/01/16 15:41:55	50.0	25.0	25.0	40.1	40.1	52.5	52.5	58.6	58.6	55.5	44.9	49.9	43.5	46.6	39.5	37.0	39.9	43.7	40.2	38.0	40.3	39.6	37.3	34.2	32.7	32.1	31.2	27.6	24.1	22.2	21.9	22.4	21.5
2018/01/16 15:41:56	49.8	24.7	24.7	39.9	39.9	49.4	49.4	53.7	53.7	49.8	51.4	54.7	43.9	46.4	40.3	35.6	39.5	43.6	40.0	38.4	39.0	37.4	36.5	34.0	32.3	33.0	29.8	27.3	23.9	22.7	21.9	22.6	21.4
2018/01/16 15:41:57	48.4	26.1	26.1	42.8	42.8	51.8	51.8	52.7	52.7	47.4	47.3	50.1	43.8	47.3	40.8	35.0	37.7	40.2	39.4	38.1	38.0	37.1	34.3	32.9	33.3	32.1	29.2	25.4	21.5	21.1	21.4	22.3	20.9
2018/01/16 15:41:58	48.0	26.9	26.9	43.1	43.1	50.7	50.7	50.7	50.7	47.3	44.8	48.4	43.0	49.1	41.9	35.0	36.7	38.9	38.4	38.3	37.9	35.9	34.0	32.1	31.3	29.6	27.4	23.4	21.0	20.6	21.2	22.0	20.9
2018/01/16 15:41:59	49.9	27.6	27.6	41.9	41.9	51.7	51.7	53.3	53.3	50.5	47.3	49.1	45.2	49.0	41.6	37.2	38.5	40.4	40.6	41.0	40.3	39.5	36.0	35.2	34.3	32.0	28.3	24.2	20.9	20.4	20.8	21.9	20.7
2018/01/16 15:42:00	49.6	24.8	24.8	42.4	42.4	52.2	52.2	53.1	53.1	49.9	46.2	47.9	45.8	47.6	40.7	38.3	39.6	40.4	40.7	40.8	40.8	38.2	35.3	33.7	32.4	31.4	28.5	24.5	20.8	20.3	21.0	21.9	20.9
2018/01/16 15:42:01	50.3	26.2	26.2	40.8	40.8	49.9	49.9	51.0	51.0	48.0	45.8	48.9	46.4	48.7	43.1	38.7	38.6	38.3	40.3	40.1	42.0	40.7	36.7	34.9	34.2	33.5	34.9	27.7	27.3	21.9	23.9	22.4	21.2
2018/01/16 15:42:02	55.9	28.2	28.2	40.6	40.6	49.2	49.2	50.9	50.9	51.2	49.7	52.4	50.7	52.0	47.5	42.5	42.6	44.0	45.8	47.2	47.5	46.3	43.3	42.6	41.9	41.1	38.4	32.5	29.3	26.0	27.2	26.2	25.2
2018/01/16 15:42:03	64.3	28.8	28.8	42.7	42.7	60.6	60.6	66.7	66.7	61.9	53.7	58.5	52.2	56.1	51.6	48.7	53.4	51.5	53.3	56.0	57.7	54.1	50.9	51.3	51.6	49.2	48.2	42.4	36.3	30.6	26.6	24.6	23.0
2018/01/16 15:42:04	63.6	32.2	32.2	43.8	43.8	61.6	61.6	65.2	65.2	59.3	56.6	60.5	58.6	60.2	50.0	47.1	52.0	52.5	53.5	51.7	55.6	54.4	53.1	50.3	49.6	48.8	46.4	41.2	33.4	28.3	24.8	23.5	21.8
2018/01/16 15:42:05	63.0	33.5	33.5	45.6	45.6	61.8	61.8	64.9	64.9	57.7	58.4	60.9	57.0	59.6	51.5	44.6	52.6	51.4	49.9	50.0	55.2	54.5	51.2	49.9	51.1	48.8	46.5	41.6	34.9	28.8	26.6	26.1	23.5
2018/01/16 15:42:06	64.5	36.3	36.3	54.8	54.8	64.8	64.8	63.6	63.6	56.4	55.4	56.6	55.3	59.2	50.5	48.0	53.6	54.4	52.7	50.1	52.9	52.6	54.2	55.4	55.2	51.1	50.6	46.8	39.1	33.3	28.1	27.4	25.0
2018/01/16 15:42:07	64.1	30.9	30.9	49.6	49.6	60.0	60.0	59.6	59.6	57.2	55.5	60.5	57.2	56.6	52.6	45.9	54.6	53.9	52.9	49.2	52.0	53.2	55.7	53.3	52.5	50.9	50.4	45.2	37.1	31.9	27.2	25.9	24.2
2018/01/16 15:42:08	64.0	27.8	27.8	39.0	39.0	56.6	56.6	60.8	60.8	55.2	56.0	58.1	55.6	59.6	53.3	46.8	53.7	52.5	53.0	55.0	54.7	53.9	53.0	52.1	51.8	50.0	48.2	43.5	36.5	30.6	25.5	24.5	22.8
2018/01/16 15:42:09	64.3	28.3	28.3	41.9	41.9	54.8	54.8	62.5	62.5	59.8	47.5	55.2	48.7	56.3	53.7	47.2	53.2	55.3	53.7	52.0	56.8	54.0	54.4	52.5	51.0	50.2	48.4	43.6	37.5	31.5	25.8	23.7	22.5
2018/01/16 15:42:10	61.4	28.8	28.8	41.0	41.0	50.2	50.2	61.0	61.0	62.1	51.1	54.4	50.9	55.3	49.2	41.7	49.7	51.1	50.8	49.2	53.1	52.0	52.3	49.4	45.6	47.3	44.6	40.4	32.3	25.8	23.0	22.5	21.3
2018/01/16 15:42:11	58.1	26.2	26.2	42.6	42.6	53.3	53.3	58.5	58.5	56.2	47.6	50.0	46.6	53.5	47.5	39.3	43.4	47.0	47.1	47.0	49.6	49.6	48.9	45.7	42.6	44.3	41.7	37.9	30.8	25.9	23.9	22.9	21.6
2018/01/16 15:42:12	61.7	26.6	26.6	43.7	43.7	52.5	52.5	57.0	57.0	54.5	47.4	50.7	49.4	54.6	48.3	39.4	46.2	51.0	51.4	50.0	52.2	51.4	52.4	50.4	47.9	49.9	49.6	44.8	37.8	33.3	30.0	26.8	24.6
2018/01/16 15:42:13	60.9	34.9	34.9	48.7	48.7	53.6	53.6	57.1	57.1	54.2	50.0	52.6	49.9	54.5	47.3	42.3	47.1	49.2	49.8	50.3	52.3	49.2	49.3	49.3	49.9	49.3	48.8	44.9	39.3	34.3	29.9	26.4	24.9
2018/01/16 15:42:14	51.2	35.9	35.9	45.4	45.4	53.1	53.1	56.1	56.1	51.4	46.1	50.0	44.6	50.1	43.4	37.3	37.7	39.7	41.0	40.6	42.8	40.2	38.7	37.5	36.4	37.2	35.2	29.9	24.7	21.6	21.3	22.0	20.7
2018/01/16 15:42:15	48.7	28.7	28.7	39.7	39.7	51.4	51.4	53.6	53.6	48.5	44.6	46.6	42.3	48.1	41.8	35.5	36.1	39.7	39.4	38.7	39.7	38.1	37.1	32.6	30.8	30.8	27.3	23.4	20.3	20.4	20.8	21.9	20.7
2018/01/16 15:42:16	48.4	25.2	25.2	42.9	42.9	50.9	50.9	50.4	50.4	46.8	44.0	46.1	45.3	46.5	40.2	33.8	35.4	38.9	38.5	39.0	38.9	39.1	37.5	32.9	30.7	30.3	26.7	22.8	20.4	20.3	20.8	21.9	20.9
2018/01/16 15:42:17	50.0	26.7	26.7	42.6	42.6	50.1	50.1	48.6	48.6	45.6	46.2	49.5	47.3	49.1	40.9	32.9	37.1	40.7	39.8	40.4	41.2	39.5	38.3	35.0	32.7	32.8	28.7	23.8	20.6	20.3	20.8	21.7	20.6
2018/01/16 15:42:18	51.5	28.7	28.7	48.9	48.9	55.3	55.3	52.1	52.1	49.1	46.3	47.7	45.8	48.1	40.4	34.9	37.2	39.9	41.7	41.4	41.6	42.7	42.4	38.6	36.9	36.5	32.2	25.8	21.1	20.5	20.8	21.7	20.7
2018/01/16 15:42:19	52.8	26.0	26.0	48.7	48.7	54.5	54.5	52.4	52.4	50.1	45.0	44.9	44.8	48.0	41.6	36.5	38.4	41.0	42.4	43.5	44.1	44.5	43.7	39.4	37.4	36.4	31.9	26.1	21.1	20.5	21.0	21.8	21.0
2018/01/16 15:42:20	55.2	27.6	27.6	47.2	47.2	52.5	52.5	48.4	48.4	44.6	43.2	44.0	41.8	49.6	41.9	34.2	39.1	42.9	44.3	47.0	46.0	47.5	47.0	42.5	38.5	37.5	33.7	27.8	21.8	20.5	20.9	21.9	20.8
2018/01/16 15:42:21	61.3	26.1	26.1	39.3	39.3	44.8	44.8	46.5	46.5	45.6	44.0	46.5	41.3	49.5	45.7	36.2	44.4	48.8	51.0	52.0	51.9	53.3	53.6	49.8	45.7	46.2	41.3	37.0	29.6	23.8	22.5	22.5	21.2
2018/01/16 15:42:22	67.4	24.2	24.2	34.8	34.8	45.8	45.8	50.5	50.5	50.4	49.3	51.7	49.6	57.4	52.9	44.6	53.9	57.7	59.2	57.9	57.0	57.7	59.2	55.8	52.4	51.3	49.5	43.4	38.5	33.4	42.4	56.2	28.3
2018/01/16 15:42:23	64.0	24.6	24.6	37.8	37.8	49.2	49.2	51.6	51.6	49.9	50.9	54.0	49.7	55.7	49.9	42.9	52.6	52.5	54.3	57.6	54.7	52.5	51.4	52.5	49.1	47.3	46.2	40.7	37.0	32.9	51.1	58.2	31.6
2018/01/16 15:42:24	51.5	25.8	25.8	39.0	39.0	50.0	50.0	52.8	52.8	49.4	48.5	50.2	45.8	51.5	42.2	34.0	37.9	37.1	41.0	45.4	42.7	40.5	38.0	34.6	32.7	32.3	29.7	24.9	21.6	20.8	29.8	24.9	20.9
2018/01/16 15:42:25	46.7	23.3	23.3	40.5	40.5	50.2	50.2	50.2	50.2	46.0	45.7	46.6	44.1	48.9	40.6	32.8	35.3	36.0	35.9	37.1	37.4	34.2	32.7	28.3	27.2	27.0	25.5	22.6	20.3	20.1	22.2	21.9	20.6
2018/01/16 15:42:26	44.5	24.9	24.9	43.1	43.1	50.3	50.3	49.1	49.1	45.3	44.4	47.2	40.4	44.9	37.3	30.9	32.9	33.0	34.9	35.2	33.5	32.0	31.0	28.3	26.8	27.8	26.9	25.1	22.6	21.2	21.4	22.2	21.2
2018/01/16 15:42:27	44.3	29.5	29.5	41.8	41.8	46.1	46.1	47.5	47.5	47.3	45.9	45.0	41.2	45.4	38.2	31.6	32.9	33.5	33.4	36.2	33.9	30.6	29.7	26.8	26.3	26.3	24.6	23.0	20.6	20.4	21.1	22.1	20.7
2018/01/16 15:42:28	42.3	25.7	25.7	37.3	37.3	45.3	45.3	47.2	47.2	45.2	43.6	42.8	40.2	43.9	38.2	32.2	32.1	32.7	31.5	31.0	30.4	28.2	26.9	25.1	24.1	24.6	22.9	21.1	19.9	20.1	20.9	21.6	20.7
2018/01/16 15:42:29	42.5	27.3	27.3	40.5	40.5	47.5	47.5	48.3	48.3	44.3	41.3	43.2	40.1	42.7	40.2	33.4	32.0	32.8	30.8	30.6	30.8	28.8	27.4	25.9	26.4	25.8	23.8	21.8	19.5	20.1	20.8	21.8	20.6
2018/01/16 15:42:30	43.5	26.8	26.8	38.8	38.8	46.4	46.4	48.2	48.2	47.4	44.7	43.8	39.3	45.5	38.2	32.5	34.3	35.3	31.9	32.6	31.6	28.4	27.6	26.1	27.0	26.7	23.8	21.6	20.1	20.0	20.8	21.6	20.7
2018/01/16 15:42:31	44.6	28.2	28.2	39.6	39.6	50.0	50.0	52.6	52.6	47.8	43.9	46.1	44.9	46.0	40.4	32.4	34.3	37.4	32.8	31.5	31.5	28.2	28.3	26.4	27.5	27.1	24.3	21.7	19.9	20.4	20.9	21.9	20.7
2018/01/16 15:42:32	43.7	28.5	28.5	41.0	41.0	48.9	48.9	53.1	53.1	49.7	42.3	43.1	40.7	45.2	41.8	35.8	33.1	35.4	31.9	30.3	30.0	28.2	27.7	25.2	24.4	24.4	22.1	20.7	20.0	20.3	20.9	21.8	20.6
2018/01/16 15:42:33	43.3	25.5	25.5	39.9	39.9	48.1	48.1	53.4	53.4	52.2	44.1	43.9	41.0	44.1	41.2	32.2	31.8	34.1	32.0	29.9	29.8	27.6	26.6	24.3	24.0	23.1	21.6	20.9	19.8	19.7	21.0	21.9	20.9
2018/01/16 15:42:34	42.8	23.2	23.2	39.0	39.0	47.5	47.5	49.2	49.2	46.9	42.9	43.2	39.8	44.4	40.7	32.8	32.6	34.4	32.1	30.1	29.9	28.1	26.1	24.1	22.9	22.6	21.5	20.4	19.7	20.2	20.7	21.8	20.6
2018/01/16 15:42:35	43.1	23.5	23.5	39.0	39.0	47.1	47.1	49.8	49.8	46.7	43.5	44.2	41.7	46.4	40.0	32.3	32.1	32.1	32.2	30.2	30.3	27.5	26.1	24.4	23.2	22.2	21.7	20.8	19.7	20.0	20.8	22.0	20.8
2018/01/16 15:42:36	41.0	23.5	23.5	38.7	38.7	47.7	47.7	48.8	48.8	44.7	38.6	41.9	39.6	42.1	34.9	28.5	30.4	32.5	30.4	30.3	30.0	27.4	25.8	24.0	22.4	21.9	20.6	20.2	19.4	20.0	20.8	21.8	20.7
2018/01/16 15:42:37	42.5	23.2	23.2	36.3	36.3	45.0	45.0	48.0	48.0	44.4	40.7	43.9	37.7	42.0	35.1	29.4	31.9	34.9	33.1	32.6	33.1	29.2	28.0	25.2	23.7	23.6	21.7	20.7	19.8	20.1	20.7	22.0	21.0
2018/01/16 15:42:38	42.1	24.0	24.0	36.5	36.5	45.9	45.9	46.6	46.6	42.8	41.0	43.4	36.3	41.7	33.7	28.9	32.2	34.7	32.2	32.6	32.9	29.8	26.9	23.8	22.8	21.9	20.5	20.5	19.7	20.0	20.7	21.9	21.0
2018/01/16 15:42:39	41.4	24.2	24.2	38.0	38.0	45.9	45.9	46.1	46.1	43.4	40.1	42.7	35.5	38.7	34.7	28.2	31.0	33.2	31.6	32.2	32.0	30.8	26.1	23.8	22.0	22.4	21.3	20.7	19.9	20.1	20.8	21.9	20.7
2018/01/16 15:42:40	41.7	23.5	23.5	35.0	35.0	44.9	44.9	46.5	46.5	43.8	40.7	44.2	35.4	39.3	35.8	28.7	31.0	31.8	31.9	31.8	32.3	31.0	25.9	25.0	25.0	24.3	23.8	22.6	21.0	20.5	21.1	22.2	20.7
2018/01/16 15:42:41	43.0	23.4	23.4	37.7	37.7	46.2	46.2	48.0	48.0	43.8	44.5	47.2	36.5	41.7	35.9	29.1	33.1	31.3	32.4	32.6	34.1	33.0	26.3	25.4	24.5	24.6	23.4	22.7	20.6	20.6	21.2	22.1	21.1
2018/01/16 15:42:42	43.3	22.8	22.8	37.2	37.2	46.3	46.3	48.2	48.2	46.3	41.6	45.0	37.9	41.2	36.3	28.5	32.9	33.0	33.1	34.7	35.5	32.6	28.1	25.0	22.9	23.0	21.4	20.5	20.0	20.5	20.7	21.7	20.6
2018/01/16 15:42:43	43.5	22.5	22.5	33.9	33.9	44.8	44.8	48.4	48.4	45.7	40.7	44.8	39.5	42.2	38.5	29.5	32.6	32.8	33.3	34.8	34.9	33.3	27.3	25.2	23.4	23.6	21.5	21.0	19.7	20.1	21.1	21.8	20.8
2018/01/16 15:42:44	43.9	23.3	23.3	34.4	34.4	44.7	44.7	47.9	47.9	45.0	41.4	42.8	38.1	43.8	36.7	29.9	32.9	33.3	33.8	35.3	35.6	33.2	28.7	26.5	25.5	26.2	25.0	22.9	20.7	20.8	21.3	22.0	20.9
2018/01/16 15:42:45	44.3	23.4	23.4	34.8	34.8	44.6	44.6	48.2	48.2	44.9	41.1	43.3	37.7	42.2	36.8	30.7	32.4	33.4	33.5	37.3	35.2	33.9	29.0	27.9	27.1	28.2	25.1	22.2	20.7	20.1	20.8	21.6	20.6
2018/01/16 15:42:46	40.9	23.1	23.1	33.1	33.1	43.8	43.8	46.2	46.2	42.8	39.9	40.3	35.9	40.3	36.3	29.5	29.8	30.5	30.5	32.3	29.9	28.3	24.9	24.7	25.0	26.5	23.2	21.6	20.0	20.1	20.6	21.9	20.8
2018/01/16 15:42:47	40.5	22.7	22.7	31.3	31.3	42.4	42.4	45.1	45.1	43.0	40.6	39.8	36.1	38.9	33.6	28.0	30.1	30.4	30.4	29.3	29.0	27.5	27.2	26.8	27.0	28.0	24.3	22.1	20.7	20.7	21.3	22.0	21.0
2018/01/16 15:42:48	40.9	23.1	23.1	32.5	32.5	43.1	43.1	45.0	45.0	42.9	42.3	40.5	34.1	39.0	34.4	29.6	30.2	29.5	28.5	30.0	29.2	29.7	26.8	27.4	27.1	29.3	26.6	23.3	20.8	20.7	21.3	22.1	20.6
2018/01/16 15:42:49	41.9	23.9	23.9	33.7	33.7	42.5	42.5	43.9	43.9	42.2	43.5	41.8	37.4	39.7	34.7	30.8	30.4	30.6	30.3	31.2	31.2	31.1	28.7	26.9	27.4	29.5	27.7	24.0	21.3	20.6	21.2	22.2	21.1
2018/01/16 15:42:50	41.9	23.1	23.1	33.9	33.9	43.5	43.5	44.7	44.7	40.2	44.3	43.3	36.6	40.2	33.5	29.7	30.8	32.6	31.7	31.7	30.6	30.0	29.8	26.5	26.0	27.7	26.1	23.6	21.5	20.7	21.4	22.4	21.3
2018/01/16 15:42:51	40.9	23.9	23.9	38.7	38.7	46.1	46.1	46.8	46.8	44.4	39.8	39.1	35.6	40.1	35.6	30.6	31.2	30.5	31.3	30.2	28.6	27.6	27.1	25.9	25.9	27.2	24.6	22.4	20.2	20.2	20.9	21.9	20.6
2018/01/16 15:42:52	43.1	25.5	25.5	40.5	40.5	50.5	50.5	50.1	50.1	45.7	44.8	42.3	36.0	39.1	33.3	30.0	33.4	34.9	33.4	36.2	31.2	28.4	27.9	27.6	28.1	28.9	26.0	22.8	20.3	20.7	20.9	21.9	20.7
2018/01/16 15:42:53	44.2	23.0	23.0	31.6	31.6	42.9	42.9	46.4	46.4	42.6	38.9	42.4	38.7	42.1	36.1	30.8	33.6	34.0	34.0	36.1	34.1	30.8	29.8	30.4	30.3	32.1	28.0	24.2	21.7	20.8	21.0	22.0	21.0
2018/01/16 15:42:54	40.9	23.5	23.5	34.1	34.1	43.6	43.6	46.2	46.2	42.8	39.4	40.4	36.9	40.3	35.2	28.7	30.8	32.2	30.8	31.3	29.6	27.2	26.5	25.7	24.7	25.6	23.0	22.0	19.8	20.0	20.9	21.9	20.8
2018/01/16 15:42:55	39.0	23.9	23.9	37.4	37.4	43.1	43.1	42.8	42.8	40.4	37.0	38.0	36.1	39.8	33.8	27.0	30.1	29.9	29.4	27.4	26.7	24.7	24.8	22.7	22.6	23.1	21.3	20.7	19.7	20.1	20.9	21.8	20.6
2018/01/16 15:42:56	38.7	22.4	22.4	33.0	33.0	42.4	42.4	44.0	44.0	40.7	39.0	38.4	34.8	40.6	32.3	26.4	29.5	29.1	28.1	27.2	26.1	23.8	23.6	21.5	22.9	22.9	21.5	21.2	19.9	20.3	21.1	21.9	20.9
2018/01/16 15:42:57	38.7	23.7	23.7	33.3	33.3	42.1	42.1	42.7	42.7	38.9	37.6	39.3	34.7	39.5	32.4	26.3	30.1	30.4	29.7	26.9	26.1	24.9	22.8	22.2	22.3	22.4	21.1	20.5	19.6	20.2	20.8	22.0	20.8
2018/01/16 15:42:58	39.0	22.8	22.8	34.7	34.7	42.1	42.1	42.2	42.2	38.6	38.5	39.3	33.9	40.4	34.2	27.2	30.4	31.1	29.0	27.8	27.4	24.2	22.7	21.7	21.1	21.7	20.5	20.6	19.3	19.8	20.7	21.6	20.4
2018/01/16 15:42:59	38.9	22.7	22.7	31.8	31.8	40.6	40.6	42.0	42.0	40.0	38.1	38.9	38.4	41.0	34.4	26.6	30.0	29.7	28.0	26.7	26.2	24.8	22.8	21.8	20.7	21.2	20.3	20.3	19.6	20.1	20.9	22.0	20.8
2018/01/16 15:43:00	39.5	23.6	23.6	36.7	36.7	45.7	45.7	45.4	45.4	39.5	35.6	38.1	37.4	42.2	31.7	27.3	31.9	31.6	29.9	26.4	27.4	24.2	23.2	22.0	20.5	20.4	20.2	20.3	19.6	20.1	20.7	21.9	20.9
2018/01/16 15:43:01	41.6	24.3	24.3	37.9	37.9	47.3	47.3	47.0	47.0	41.3	37.8	41.0	40.3	45.3	34.2	28.8	33.5	33.9	32.3	27.9	27.9	26.1	23.7	21.9	20.7	20.5	20.0	20.2	19.6	20.1	20.6	21.9	20.5
2018/01/16 15:43:02	41.4	23.4	23.4	38.8	38.8	48.8	48.8	48.7	48.7	42.4	37.4	39.7	39.1	43.3	36.1	29.6	33.1	34.5	31.1	29.3	28.7	27.0	26.0	23.4	21.7	21.3	20.4	20.3	19.4	20.1	20.8	22.1	21.0
2018/01/16 15:43:03	42.5	25.3	25.3	42.1	42.1	51.2	51.2	50.4	50.4	46.8	46.4	45.1	38.2	44.9	36.7	30.1	32.9	33.5	31.2	29.9	29.8	27.5	26.4	24.1	22.4	21.6	20.3	20.2	19.6	20.2	20.7	22.0	20.7
2018/01/16 15:43:04	41.3	23.2	23.2	42.4	42.4	50.5	50.5	48.8	48.8	41.7	40.7	41.4	37.1	40.9	35.7	29.8	33.0	33.7	31.9	29.5	29.9	28.5	27.5	25.7	24.1	22.3	21.0	20.2	19.8	20.0	20.6	21.8	20.7
2018/01/16 15:43:05	46.1	24.2	24.2	41.6	41.6	50.6	50.6	49.6	49.6	42.0	39.8	43.2	41.6	45.6	46.4	32.5	36.1	38.8	35.7	34.0	35.4	32.4	30.0	28.8	25.6	24.6	21.8	20.8	19.6	20.3	20.7	21.9	20.6
2018/01/16 15:43:06	46.8	23.6	23.6	38.5	38.5	48.6	48.6	51.4	51.4	48.9	46.5	50.4	44.4	46.5	40.5	35.8	37.3	40.2	35.9	35.7	36.8	32.3	30.5	29.9	27.1	25.2	21.4	20.4	19.7	19.9	20.7	21.8	20.7
2018/01/16 15:43:07	46.9	23.0	23.0	33.5	33.5	47.2	47.2	51.7	51.7	48.3	42.9	49.2	46.8	49.0	40.8	35.7	38.1	38.0	35.2	34.9	34.6	33.5	31.4	29.8	27.1	24.9	21.6	20.8	19.7	20.1	20.9	21.9	20.8
2018/01/16 15:43:08	44.5	24.6	24.6	38.7	38.7	47.9	47.9	52.6	52.6	50.1	41.9	44.3	40.6	45.6	35.2	30.8	34.9	35.1	34.4	33.8	34.4	33.3	30.1	28.7	24.6	23.0	20.9	20.1	19.6	20.1	21.0	21.8	20.7
2018/01/16 15:43:09	43.7	22.9	22.9	36.7	36.7	47.0	47.0	51.5	51.5	49.0	42.7	42.8	40.8	43.9	37.0	33.5	34.2	34.0	34.2	33.3	33.4	32.2	29.1	27.9	23.9	22.2	21.0	20.4	19.5	19.8	20.6	21.9	20.7
2018/01/16 15:43:10	44.1	23.5	23.5	38.0	38.0	47.3	47.3	49.6	49.6	47.2	39.9	41.7	40.4	44.2	35.2	34.4	33.7	35.4	34.9	36.2	33.8	32.7	28.8	26.8	23.8	22.1	21.0	20.5	19.9	20.2	20.9	21.9	20.9
2018/01/16 15:43:11	44.7	23.2	23.2	41.7	41.7	49.4	49.4	47.8	47.8	46.3	44.2	45.7	39.7	46.2	37.3	33.8	34.8	34.9	35.5	36.6	33.1	32.2	28.1	26.1	23.9	22.5	21.1	20.4	19.5	20.0	20.7	21.5	20.5
2018/01/16 15:43:12	46.3	22.5	22.5	35.6	35.6	44.1	44.1	47.3	47.3	48.2	44.2	46.7	43.1	47.1	36.9	32.4	35.5	37.1	38.1	39.2	35.5	33.8	29.2	27.2	25.5	24.0	22.7	21.2	19.9	20.2	21.1	22.0	20.7
2018/01/16 15:43:13	46.7	22.7	22.7	32.0	32.0	42.8	42.8	46.1	46.1	43.9	44.6	46.7	42.9	49.4	38.3	31.2	35.7	35.2	37.6	38.6	37.2	34.3	29.9	27.6	25.8	24.7	22.9	20.9	19.9	20.1	20.8	21.7	20.7
2018/01/16 15:43:14	46.4	24.1	24.1	32.6	32.6	46.1	46.1	50.5	50.5	47.1	43.8	47.0	44.2	49.4	37.7	32.0	35.3	35.2	36.4	37.6	36.0	32.5	28.7	29.0	27.4	26.3	24.7	22.3	20.4	21.6	20.9	21.6	20.7
2018/01/16 15:43:15	45.2	24.9	24.9	36.2	36.2	49.0	49.0	51.9	51.9	46.5	44.3	47.0	43.3	46.6	35.8	32.4	35.4	33.9	35.7	36.2	34.5	32.6	28.9	28.8	27.7	27.1	25.9	23.3	20.4	20.2	20.8	21.8	20.7
2018/01/16 15:43:16	46.6	24.1	24.1	41.7	41.7	51.0	51.0	49.8	49.8	45.4	44.9	48.1	42.7	49.6	39.0	34.3	35.8	35.1	35.1	37.6	35.0	32.2	30.3	30.9	30.6	29.6	28.2	23.9	21.1	20.2	21.1	21.9	20.7
2018/01/16 15:43:17	45.3	26.0	26.0	38.0	38.0	48.5	48.5	49.3	49.3	45.6	47.3	47.8	40.1	46.3	38.6	32.8	36.4	35.9	33.4	35.6	33.0	31.3	29.8	29.3	30.5	29.5	27.3	26.7	24.9	22.3	21.9	22.1	21.4
2018/01/16 15:43:18	43.9	24.2	24.2	33.4	33.4	46.3	46.3	50.9	50.9	47.1	43.1	47.0	38.3	44.0	37.1	32.0	33.6	33.6	33.0	34.3	32.7	30.4	28.5	28.7	29.1	28.4	26.4	24.4	21.3	20.8	21.8	22.4	20.9
2018/01/16 15:43:19	43.5	23.4	23.4	30.9	30.9	39.8	39.8	43.9	43.9	43.5	40.2	43.8	41.0	44.1	35.4	29.4	36.5	34.6	35.5	32.0	31.7	28.9	28.0	27.1	27.3	27.7	25.2	23.0	20.8	20.7	21.7	22.1	20.8
2018/01/16 15:43:20	43.8	26.2	26.2	35.0	35.0	41.5	41.5	46.2	46.2	48.1	43.8	44.2	43.6	44.2	36.9	34.2	33.4	32.5	32.2	32.1	31.2	29.2	27.9	27.8	27.5	32.4	30.3	24.3	20.2	20.1	20.8	22.0	20.6
2018/01/16 15:43:21	45.8	29.0	29.0	37.2	37.2	45.0	45.0	49.9	49.9	50.7	49.5	45.7	42.6	45.8	37.9	35.8	35.5	34.4	33.9	34.5	33.2	30.2	29.3	30.1	29.5	35.1	33.4	29.4	21.5	20.5	20.9	21.9	20.8
2018/01/16 15:43:22	46.2	30.8	30.8	43.4	43.4	50.2	50.2	54.1	54.1	50.3	48.5	47.9	44.1	48.2	39.4	34.4	36.9	37.2	34.6	34.0	33.8	31.3	29.7	28.5	28.1	30.0	28.9	25.2	21.3	20.4	20.7	21.8	20.8
2018/01/16 15:43:23	45.1	31.3	31.3	50.1	50.1	54.6	54.6	52.9	52.9	52.9	44.2	45.4	42.5	47.2	39.7	34.9	37.9	35.0	32.6	31.7	30.9	29.4	28.5	27.8	27.4	28.2	26.1	23.2	20.7	20.3	20.8	21.9	20.8
2018/01/16 15:43:24	45.5	28.2	28.2	49.0	49.0	58.0	58.0	56.2	56.2	50.4	48.3	45.8	41.5	46.4	37.8	33.3	37.9	36.5	35.9	34.2	33.2	30.0	28.8	27.9	26.8	28.3	25.4	22.5	20.4	20.1	20.8	21.9	20.7
2018/01/16 15:43:25	44.6	28.1	28.1	41.3	41.3	54.3	54.3	55.0	55.0	45.1	42.7	44.6	40.0	44.5	37.9	33.6	36.8	35.1	34.7	33.7	35.1	30.5	28.8	28.2	27.8	28.2	26.2	23.7	20.9	21.1	21.6	22.6	21.1
2018/01/16 15:43:26	42.4	24.8	24.8	37.7	37.7	46.4	46.4	47.6	47.6	43.5	41.0	44.1	38.3	41.5	36.5	31.9	34.9	34.1	32.6	31.7	30.3	28.3	27.4	27.2	26.0	26.2	24.8	23.7	21.4	22.1	21.5	23.4	21.4
2018/01/16 15:43:27	41.7	23.5	23.5	36.0	36.0	45.8	45.8	46.1	46.1	41.2	38.7	43.1	36.9	41.6	35.7	31.4	34.7	33.5	32.7	30.3	29.7	27.7	26.6	24.9	24.7	24.3	23.5	22.4	20.4	20.6	21.7	22.1	21.1
2018/01/16 15:43:28	41.7	24.0	24.0	35.9	35.9	46.5	46.5	47.3	47.3	41.7	39.2	41.5	36.6	40.9	35.2	31.2	35.7	33.7	32.2	30.6	29.3	27.9	27.1	26.9	25.3	24.7	23.5	22.4	20.5	20.6	20.9	21.9	20.7
2018/01/16 15:43:29	42.7	24.4	24.4	33.9	33.9	47.5	47.5	49.1	49.1	43.7	41.3	41.3	38.5	44.3	37.1	32.5	36.7	33.3	31.8	30.9	29.5	28.6	27.1	25.9	25.8	25.9	24.6	23.0	20.6	20.6	21.7	22.5	20.9
2018/01/16 15:43:30	41.8	23.6	23.6	37.1	37.1	47.4	47.4	49.1	49.1	44.3	39.7	42.6	39.7	42.3	33.6	31.3	33.9	33.2	32.1	31.4	28.3	27.0	24.8	24.3	26.4	27.3	25.3	22.3	20.6	20.5	21.1	22.3	20.9
2018/01/16 15:43:31	41.6	25.0	25.0	39.1	39.1	49.4	49.4	48.4	48.4	42.2	40.4	42.2	40.8	40.9	35.3	31.5	34.2	34.0	32.7	31.2	28.8	27.5	24.7	23.8	22.6	22.3	22.2	21.3	20.1	20.6	21.1	22.1	21.0
2018/01/16 15:43:32	42.4	23.8	23.8	36.5	36.5	46.6	46.6	45.9	45.9	39.4	40.7	43.3	39.5	42.9	35.4	32.0	35.4	33.8	33.3	32.1	30.1	28.1	26.6	26.7	25.0	25.1	24.6	22.8	20.6	20.7	21.1	21.9	20.7
2018/01/16 15:43:33	43.0	24.5	24.5	36.7	36.7	47.5	47.5	50.1	50.1	46.8	43.8	45.0	39.7	41.0	35.6	31.5	35.3	34.5	34.6	33.2	30.8	28.7	26.3	25.4	24.6	25.2	25.8	23.2	21.1	20.8	21.6	22.2	20.9
2018/01/16 15:43:34	44.3	24.6	24.6	39.6	39.6	48.0	48.0	46.8	46.8	42.2	41.9	47.3	41.3	43.4	40.3	32.4	34.9	35.1	36.2	35.1	31.6	30.3	29.3	26.8	25.7	25.1	24.2	22.3	20.6	20.3	20.9	21.7	20.6
2018/01/16 15:43:35	45.4	25.4	25.4	42.5	42.5	52.1	52.1	51.1	51.1	43.7	43.7	48.5	44.8	45.0	38.9	34.6	35.5	36.3	36.6	36.4	33.2	31.8	28.4	27.8	26.3	26.1	25.1	24.4	22.3	20.7	21.2	22.0	20.7
2018/01/16 15:43:36	45.9	23.6	23.6	45.2	45.2	52.5	52.5	50.4	50.4	47.5	47.0	50.8	43.1	44.7	38.0	33.7	36.3	36.9	37.1	37.0	34.2	32.0	29.8	26.8	25.2	25.2	24.0	23.7	21.7	21.0	21.0	21.9	20.7
2018/01/16 15:43:37	48.0	23.6	23.6	42.1	42.1	49.3	49.3	50.2	50.2	49.0	46.1	51.2	44.4	46.9	41.4	35.8	37.3	38.7	40.4	40.0	36.1	33.5	31.8	31.0	29.3	28.6	26.6	23.3	20.6	20.2	20.9	21.8	20.8
2018/01/16 15:43:38	48.6	23.2	23.2	39.3	39.3	47.0	47.0	46.2	46.2	46.2	46.0	51.1	46.4	48.2	41.8	35.4	38.0	39.5	40.0	40.9	38.2	34.1	31.6	30.1	29.3	29.7	27.7	28.0	22.2	21.1	21.0	21.8	20.7
2018/01/16 15:43:39	48.6	23.8	23.8	40.5	40.5	48.2	48.2	48.0	48.0	45.8	42.5	48.6	45.2	51.0	40.1	35.2	37.7	39.7	40.6	40.6	37.1	33.9	32.1	30.8	30.2	29.6	28.4	26.7	26.1	21.6	21.0	21.9	20.9
2018/01/16 15:43:40	47.8	27.0	27.0	37.3	37.3	46.8	46.8	48.2	48.2	44.8	43.4	47.5	46.6	50.7	40.9	31.4	35.2	36.9	38.4	37.9	36.8	35.2	32.7	31.0	30.0	30.6	28.9	24.6	21.4	20.9	20.9	21.6	20.6
2018/01/16 15:43:41	45.5	24.0	24.0	38.1	38.1	45.8	45.8	46.5	46.5	43.8	43.8	45.4	42.6	45.7	38.7	30.8	34.3	35.0	35.4	35.7	35.4	31.9	30.5	31.0	30.5	32.7	29.5	24.9	22.4	20.9	20.8	21.8	20.8
2018/01/16 15:43:42	46.8	25.4	25.4	39.9	39.9	48.0	48.0	49.1	49.1	48.8	49.8	52.2	46.9	45.8	37.0	30.6	34.4	35.8	36.0	36.0	34.5	32.1	29.8	30.9	31.9	33.1	30.2	26.5	23.8	20.9	21.0	22.0	20.6
2018/01/16 15:43:43	50.8	25.3	25.3	38.5	38.5	49.0	49.0	50.2	50.2	51.1	57.4	57.7	46.9	50.8	44.3	33.1	38.7	38.9	38.9	39.3	38.7	36.4	34.3	33.3	34.1	34.8	32.7	29.6	26.8	22.7	21.3	22.3	21.1
2018/01/16 15:43:44	51.3	23.6	23.6	39.1	39.1	46.5	46.5	49.3	49.3	46.9	43.5	60.1	52.7	47.7	39.7	35.0	38.6	40.6	38.0	39.2	38.7	35.2	33.4	33.7	33.0	33.6	31.8	27.7	23.8	22.1	21.7	22.0	21.1
2018/01/16 15:43:45	48.6	31.0	31.0	46.3	46.3	58.3	58.3	58.0	58.0	52.6	56.7	55.7	45.1	47.2	42.7	34.3	36.4	36.3	36.2	36.8	36.0	32.3	30.1	28.8	28.9	29.3	27.3	24.2	21.3	20.1	20.7	21.6	20.6
2018/01/16 15:43:46	47.2	26.5	26.5	39.0	39.0	54.1	54.1	56.5	56.5	49.7	54.3	53.6	42.8	45.9	39.0	35.0	36.4	35.5	36.0	36.5	33.9	32.4	29.1	29.4	29.7	30.2	29.3	26.2	23.6	22.0	21.4	22.1	21.0
2018/01/16 15:43:47	46.5	25.0	25.0	38.4	38.4	47.3	47.3	50.5	50.5	47.3	43.2	52.5	42.7	45.9	38.3	33.6	38.9	36.5	36.4	35.4	34.8	32.9	31.0	29.6	28.6	29.0	27.2	24.3	21.9	21.1	21.2	22.3	20.9
2018/01/16 15:43:48	45.9	26.6	26.6	40.0	40.0	50.1	50.1	50.9	50.9	46.8	43.9	46.7	40.8	44.5	36.5	31.5	35.1	37.8	37.1	36.7	36.6	35.5	30.7	28.7	28.3	27.1	25.2	22.9	20.7	20.6	21.0	21.9	20.9
2018/01/16 15:43:49	52.0	31.6	31.6	43.6	43.6	58.2	58.2	61.1	61.1	54.5	53.6	52.5	51.5	53.5	44.6	34.1	41.4	41.3	43.5	38.7	40.8	39.4	37.6	34.7	33.1	34.5	32.2	26.5	22.1	21.2	21.3	22.2	20.7
2018/01/16 15:43:50	47.8	25.2	25.2	39.5	39.5	48.3	48.3	50.0	50.0	45.9	48.2	48.0	43.8	50.0	38.9	32.3	35.7	36.2	38.3	39.3	38.7	35.6	31.8	31.3	29.1	29.6	26.3	23.3	20.8	20.3	20.9	21.7	20.7
2018/01/16 15:43:51	47.8	23.4	23.4	36.6	36.6	44.8	44.8	48.0	48.0	47.6	43.7	45.6	43.7	46.2	39.5	33.1	35.6	37.2	39.2	39.9	39.1	37.4	33.0	32.6	30.4	30.5	27.5	24.3	21.3	20.8	21.0	22.0	20.6
2018/01/16 15:43:52	47.6	22.7	22.7	36.6	36.6	46.6	46.6	48.3	48.3	47.3	42.4	47.4	44.4	45.4	40.1	32.5	34.2	39.6	38.3	39.5	37.9	36.2	32.1	32.4	31.0	31.2	28.9	25.1	21.6	21.1	21.0	22.1	21.1
2018/01/16 15:43:53	47.9	27.3	27.3	37.5	37.5	44.6	44.6	47.6	47.6	48.0	45.0	47.1	45.8	45.6	42.8	34.4	35.9	38.9	39.8	39.1	37.6	36.5	32.3	32.1	30.4	31.0	28.6	26.0	22.0	21.2	21.6	22.5	21.3
2018/01/16 15:43:54	52.7	28.8	28.8	41.4	41.4	46.2	46.2	51.6	51.6	52.0	47.7	52.6	48.8	51.6	45.2	39.2	40.2	44.0	44.1	43.5	42.6	40.3	38.6	37.9	36.1	39.0	33.0	29.7	27.7	22.4	21.6	22.5	21.7
2018/01/16 15:43:55	62.4	29.7	29.7	55.6	55.6	63.3	63.3	60.6	60.6	55.8	53.0	55.9	53.4	59.5	53.6	44.7	53.3	52.1	51.8	52.0	53.9	51.0	49.5	50.2	48.7	50.1	46.9	43.5	41.4	34.2	29.9	25.5	23.6
2018/01/16 15:43:56	64.1	35.6	35.6	57.3	57.3	65.9	65.9	63.8	63.8	57.5	51.8	57.0	55.3	61.5	55.0	45.3	54.6	55.2	54.0	50.0	54.1	51.5	53.3	54.0	51.9	50.3	49.3	45.0	39.7	34.5	30.0	27.0	24.8
2018/01/16 15:43:57	61.5	29.7	29.7	43.4	43.4	54.0	54.0	60.3	60.3	57.7	50.9	54.0	50.3	57.8	55.2	43.3	49.8	52.1	51.3	48.0	52.0	50.9	51.5	50.0	47.4	48.9	46.3	43.1	36.8	30.7	26.8	24.0	22.1
2018/01/16 15:43:58	58.1	26.7	26.7	45.7	45.7	51.9	51.9	52.0	52.0	49.5	47.5	52.5	48.0	53.7	50.9	41.2	44.5	47.1	46.2	45.0	49.8	48.5	48.2	47.2	43.9	45.5	41.4	38.3	32.5	27.2	22.9	22.5	21.1
2018/01/16 15:43:59	53.4	25.2	25.2	46.7	46.7	53.0	53.0	51.0	51.0	46.2	45.1	49.0	46.1	49.5	44.9	38.4	38.5	41.5	42.1	41.4	46.1	44.2	43.7	41.4	37.4	37.0	33.9	30.3	23.9	22.1	21.5	22.2	21.0
2018/01/16 15:44:00	50.8	27.7	27.7	45.1	45.1	55.4	55.4	56.5	56.5	50.8	43.5	44.2	44.7	48.9	44.6	37.1	38.5	39.9	40.1	39.1	42.1	41.8	40.6	37.1	34.0	32.5	30.0	25.6	21.7	21.1	21.4	22.3	21.0
2018/01/16 15:44:01	50.5	27.2	27.2	41.9	41.9	51.7	51.7	51.0	51.0	44.8	42.5	45.3	46.9	48.0	41.7	40.9	38.1	40.4	42.0	38.9	42.7	40.8	39.4	35.3	31.9	31.5	28.4	24.9	20.6	20.5	21.1	21.7	20.6
2018/01/16 15:44:02	54.1	25.8	25.8	41.6	41.6	53.2	53.2	54.6	54.6	49.2	49.3	49.4	51.8	54.6	46.6	43.1	40.4	44.5	48.1	44.3	43.8	42.5	40.5	36.7	34.1	33.1	30.6	26.4	22.0	20.6	20.9	22.0	20.7
2018/01/16 15:44:03	54.8	24.8	24.8	43.5	43.5	51.3	51.3	50.3	50.3	49.7	48.4	51.0	51.1	55.8	45.2	39.9	41.2	43.0	46.1	45.7	45.4	44.5	41.7	40.1	38.4	39.5	35.2	30.2	23.9	21.4	21.5	22.2	21.0
2018/01/16 15:44:04	62.7	30.7	30.7	50.8	50.8	59.8	59.8	57.0	57.0	49.8	49.4	55.6	52.4	57.2	52.8	45.0	51.5	52.3	54.8	56.1	54.3	51.6	47.9	48.3	46.5	47.7	46.6	40.9	35.2	28.4	27.1	23.9	21.9
2018/01/16 15:44:05	63.1	27.0	27.0	47.3	47.3	55.4	55.4	53.1	53.1	48.9	51.6	54.8	52.2	55.2	54.3	44.6	51.6	55.8	54.5	53.4	54.3	52.7	52.1	49.8	47.6	48.9	46.9	42.0	34.9	29.1	23.9	24.0	21.6
2018/01/16 15:44:06	61.1	30.1	30.1	44.0	44.0	54.6	54.6	59.8	59.8	61.8	57.1	55.5	54.0	56.4	53.7	40.3	46.1	49.7	50.3	52.2	53.7	52.1	51.1	45.8	42.2	44.1	41.4	37.7	28.7	23.1	21.5	22.0	20.7
2018/01/16 15:44:07	56.5	25.6	25.6	41.3	41.3	51.8	51.8	52.2	52.2	44.1	42.7	46.4	46.2	53.3	49.6	37.4	38.6	43.7	47.2	49.2	49.4	47.4	45.4	40.6	37.0	37.2	34.0	31.0	23.5	20.4	21.0	21.7	20.8
2018/01/16 15:44:08	53.3	25.2	25.2	41.6	41.6	50.4	50.4	50.8	50.8	47.3	43.4	46.5	45.5	49.8	43.5	34.2	34.8	38.4	41.6	46.4	47.6	44.8	40.6	35.3	32.0	31.2	28.4	25.0	20.6	20.5	21.0	21.8	20.7
2018/01/16 15:44:09	49.0	23.2	23.2	39.6	39.6	47.8	47.8	47.0	47.0	43.0	40.4	42.4	40.5	47.3	43.1	34.7	32.7	38.1	37.9	40.5	42.3	40.1	36.8	31.9	28.6	27.6	24.6	22.2	20.2	20.4	20.9	21.9	20.7
2018/01/16 15:44:10	47.6	22.9	22.9	34.4	34.4	43.2	43.2	45.7	45.7	43.9	40.6	41.4	39.5	44.8	40.8	34.0	32.6	37.1	39.1	40.0	40.7	37.9	34.2	30.0	26.3	25.5	22.8	21.4	20.1	19.9	20.9	21.8	20.9
2018/01/16 15:44:11	46.5	22.3	22.3	33.4	33.4	44.3	44.3	45.9	45.9	41.9	38.9	40.2	39.8	42.0	39.9	33.4	33.7	35.1	35.4	38.9	40.6	37.4	32.4	27.7	25.9	23.5	21.8	20.5	19.9	19.9	20.8	21.7	20.6
2018/01/16 15:44:12	45.4	22.6	22.6	32.9	32.9	41.5	41.5	43.9	43.9	42.1	39.3	42.0	39.6	40.8	37.5	31.4	32.0	35.3	35.2	38.6	39.1	35.7	29.8	25.5	24.1	22.9	21.2	20.8	19.6	20.2	20.6	21.8	20.6
2018/01/16 15:44:13	44.9	23.0	23.0	34.0	34.0	43.4	43.4	44.6	44.6	39.4	37.5	40.7	38.0	40.9	37.5	29.2	32.7	34.5	33.6	37.4	39.1	35.0	29.6	26.0	24.8	23.7	23.2	21.7	20.2	20.5	20.9	21.9	20.6
2018/01/16 15:44:14	44.6	23.1	23.1	35.3	35.3	43.6	43.6	43.5	43.5	39.2	39.2	41.5	38.5	41.3	36.8	29.8	31.1	32.8	34.5	38.8	37.9	32.5	28.6	25.7	24.3	27.2	23.6	22.5	20.6	20.5	21.1	22.0	20.8
2018/01/16 15:44:15	43.0	23.4	23.4	36.2	36.2	46.4	46.4	47.0	47.0	42.5	39.9	42.0	37.4	40.7	35.1	27.7	31.0	32.3	32.7	36.0	35.3	31.5	27.8	25.0	24.3	24.8	23.8	22.9	20.5	20.3	20.8	22.0	20.9
2018/01/16 15:44:16	41.9	25.0	25.0	36.1	36.1	49.4	49.4	50.3	50.3	41.4	42.1	41.5	39.4	41.1	33.0	28.0	31.0	31.6	31.8	32.8	31.9	29.0	28.7	27.3	25.6	25.5	24.5	23.5	20.5	20.6	20.9	21.9	20.8
2018/01/16 15:44:17	39.9	22.4	22.4	36.5	36.5	44.6	44.6	44.1	44.1	40.1	39.8	41.3	37.3	38.8	32.7	26.5	29.8	30.2	30.4	31.1	29.4	27.4	24.8	23.5	22.8	23.0	22.1	21.5	20.2	20.3	20.8	21.9	20.8
2018/01/16 15:44:18	42.0	22.8	22.8	36.5	36.5	44.9	44.9	44.8	44.8	41.6	40.4	43.4	38.0	39.9	31.7	27.3	31.1	30.8	30.5	31.6	30.7	27.1	26.3	28.5	31.2	29.6	29.8	26.9	23.5	21.7	21.7	22.0	20.9
2018/01/16 15:44:19	41.3	22.8	22.8	36.6	36.6	45.4	45.4	44.8	44.8	42.4	42.5	43.4	38.6	41.8	33.2	27.7	31.6	30.9	30.7	32.0	31.1	27.3	25.5	26.1	25.0	24.9	24.7	22.3	21.0	20.6	20.9	21.9	20.9
2018/01/16 15:44:20	42.0	23.4	23.4	37.2	37.2	47.7	47.7	48.5	48.5	44.9	45.3	44.3	37.3	40.6	32.2	29.2	31.7	32.2	32.7	32.6	32.5	29.4	26.5	27.0	23.4	23.1	21.8	20.9	19.7	19.9	21.0	21.9	20.9
2018/01/16 15:44:21	42.9	23.3	23.3	35.8	35.8	45.9	45.9	47.1	47.1	44.6	43.9	45.7	39.7	42.8	32.7	29.1	32.4	33.4	33.9	33.2	33.5	31.0	26.8	26.0	23.6	23.2	21.2	20.5	20.0	19.8	20.6	21.8	20.7
2018/01/16 15:44:22	43.9	23.1	23.1	35.3	35.3	45.0	45.0	46.8	46.8	44.3	44.0	45.5	40.9	46.3	34.8	30.3	32.6	33.8	34.7	35.2	33.0	30.1	28.0	27.3	25.4	24.2	22.2	21.5	20.2	20.3	20.9	22.0	20.6
2018/01/16 15:44:23	42.0	25.3	25.3	35.6	35.6	45.4	45.4	46.7	46.7	44.6	42.7	43.7	38.5	41.0	34.0	30.7	31.5	32.0	32.4	32.8	32.4	29.3	27.0	26.0	24.7	24.3	22.5	20.9	19.7	20.0	20.9	21.8	20.6
2018/01/16 15:44:24	42.8	24.7	24.7	36.8	36.8	46.6	46.6	47.4	47.4	43.1	42.7	43.7	39.2	41.5	35.5	30.6	31.1	32.6	34.7	34.5	33.5	29.8	27.1	25.8	24.4	24.3	22.8	21.5	20.1	20.3	20.9	21.9	20.8
2018/01/16 15:44:25	43.1	23.8	23.8	37.5	37.5	47.9	47.9	48.9	48.9	47.1	42.4	42.1	37.6	41.6	35.8	32.6	32.5	33.4	34.5	34.3	33.0	30.3	27.8	27.7	26.7	26.7	25.3	21.4	19.9	20.3	20.6	21.8	20.7
2018/01/16 15:44:26	42.2	24.3	24.3	37.5	37.5	49.1	49.1	49.2	49.2	43.8	41.5	42.8	38.0	40.0	36.9	31.1	32.1	32.5	33.8	33.7	31.1	28.6	26.4	26.0	25.0	25.5	24.3	21.7	20.2	20.2	20.7	21.8	20.7
2018/01/16 15:44:27	42.3	24.0	24.0	37.1	37.1	46.7	46.7	46.6	46.6	42.3	40.8	42.9	39.1	41.8	38.7	30.6	32.0	32.2	34.5	32.2	31.4	28.1	26.0	25.2	24.7	25.8	23.7	21.1	20.0	20.1	20.6	21.9	20.7
2018/01/16 15:44:28	41.7	24.8	24.8	39.5	39.5	48.3	48.3	48.4	48.4	45.1	39.8	41.9	37.8	41.0	38.3	31.4	31.1	32.0	32.0	31.1	30.6	28.9	26.2	25.9	25.1	26.5	24.1	21.0	20.1	20.2	20.7	21.8	20.6
2018/01/16 15:44:29	42.6	24.7	24.7	41.6	41.6	51.0	51.0	50.2	50.2	43.5	42.2	45.1	41.5	41.2	38.1	30.4	32.6	32.7	33.4	31.9	30.6	29.3	25.9	25.7	24.7	27.5	24.5	22.0	20.4	20.5	20.8	21.9	20.9
2018/01/16 15:44:30	42.9	24.9	24.9	42.7	42.7	51.5	51.5	50.0	50.0	44.4	42.7	43.7	40.8	41.5	37.7	31.8	33.0	33.0	33.5	32.7	31.4	31.0	27.4	26.6	25.5	27.7	25.2	22.6	20.5	20.4	21.0	21.9	20.8
2018/01/16 15:44:31	43.5	22.9	22.9	39.9	39.9	48.5	48.5	47.1	47.1	41.7	40.1	42.5	39.8	43.2	38.2	32.1	32.1	32.5	34.1	34.1	33.8	32.2	28.9	27.4	26.3	27.2	24.1	21.8	20.0	20.1	20.6	21.9	20.8
2018/01/16 15:44:32	45.1	27.0	27.0	44.1	44.1	53.9	53.9	52.7	52.7	48.1	48.4	47.6	41.6	44.3	38.2	31.9	34.3	35.0	34.8	35.7	34.2	33.3	29.5	27.9	27.2	27.2	24.4	21.5	20.0	20.0	20.8	21.6	20.6
2018/01/16 15:44:33	46.6	24.6	24.6	41.6	41.6	51.5	51.5	50.7	50.7	46.5	47.0	46.6	42.1	46.1	39.0	34.3	34.2	35.7	36.7	38.4	37.9	35.4	31.8	29.5	28.3	27.8	25.1	21.6	19.8	20.1	20.8	21.8	20.8
2018/01/16 15:44:34	48.5	26.1	26.1	42.3	42.3	54.2	54.2	55.3	55.3	46.5	46.7	46.8	44.3	48.4	40.0	34.4	37.1	35.9	38.3	41.2	40.3	37.5	33.4	30.7	30.1	28.9	26.1	22.5	20.1	20.3	20.8	21.9	20.8
2018/01/16 15:44:35	48.2	25.3	25.3	41.9	41.9	51.8	51.8	52.0	52.0	45.3	40.6	44.6	44.7	45.6	39.9	37.5	35.9	36.9	38.5	37.3	38.6	39.6	37.4	34.2	32.8	31.7	28.7	24.4	20.6	20.4	20.9	21.8	20.7
2018/01/16 15:44:36	54.5	24.3	24.3	39.4	39.4	50.2	50.2	51.9	51.9	49.7	50.7	50.4	49.3	51.4	44.4	38.8	38.5	40.4	42.3	45.0	45.7	47.1	44.1	40.6	39.2	38.8	35.6	30.4	24.5	21.2	21.1	22.0	21.0
2018/01/16 15:44:37	62.4	27.3	27.3	43.3	43.3	60.3	60.3	63.6	63.6	56.6	56.5	56.7	49.9	54.3	48.5	43.6	47.7	48.8	50.3	53.8	54.0	53.7	50.4	50.8	50.5	49.3	48.2	41.4	37.5	30.7	27.0	26.1	24.5
2018/01/16 15:44:38	64.8	35.4	35.4	51.5	51.5	65.5	65.5	67.7	67.7	60.1	52.9	55.1	52.7	57.2	53.3	45.6	52.2	54.2	53.8	51.1	56.8	55.1	55.7	54.1	51.4	50.2	49.5	44.0	38.1	32.8	28.6	27.0	24.7
2018/01/16 15:44:39	59.3	32.6	32.6	51.7	51.7	59.8	59.8	57.8	57.8	53.1	49.7	49.5	46.6	53.3	47.6	39.5	43.7	47.8	47.2	46.8	50.0	51.2	51.5	48.3	45.1	43.3	41.6	35.9	28.6	23.4	21.6	22.1	20.9
2018/01/16 15:44:40	54.7	32.1	32.1	51.4	51.4	58.3	58.3	53.9	53.9	47.1	46.1	47.6	43.3	49.9	42.9	36.8	39.7	43.3	42.2	42.4	47.4	46.2	46.3	42.5	39.2	38.9	36.3	31.8	25.7	21.4	21.1	22.0	21.0
2018/01/16 15:44:41	50.4	25.4	25.4	46.8	46.8	53.9	53.9	50.6	50.6	45.5	42.8	43.0	42.0	48.3	39.7	33.6	35.5	37.3	37.0	37.4	43.0	42.9	41.3	37.1	34.3	31.7	28.3	23.8	20.5	20.4	20.8	21.7	21.0
2018/01/16 15:44:42	47.1	23.9	23.9	48.0	48.0	54.3	54.3	51.4	51.4	45.0	41.4	42.1	38.7	46.4	40.2	32.5	34.6	37.5	34.7	35.3	39.4	37.8	36.3	33.1	29.8	28.2	25.0	22.2	20.1	20.1	20.8	21.6	20.9
2018/01/16 15:44:43	45.5	24.3	24.3	44.4	44.4	51.4	51.4	50.2	50.2	46.0	43.0	41.9	37.4	45.3	38.6	32.8	32.8	36.7	34.8	33.9	37.8	34.9	33.0	29.4	27.3	27.1	25.1	23.0	20.8	20.7	21.2	21.9	20.8
2018/01/16 15:44:44	44.5	24.9	24.9	36.2	36.2	45.0	45.0	47.3	47.3	45.0	40.4	42.7	38.0	42.6	38.1	31.6	32.1	34.5	33.8	33.4	35.5	33.4	31.3	29.3	29.0	30.8	31.0	28.3	24.9	23.5	22.2	23.0	21.8
2018/01/16 15:44:45	41.5	24.6	24.6	34.7	34.7	44.1	44.1	46.2	46.2	43.7	41.3	40.2	37.8	42.3	33.5	28.6	29.3	30.8	29.5	29.4	30.9	30.0	28.1	26.7	26.4	27.7	27.4	25.9	23.2	22.2	21.7	22.5	21.6
2018/01/16 15:44:46	39.7	25.7	25.7	37.1	37.1	43.9	43.9	42.9	42.9	39.0	39.2	39.8	34.7	36.7	31.4	27.8	30.9	30.4	29.4	29.3	30.0	28.9	25.7	24.1	23.2	24.2	23.6	23.0	21.2	20.9	21.1	22.0	21.1
2018/01/16 15:44:47	41.2	25.1	25.1	32.1	32.1	41.5	41.5	45.3	45.3	44.5	40.5	39.7	35.3	37.1	31.9	28.0	30.1	29.8	30.4	29.7	30.7	29.7	25.9	27.4	27.7	29.7	29.6	27.4	24.3	22.7	21.8	22.6	21.5
2018/01/16 15:44:48	42.9	23.6	23.6	33.5	33.5	42.4	42.4	43.3	43.3	39.4	37.5	39.1	33.5	38.1	32.0	25.8	32.5	40.7	30.3	30.4	30.5	29.0	25.7	26.8	27.2	28.3	28.8	27.6	24.1	23.5	22.9	22.4	21.5
2018/01/16 15:44:49	38.4	23.2	23.2	31.7	31.7	44.4	44.4	47.0	47.0	41.0	37.2	37.2	32.3	36.2	29.8	25.5	28.5	28.3	27.7	28.0	27.7	25.8	25.0	25.2	22.4	23.4	23.8	22.7	20.6	20.9	21.2	21.9	20.8
2018/01/16 15:44:50	48.9	23.3	23.3	33.4	33.4	45.0	45.0	48.6	48.6	46.0	39.9	45.3	38.7	41.2	39.4	33.3	35.4	35.7	37.2	36.4	37.6	39.4	39.5	36.1	33.3	38.1	38.7	34.9	25.1	22.0	21.3	22.2	21.1
2018/01/16 15:44:51	43.0	23.4	23.4	35.4	35.4	45.6	45.6	48.3	48.3	45.6	45.1	45.5	39.3	40.1	34.6	27.6	31.5	33.3	34.8	31.5	32.3	31.3	30.6	28.4	26.1	26.7	26.2	23.7	20.5	20.2	21.2	22.0	21.0
2018/01/16 15:44:52	43.0	23.5	23.5	34.9	34.9	42.8	42.8	43.2	43.2	42.1	42.6	43.7	39.3	38.4	34.6	28.9	31.7	34.1	34.9	32.3	32.8	30.7	31.6	29.4	26.9	26.7	26.4	23.7	20.8	20.5	20.9	22.0	20.8
2018/01/16 15:44:53	43.2	23.1	23.1	33.6	33.6	40.9	40.9	42.6	42.6	41.7	41.4	42.8	38.0	38.5	34.0	28.0	31.7	33.5	35.3	32.0	33.7	32.7	32.1	29.1	26.7	27.7	26.4	23.5	20.6	20.4	21.2	22.3	21.0
2018/01/16 15:44:54	43.0	23.9	23.9	34.7	34.7	41.7	41.7	44.4	44.4	41.5	40.4	45.4	39.9	38.8	32.6	27.7	32.1	35.0	34.8	31.4	32.1	31.3	31.8	28.4	26.4	25.9	25.9	23.4	20.0	20.4	21.1	22.2	20.6
2018/01/16 15:44:55	47.1	24.5	24.5	37.2	37.2	43.6	43.6	46.7	46.7	46.5	44.6	45.5	43.1	42.6	37.8	35.4	36.8	39.2	37.3	35.2	38.2	36.6	36.1	33.9	30.9	29.8	29.2	28.2	21.3	20.7	21.0	22.2	20.9
2018/01/16 15:44:56	47.9	27.0	27.0	39.5	39.5	44.2	44.2	47.5	47.5	46.7	44.4	45.2	41.0	43.6	35.6	35.6	37.4	40.4	38.9	36.3	39.7	37.7	36.2	34.2	32.0	30.6	30.5	28.8	21.8	20.6	20.8	22.1	20.9
2018/01/16 15:44:57	47.5	27.1	27.1	41.0	41.0	46.3	46.3	48.3	48.3	46.6	44.0	45.4	40.1	42.4	35.5	35.2	38.8	40.6	39.5	34.8	38.2	36.6	35.6	34.3	31.3	30.7	30.4	28.3	21.7	20.3	20.9	21.6	20.6
2018/01/16 15:44:58	48.8	26.7	26.7	41.7	41.7	46.1	46.1	47.7	47.7	47.0	45.8	46.7	42.8	44.5	40.0	39.3	40.1	41.9	40.6	36.1	39.1	38.2	36.8	35.1	30.9	30.7	30.7	27.7	22.0	20.4	21.0	22.0	20.7
2018/01/16 15:44:59	49.2	30.2	30.2	41.8	41.8	46.6	46.6	51.0	51.0	48.7	45.9	48.4	42.9	42.8	38.0	35.5	38.6	39.9	38.3	39.2	41.8	39.1	37.9	36.5	32.0	31.2	31.3	28.5	21.6	20.5	20.8	22.1	20.7
2018/01/16 15:45:00	48.9	30.2	30.2	41.6	41.6	48.9	48.9	50.5	50.5	47.1	44.0	46.7	42.2	42.8	38.5	35.7	39.5	39.6	38.9	38.9	40.8	39.5	37.4	35.3	31.6	31.7	30.5	27.8	21.5	20.7	21.0	21.9	20.8
2018/01/16 15:45:01	47.9	25.0	25.0	37.0	37.0	44.9	44.9	47.3	47.3	47.3	45.4	48.2	43.3	43.2	39.3	33.0	36.1	36.2	38.2	38.2	39.7	37.6	35.2	34.1	31.7	32.8	32.0	28.2	21.6	20.3	22.2	21.8	20.7
2018/01/16 15:45:02	48.3	26.5	26.5	38.1	38.1	47.5	47.5	49.5	49.5	48.0	47.3	47.9	41.8	45.1	39.8	33.0	37.1	37.8	39.0	38.8	38.7	38.0	36.6	35.0	32.5	31.8	30.9	26.7	21.1	20.2	21.5	21.6	20.6
2018/01/16 15:45:03	46.7	25.0	25.0	40.0	40.0	48.4	48.4	49.8	49.8	46.0	43.7	45.7	42.1	43.3	38.3	32.8	36.8	37.3	37.0	38.1	37.1	36.9	33.9	32.4	29.2	29.9	28.6	24.8	20.9	20.2	20.8	21.7	20.7
2018/01/16 15:45:04	44.9	25.0	25.0	42.7	42.7	51.1	51.1	50.3	50.3	45.2	43.6	45.4	41.6	44.5	37.4	31.6	34.5	36.8	36.0	33.8	33.6	33.2	32.1	30.8	27.2	27.0	27.4	23.7	20.5	20.3	20.8	21.8	20.6
2018/01/16 15:45:05	45.5	25.4	25.4	40.5	40.5	50.0	50.0	50.8	50.8	45.7	42.7	46.0	42.2	44.8	39.1	31.9	35.8	37.9	36.2	33.7	34.4	33.6	32.1	30.3	27.7	28.5	28.6	25.2	21.3	21.0	21.2	22.1	21.1
2018/01/16 15:45:06	47.9	26.9	26.9	43.2	43.2	51.0	51.0	52.2	52.2	52.4	46.9	48.6	43.4	46.3	40.3	34.5	35.7	38.3	38.3	36.8	37.0	36.4	34.2	33.6	33.2	34.0	32.2	27.8	24.2	21.9	21.7	22.2	21.1
2018/01/16 15:45:07	52.4	26.5	26.5	42.1	42.1	52.5	52.5	56.2	56.2	54.5	48.1	51.4	46.9	50.0	43.4	37.1	39.7	42.4	42.4	43.3	43.5	41.1	39.5	38.8	37.6	37.9	36.8	30.6	25.6	21.8	21.8	22.2	21.0
2018/01/16 15:45:08	61.4	30.4	30.4	46.8	46.8	57.4	57.4	57.3	57.3	59.2	60.9	57.2	52.7	58.6	49.4	41.4	48.5	50.9	50.1	51.1	51.7	48.4	49.2	49.8	50.1	49.6	49.3	41.7	35.9	29.4	26.0	25.4	23.4
2018/01/16 15:45:09	63.0	31.3	31.3	46.4	46.4	59.2	59.2	60.4	60.4	59.1	61.4	56.8	51.3	58.7	54.3	42.7	49.2	53.6	52.0	50.0	53.5	51.1	54.3	52.2	48.9	49.9	47.8	42.4	34.7	29.4	26.1	26.8	29.4
2018/01/16 15:45:10	59.1	28.0	28.0	43.9	43.9	56.5	56.5	57.2	57.2	50.7	54.5	53.3	49.9	53.0	48.4	39.2	43.0	47.7	46.8	47.3	50.8	49.0	51.1	48.6	45.0	45.2	42.1	37.5	29.4	24.0	22.1	22.3	21.2
2018/01/16 15:45:11	56.1	29.4	29.4	44.8	44.8	57.0	57.0	56.7	56.7	47.6	48.7	49.5	48.4	50.7	44.6	39.6	39.1	43.9	43.8	44.5	47.9	48.1	47.4	45.2	40.2	40.0	35.9	30.6	23.9	21.0	21.2	22.2	20.9
2018/01/16 15:45:12	55.7	35.4	35.4	50.9	50.9	61.9	61.9	60.2	60.2	47.9	46.5	47.1	47.3	50.1	45.8	40.1	40.6	45.1	43.9	45.1	48.5	47.1	46.2	43.4	39.2	38.2	33.8	29.0	23.5	20.8	21.1	21.8	20.8
2018/01/16 15:45:13	59.9	36.3	36.3	54.1	54.1	64.3	64.3	62.8	62.8	52.8	49.0	49.2	47.4	53.1	50.2	40.6	43.2	49.2	48.6	48.5	52.2	52.4	51.3	46.4	42.5	43.6	39.9	34.9	27.9	22.9	21.8	22.3	21.0
2018/01/16 15:45:14	68.0	35.1	35.1	52.5	52.5	61.4	61.4	61.3	61.3	59.8	53.7	54.7	54.4	61.2	56.9	47.8	53.9	59.1	59.1	57.9	59.8	59.4	57.9	54.4	52.2	52.3	49.8	45.5	40.3	35.3	34.0	30.2	27.0
2018/01/16 15:45:15	66.7	33.4	33.4	47.2	47.2	58.4	58.4	58.2	58.2	58.1	60.9	61.0	55.5	61.5	57.6	47.1	55.5	58.3	58.0	57.8	58.6	55.9	53.7	52.1	53.1	51.1	50.2	45.8	41.2	37.9	36.2	33.1	31.8
2018/01/16 15:45:16	56.6	30.7	30.7	51.7	51.7	59.3	59.3	57.2	57.2	51.7	48.7	54.0	51.7	53.7	46.5	40.8	41.3	45.1	45.1	47.7	48.5	47.8	45.2	43.2	40.9	41.1	38.2	33.7	26.6	21.8	21.4	22.0	21.0
2018/01/16 15:45:17	62.0	34.7	34.7	53.5	53.5	59.1	59.1	57.5	57.5	55.7	53.3	53.6	53.7	58.1	51.5	43.1	47.0	51.8	50.8	52.5	53.4	53.8	52.1	49.3	46.4	46.6	43.8	41.0	34.2	26.1	24.2	22.9	21.6
2018/01/16 15:45:18	65.1	33.4	33.4	47.0	47.0	58.9	58.9	60.3	60.3	56.6	56.5	57.3	53.9	59.3	54.4	45.4	52.8	56.8	55.4	55.4	56.8	54.3	53.5	52.3	50.0	51.1	51.2	50.2	45.6	37.6	36.6	31.4	29.0
2018/01/16 15:45:19	58.9	34.8	34.8	49.5	49.5	59.0	59.0	60.8	60.8	55.1	51.8	56.1	55.2	58.6	47.1	41.4	45.4	47.9	47.9	52.1	50.3	47.1	45.2	42.6	42.6	42.8	42.8	40.7	35.4	28.7	26.7	24.9	23.8
2018/01/16 15:45:20	52.0	27.7	27.7	49.0	49.0	58.1	58.1	58.4	58.4	53.8	51.5	53.7	48.5	52.0	43.1	37.6	40.7	41.8	41.5	44.1	43.1	38.8	36.8	34.6	33.3	33.9	32.5	29.5	23.6	21.3	21.0	21.9	20.8
2018/01/16 15:45:21	51.3	27.4	27.4	45.7	45.7	55.1	55.1	56.6	56.6	53.4	50.4	50.7	47.4	52.3	45.4	37.5	41.0	39.8	41.1	41.5	41.6	38.6	38.2	35.7	34.2	34.4	33.1	30.2	26.5	28.0	25.9	23.7	21.6
2018/01/16 15:45:22	52.1	28.4	28.4	47.9	47.9	60.2	60.2	62.5	62.5	54.8	48.3	54.1	49.8	52.7	45.4	37.9	41.2	41.7	41.6	43.2	41.7	38.7	36.5	35.0	33.0	33.2	31.6	27.8	21.6	20.4	21.0	21.7	20.6
2018/01/16 15:45:23	69.6	29.8	29.8	44.2	44.2	61.5	61.5	64.7	64.7	58.5	54.8	55.1	49.7	54.8	50.0	50.1	42.7	68.6	61.4	57.9	62.0	53.0	52.0	43.3	40.7	37.1	33.2	29.5	22.6	20.6	20.7	21.9	20.8
2018/01/16 15:45:24	59.1	33.4	33.4	46.0	46.0	63.4	63.4	66.2	66.2	58.8	53.2	55.5	52.3	57.5	50.0	42.3	45.7	52.8	50.4	50.7	50.0	46.3	45.1	43.1	41.7	41.6	40.8	35.4	29.2	26.3	23.7	24.4	24.4
2018/01/16 15:45:25	60.6	36.0	36.0	49.0	49.0	64.4	64.4	66.2	66.2	58.2	56.1	57.3	53.3	59.3	50.4	44.0	49.6	52.1	51.3	51.0	51.3	48.9	48.6	47.7	45.8	44.8	43.8	40.0	31.3	26.1	23.2	22.9	22.0
2018/01/16 15:45:26	63.5	44.4	44.4	57.7	57.7	73.1	73.1	73.9	73.9	63.1	64.6	62.4	58.1	59.4	53.3	47.1	53.4	54.2	53.6	53.6	53.7	51.9	50.3	49.5	47.4	48.7	49.3	44.9	36.0	31.0	25.9	24.5	22.9
2018/01/16 15:45:27	63.8	40.1	40.1	53.8	53.8	68.3	68.3	68.6	68.6	57.3	58.3	59.2	58.3	61.2	53.6	47.2	52.1	54.9	54.5	53.0	55.5	52.4	51.7	50.7	46.7	49.0	49.4	44.9	34.8	29.5	25.2	24.0	22.4
2018/01/16 15:45:28	64.2	35.4	35.4	48.1	48.1	61.6	61.6	61.8	61.8	52.9	55.4	54.9	54.0	62.9	54.6	43.9	51.4	55.9	56.7	52.6	56.8	54.2	52.0	48.7	45.9	47.7	45.8	42.3	33.2	27.8	24.6	23.7	22.3
2018/01/16 15:45:29	64.1	31.2	31.2	45.9	45.9	58.3	58.3	58.7	58.7	53.8	54.6	55.9	55.2	63.5	53.4	47.4	54.5	57.0	57.2	51.2	54.6	52.7	51.7	50.0	47.7	48.4	46.3	42.5	37.5	34.4	30.5	28.3	27.8
2018/01/16 15:45:30	57.6	32.4	32.4	49.1	49.1	60.8	60.8	60.3	60.3	52.1	50.3	57.7	57.3	58.2	45.4	41.6	47.6	48.3	47.6	47.6	48.2	45.5	42.1	41.8	41.0	41.8	40.1	37.5	33.2	30.3	28.5	26.8	27.4
2018/01/16 15:45:31	50.2	28.4	28.4	46.9	46.9	56.7	56.7	56.7	56.7	51.1	51.4	55.4	46.3	51.8	41.3	33.6	36.2	37.2	39.2	39.9	40.4	37.0	35.4	32.9	31.8	33.1	30.9	26.8	21.9	20.9	21.2	22.1	20.9
2018/01/16 15:45:32	47.0	27.9	27.9	45.7	45.7	53.7	53.7	52.0	52.0	49.2	48.3	47.1	46.0	49.0	39.2	35.0	35.7	36.2	35.5	36.3	37.0	34.2	33.0	29.8	29.2	29.5	27.4	23.6	20.6	19.9	20.8	21.6	20.7
2018/01/16 15:45:33	46.5	25.7	25.7	45.0	45.0	52.8	52.8	50.4	50.4	47.6	46.9	48.5	43.6	48.0	38.8	35.6	36.0	36.5	35.2	35.7	35.4	34.2	32.5	29.8	29.6	29.3	27.9	25.5	20.8	20.1	20.8	21.9	20.8
2018/01/16 15:45:34	48.2	25.2	25.2	43.4	43.4	50.7	50.7	47.3	47.3	47.6	45.9	46.1	47.0	50.0	40.9	40.2	38.8	37.9	39.2	36.1	35.9	34.1	33.5	31.6	33.1	32.8	31.5	29.4	22.9	21.1	20.8	21.8	20.5
2018/01/16 15:45:35	47.5	24.1	24.1	38.3	38.3	46.7	46.7	47.8	47.8	47.1	45.8	45.5	44.4	48.1	37.8	38.5	40.1	37.9	38.2	38.8	36.7	33.7	31.8	31.0	31.3	30.9	29.6	26.6	21.4	20.6	20.8	21.8	20.6
2018/01/16 15:45:36	49.8	24.8	24.8	38.6	38.6	47.4	47.4	48.0	48.0	47.2	46.6	46.3	46.1	50.3	44.7	40.3	38.4	41.1	41.8	41.1	37.8	36.7	33.9	33.0	33.5	34.4	31.8	28.0	25.7	23.0	21.5	22.4	22.1
2018/01/16 15:45:37	49.2	24.4	24.4	41.1	41.1	48.9	48.9	48.7	48.7	47.8	46.0	46.6	44.2	48.0	42.2	38.9	39.1	41.6	42.8	40.4	37.7	35.5	32.8	32.1	32.1	34.3	29.7	26.4	22.0	20.8	21.0	21.8	20.9
2018/01/16 15:45:38	48.4	26.9	26.9	41.5	41.5	48.9	48.9	47.9	47.9	45.1	44.3	44.6	42.7	46.7	38.1	38.5	38.8	40.3	43.6	39.9	37.5	33.6	31.6	30.2	28.2	28.3	25.4	22.9	20.7	20.5	20.9	22.0	20.9
2018/01/16 15:45:39	46.7	25.6	25.6	39.0	39.0	48.5	48.5	48.2	48.2	44.5	43.7	44.0	40.5	43.7	37.6	36.1	36.7	39.3	40.7	39.5	36.6	32.6	29.8	27.6	25.5	25.1	25.1	22.6	20.6	20.4	20.8	21.7	20.7
2018/01/16 15:45:40	46.4	23.5	23.5	38.3	38.3	46.8	46.8	46.7	46.7	44.3	42.0	45.4	39.2	43.2	38.6	37.5	37.9	39.7	39.9	38.4	35.2	32.1	29.6	28.4	26.8	26.8	26.4	23.9	21.8	20.9	21.2	22.0	20.9
2018/01/16 15:45:41	46.6	24.0	24.0	39.3	39.3	47.0	47.0	45.6	45.6	44.0	41.4	43.8	38.2	43.1	38.1	33.3	36.5	39.1	40.3	38.9	35.7	32.5	30.9	30.3	29.2	29.6	29.6	27.4	24.7	22.9	22.5	22.6	21.8
2018/01/16 15:45:42	45.8	24.3	24.3	41.8	41.8	49.8	49.8	49.3	49.3	44.3	42.2	44.5	39.6	42.3	39.8	33.7	35.0	36.4	37.2	38.6	35.0	33.8	30.3	29.3	28.6	30.4	29.8	28.6	25.4	23.6	23.0	23.1	22.6
2018/01/16 15:45:43	49.7	24.9	24.9	42.7	42.7	51.0	51.0	52.2	52.2	52.4	47.9	54.1	47.2	47.9	43.2	41.8	38.6	39.6	42.7	39.4	36.6	35.2	33.7	33.1	31.9	31.7	29.4	26.4	22.9	21.6	21.5	22.2	21.5
2018/01/16 15:45:44	47.6	26.2	26.2	46.6	46.6	55.0	55.0	53.5	53.5	48.9	44.2	46.2	41.3	43.4	39.6	34.5	37.7	39.0	39.6	39.2	36.6	36.4	35.3	32.4	31.1	30.3	29.2	24.5	21.4	20.4	21.0	22.0	20.8
2018/01/16 15:45:45	49.8	29.0	29.0	48.5	48.5	57.0	57.0	54.4	54.4	46.8	44.7	46.5	41.6	44.1	38.9	34.5	40.0	41.1	41.6	41.9	39.3	39.7	37.0	35.8	35.1	33.8	32.3	29.1	24.5	22.6	21.9	22.6	21.5
2018/01/16 15:45:46	51.1	28.4	28.4	49.6	49.6	57.4	57.4	54.1	54.1	46.3	44.5	46.3	41.7	45.3	39.9	36.5	38.1	40.1	42.3	43.5	43.2	42.0	39.7	36.5	33.4	32.7	31.3	27.2	23.2	22.0	21.9	22.3	21.1
2018/01/16 15:45:47	54.1	27.3	27.3	49.4	49.4	54.8	54.8	51.8	51.8	49.1	47.0	49.5	48.3	51.0	44.9	38.8	40.4	43.3	45.4	46.3	44.9	44.9	42.9	39.3	36.4	35.7	34.0	29.6	23.7	21.7	21.6	22.2	21.1
2018/01/16 15:45:48	59.9	33.8	33.8	47.3	47.3	54.5	54.5	54.7	54.7	48.1	46.8	52.7	48.7	55.3	51.0	38.9	44.1	49.6	50.8	51.8	52.2	50.6	49.6	46.1	41.8	42.5	40.3	35.8	29.1	24.2	21.7	22.3	21.2
2018/01/16 15:45:49	65.5	31.8	31.8	49.0	49.0	61.4	61.4	62.1	62.1	53.9	53.2	57.3	57.5	60.9	52.6	43.6	52.4	58.4	58.0	56.5	56.4	53.8	54.8	51.7	49.5	49.5	49.1	46.3	38.9	34.6	32.2	29.5	27.3
2018/01/16 15:45:50	63.8	34.0	34.0	49.3	49.3	60.9	60.9	60.5	60.5	53.9	52.2	57.5	56.9	58.2	49.9	42.8	53.9	57.6	56.4	55.5	54.7	49.3	49.0	49.7	48.9	48.7	49.0	46.4	39.9	38.1	33.3	31.4	29.9
2018/01/16 15:45:51	52.6	26.5	26.5	45.8	45.8	53.6	53.6	52.2	52.2	49.5	49.3	52.6	49.7	50.7	40.9	36.2	40.5	41.5	43.7	44.4	43.5	41.4	38.4	38.6	37.2	37.2	34.9	31.4	24.9	22.3	21.6	22.1	20.8
2018/01/16 15:45:52	55.9	28.7	28.7	45.5	45.5	56.3	56.3	57.5	57.5	55.3	51.1	54.1	50.2	54.2	45.9	38.7	43.0	44.9	47.8	48.9	44.8	45.2	42.5	42.0	40.6	40.2	37.9	33.3	27.5	23.6	22.4	22.3	21.5
2018/01/16 15:45:53	60.4	29.3	29.3	44.3	44.3	54.9	54.9	56.3	56.3	52.0	53.3	54.5	47.9	54.6	49.7	42.5	49.3	51.6	50.9	52.3	52.0	50.1	47.0	48.1	47.2	44.2	44.4	38.3	33.4	28.2	23.7	23.2	22.3
2018/01/16 15:45:54	60.3	28.1	28.1	44.4	44.4	54.3	54.3	54.5	54.5	49.9	54.0	56.0	48.6	54.4	50.3	40.8	50.1	50.9	49.7	49.8	52.1	50.9	51.1	46.4	44.0	45.3	43.0	37.0	30.0	26.9	23.2	22.8	21.2
2018/01/16 15:45:55	57.1	27.4	27.4	41.7	41.7	50.7	50.7	50.9	50.9	48.7	50.9	50.7	48.7	52.4	45.9	39.4	44.9	45.8	45.3	46.5	49.7	49.1	47.5	43.4	39.7	40.4	36.7	32.4	25.3	21.9	21.3	22.2	21.0

