DataTime                     	dB(A)	16	20	25	31.5	40	50	63	80	100	125	160	200	250	315	400	500	630	800	1000	1250	1600	2000	2500	3150	4000	5000	6300	8000	10000	12500	16000	20000
2018/01/18 18:22:43	55.0	25.7	25.7	43.1	43.1	51.8	51.8	52.6	52.6	48.1	41.7	45.0	41.2	44.9	44.0	41.8	42.4	43.0	44.6	48.5	48.7	46.7	42.3	38.8	34.5	32.9	31.7	26.4	21.9	21.4	21.4	22.3	21.0
2018/01/18 18:22:44	53.6	24.8	24.8	39.9	39.9	49.3	49.3	51.1	51.1	46.8	44.0	44.3	40.5	44.9	41.5	41.1	41.2	41.4	42.5	47.1	46.7	45.2	42.3	36.8	33.9	32.7	32.2	27.8	23.0	22.1	21.8	22.4	21.3
2018/01/18 18:22:45	53.5	26.3	26.3	42.4	42.4	50.5	50.5	52.0	52.0	48.2	43.0	42.6	38.6	43.1	43.2	39.4	41.6	40.6	43.2	46.7	47.4	44.6	41.4	37.5	33.7	31.1	29.7	26.0	20.9	20.4	20.9	21.8	20.5
2018/01/18 18:22:46	53.2	25.0	25.0	42.4	42.4	51.2	51.2	52.7	52.7	48.7	43.3	43.3	38.4	43.6	42.7	40.3	43.3	41.2	43.9	46.0	46.5	44.2	40.8	37.5	35.1	32.1	31.4	26.3	21.0	20.7	20.9	22.1	20.7
2018/01/18 18:22:47	52.9	24.8	24.8	40.9	40.9	50.6	50.6	52.5	52.5	47.5	42.7	42.9	40.1	42.1	40.6	39.4	42.5	42.4	43.7	45.3	45.2	43.7	41.9	39.2	36.4	34.4	32.4	27.6	23.1	21.2	21.1	22.0	20.8
2018/01/18 18:22:48	53.8	24.5	24.5	39.9	39.9	48.5	48.5	51.5	51.5	47.2	41.4	41.9	41.8	43.3	41.1	42.2	44.5	42.7	43.7	45.6	45.1	45.0	43.7	40.5	39.3	37.1	36.1	30.6	22.5	20.8	20.9	21.9	20.7
2018/01/18 18:22:49	57.3	25.8	25.8	42.0	42.0	51.6	51.6	53.9	53.9	48.3	41.6	43.0	41.2	42.8	41.9	46.7	46.7	46.3	47.3	48.6	49.1	49.1	47.2	43.6	41.6	40.9	40.5	35.6	26.9	24.1	25.4	25.1	25.5
2018/01/18 18:22:50	59.2	25.7	25.7	44.7	44.7	52.4	52.4	53.7	53.7	48.7	43.8	45.9	43.3	45.1	42.2	47.4	49.2	47.4	48.2	50.3	51.1	51.1	49.3	46.4	43.6	43.0	43.0	36.6	30.2	24.7	23.5	22.5	20.9
2018/01/18 18:22:51	63.2	26.5	26.5	40.9	40.9	53.0	53.0	55.3	55.3	48.8	47.3	47.8	47.9	48.5	48.0	52.5	52.7	52.9	53.2	54.1	54.5	55.0	51.9	49.9	47.4	48.1	49.2	43.3	36.6	30.7	28.6	24.7	22.7
2018/01/18 18:22:52	69.4	28.6	28.6	43.2	43.2	57.3	57.3	59.9	59.9	53.4	53.0	54.4	53.5	53.9	51.4	54.2	58.6	59.4	59.3	60.6	59.8	60.7	57.3	56.6	55.0	56.6	57.1	52.2	45.5	42.9	42.4	36.9	33.0
2018/01/18 18:22:53	69.5	28.9	28.9	44.6	44.6	57.9	57.9	60.2	60.2	56.4	57.6	56.3	54.1	55.7	53.0	54.3	57.6	58.1	60.0	63.3	61.3	59.6	57.2	56.3	52.0	53.9	55.5	51.0	45.9	42.2	42.9	36.8	32.1
2018/01/18 18:22:54	61.2	25.7	25.7	42.5	42.5	52.8	52.8	54.1	54.1	50.6	51.0	49.9	47.4	49.3	49.0	49.1	52.2	49.7	49.9	53.6	53.6	52.3	49.5	48.8	44.4	44.7	43.0	36.9	31.9	27.9	27.2	23.7	21.4
2018/01/18 18:22:55	57.1	25.6	25.6	45.0	45.0	52.8	52.8	52.4	52.4	49.6	47.1	46.2	42.0	46.0	46.5	45.6	48.4	46.0	45.6	49.4	50.0	49.0	44.6	42.7	39.4	38.6	37.2	31.5	25.5	22.3	22.1	22.1	20.7
2018/01/18 18:22:56	54.9	25.1	25.1	43.8	43.8	50.3	50.3	50.8	50.8	48.4	45.3	45.6	41.7	46.0	42.9	43.4	44.9	44.3	45.5	46.2	47.2	46.3	43.8	41.3	38.8	37.1	33.7	29.0	23.6	21.6	21.9	23.0	22.2
2018/01/18 18:22:57	56.1	25.6	25.6	43.2	43.2	51.3	51.3	52.2	52.2	48.6	45.7	47.8	42.2	47.7	44.8	44.0	45.6	44.7	45.9	48.5	48.0	47.7	44.5	42.0	39.3	40.2	35.4	31.9	26.2	27.9	24.5	24.0	22.8
2018/01/18 18:22:58	58.8	25.4	25.4	43.3	43.3	50.9	50.9	53.0	53.0	50.1	47.5	48.5	41.4	47.5	45.0	44.3	46.4	46.4	48.4	50.7	50.5	51.3	49.2	45.7	42.1	41.9	37.5	30.4	22.6	20.6	21.0	21.9	20.7
2018/01/18 18:22:59	63.3	25.1	25.1	41.3	41.3	49.4	49.4	52.0	52.0	49.8	46.7	47.7	43.2	47.4	47.8	46.1	50.0	50.4	50.9	54.0	55.3	55.0	54.0	52.0	50.7	49.2	44.4	36.6	28.4	23.4	21.6	22.0	20.8
2018/01/18 18:23:00	67.9	25.8	25.8	41.3	41.3	49.6	49.6	51.5	51.5	49.3	45.5	46.6	41.9	50.3	50.3	49.1	52.7	52.5	55.5	58.1	60.3	60.4	59.3	56.8	53.6	52.3	49.4	43.1	35.9	29.2	25.9	24.5	22.1
2018/01/18 18:23:01	69.9	29.6	29.6	45.7	45.7	53.4	53.4	53.8	53.8	49.9	48.3	49.0	46.9	52.5	51.7	51.3	54.7	57.3	60.6	62.5	63.3	60.1	58.4	56.2	54.9	55.7	52.7	45.7	38.4	33.8	29.1	27.9	25.3
2018/01/18 18:23:02	66.3	27.7	27.7	44.3	44.3	51.9	51.9	53.8	53.8	49.9	44.4	47.0	44.0	49.7	49.9	48.5	53.1	54.0	56.1	57.9	59.6	57.5	55.4	53.9	51.9	51.4	48.2	39.5	31.9	28.3	25.8	24.8	22.9
2018/01/18 18:23:03	61.0	26.4	26.4	39.0	39.0	47.4	47.4	49.9	49.9	46.9	42.6	44.4	41.0	45.7	47.0	46.1	50.4	48.4	50.8	53.0	54.3	51.9	50.0	48.9	46.0	43.8	40.3	32.0	24.5	21.7	21.5	22.1	20.9
2018/01/18 18:23:04	58.2	30.6	30.6	46.4	46.4	52.3	52.3	55.3	55.3	51.7	44.3	46.4	43.2	45.1	46.2	45.2	48.1	47.0	47.2	50.0	51.4	49.0	47.2	46.6	41.9	38.9	36.0	27.8	21.5	20.6	20.9	22.0	20.6
2018/01/18 18:23:05	56.1	29.0	29.0	46.2	46.2	51.3	51.3	52.0	52.0	50.9	44.0	46.5	39.0	46.4	48.6	46.1	45.3	44.5	45.0	46.7	49.9	47.1	44.7	42.7	39.0	35.8	32.0	24.7	19.9	20.3	20.8	21.7	20.6
2018/01/18 18:23:06	53.5	26.8	26.8	44.9	44.9	50.8	50.8	52.5	52.5	51.9	43.9	44.4	40.3	45.1	47.3	41.5	43.9	42.4	43.3	44.2	46.8	44.9	41.7	39.4	36.4	31.6	27.7	22.8	19.9	20.3	21.0	21.9	20.8
2018/01/18 18:23:07	51.1	31.4	31.4	43.2	43.2	49.4	49.4	50.5	50.5	48.0	41.9	42.7	39.2	41.9	40.6	38.9	41.4	42.5	40.5	42.1	44.0	41.9	40.6	37.9	33.2	29.0	25.1	21.9	19.9	20.3	21.0	21.9	20.7
2018/01/18 18:23:08	49.4	26.8	26.8	42.6	42.6	51.4	51.4	52.3	52.3	47.1	40.4	41.0	36.6	40.7	39.6	37.6	40.3	38.7	38.8	40.9	42.1	40.8	37.8	36.3	32.0	27.2	24.0	21.1	19.8	20.5	20.9	22.0	20.8
2018/01/18 18:23:09	48.0	26.7	26.7	40.7	40.7	50.1	50.1	51.0	51.0	45.9	42.1	41.5	34.4	41.0	39.7	36.9	40.4	39.5	37.1	39.2	40.0	38.9	36.1	34.1	29.9	26.4	24.4	22.0	19.5	20.4	20.8	21.7	20.8
2018/01/18 18:23:10	48.4	24.2	24.2	42.0	42.0	50.1	50.1	49.7	49.7	45.8	42.1	43.1	36.0	42.0	38.9	37.0	40.3	40.1	38.4	39.6	40.0	39.3	36.7	34.4	30.5	27.7	24.8	21.7	19.8	20.5	21.0	21.9	20.6
2018/01/18 18:23:11	50.3	24.7	24.7	38.2	38.2	48.1	48.1	50.9	50.9	47.3	42.9	45.0	40.2	42.8	41.3	40.3	41.0	40.8	39.7	42.2	42.2	41.2	39.0	35.1	32.3	30.3	26.7	22.5	19.9	20.6	21.0	22.1	20.6
2018/01/18 18:23:12	52.1	25.9	25.9	42.4	42.4	51.4	51.4	51.9	51.9	46.6	41.7	46.2	42.3	43.2	41.5	40.3	42.1	43.7	42.3	43.3	44.0	43.5	41.3	37.8	34.6	32.9	29.0	23.6	20.0	20.1	20.7	21.7	20.6
2018/01/18 18:23:13	54.2	26.8	26.8	49.7	49.7	57.3	57.3	55.3	55.3	49.8	44.4	42.5	38.3	42.7	42.6	43.4	43.4	43.2	42.5	46.8	46.8	46.0	43.5	39.4	37.1	35.8	31.4	24.1	20.1	20.2	20.7	21.8	20.6
2018/01/18 18:23:14	56.6	27.2	27.2	47.0	47.0	55.3	55.3	54.0	54.0	49.6	45.3	45.2	46.4	45.2	43.5	43.5	46.3	46.2	44.8	48.5	49.2	48.8	45.8	42.5	40.3	37.6	33.7	28.2	21.8	20.7	20.9	21.7	20.4
2018/01/18 18:23:15	60.2	28.1	28.1	45.9	45.9	54.8	54.8	55.8	55.8	51.0	46.7	48.3	44.9	47.8	47.2	45.9	48.9	50.4	49.8	52.1	52.8	52.0	49.1	46.8	43.8	42.6	39.4	32.9	26.3	22.4	21.5	21.7	20.7
2018/01/18 18:23:16	63.7	29.7	29.7	46.7	46.7	56.9	56.9	57.8	57.8	53.3	50.2	53.5	45.7	49.2	49.9	49.7	52.1	52.6	52.7	56.1	56.0	55.6	52.6	50.7	48.3	46.9	42.5	36.2	29.9	24.7	22.0	22.2	20.7
2018/01/18 18:23:17	68.1	29.8	29.8	45.3	45.3	54.9	54.9	58.6	58.6	57.2	54.1	56.8	50.7	53.7	51.8	53.3	55.0	56.5	58.0	61.9	60.4	59.4	57.1	53.5	50.5	50.2	49.1	43.2	36.2	30.3	25.0	23.5	21.7
2018/01/18 18:23:18	70.0	30.2	30.2	47.7	47.7	57.3	57.3	59.3	59.3	56.4	55.0	55.7	49.1	54.5	55.1	53.9	57.1	57.5	61.4	63.1	62.8	60.5	59.0	55.4	54.4	54.2	51.9	47.1	40.1	35.4	30.0	26.8	24.1
2018/01/18 18:23:19	69.7	37.3	37.3	50.5	50.5	63.9	63.9	64.8	64.8	55.9	56.0	54.3	51.2	55.7	54.6	54.6	56.9	57.1	58.6	62.4	62.4	61.1	58.0	55.7	54.2	55.2	54.4	49.0	41.2	38.0	56.2	30.1	28.1
2018/01/18 18:23:20	66.1	34.6	34.6	50.1	50.1	60.6	60.6	59.5	59.5	52.7	51.4	52.9	51.6	55.1	54.1	51.8	54.8	55.8	56.2	58.5	58.9	55.7	53.5	51.9	51.5	52.3	50.9	45.9	36.6	33.8	34.9	29.3	28.9
2018/01/18 18:23:21	61.2	32.5	32.5	46.6	46.6	54.3	54.3	54.6	54.6	50.9	48.0	49.9	44.5	50.9	50.8	47.0	49.7	50.6	51.7	53.1	53.8	52.2	49.3	47.5	45.8	45.6	44.3	38.2	28.2	24.3	23.7	22.6	21.2
2018/01/18 18:23:22	58.8	27.8	27.8	46.1	46.1	53.3	53.3	54.4	54.4	53.0	49.5	49.5	43.0	48.3	49.5	47.5	49.2	48.0	50.1	49.5	51.0	49.8	47.4	44.9	42.9	43.2	40.8	35.4	27.0	24.2	23.1	23.6	22.3
2018/01/18 18:23:23	57.8	26.6	26.6	47.5	47.5	54.0	54.0	53.4	53.4	52.7	44.5	45.1	41.2	46.8	47.4	44.4	47.2	46.7	48.0	49.5	50.6	48.9	47.4	44.1	41.9	41.0	38.0	32.4	24.1	21.7	21.4	22.0	20.8
2018/01/18 18:23:24	57.7	28.5	28.5	53.8	53.8	60.5	60.5	57.4	57.4	51.1	48.3	45.8	40.5	46.4	45.8	45.1	46.7	46.6	47.5	49.6	50.7	48.9	47.1	43.6	40.6	40.1	36.6	31.3	23.6	21.3	21.2	21.8	20.7
2018/01/18 18:23:25	56.3	27.8	27.8	46.8	46.8	55.8	55.8	54.5	54.5	50.7	48.6	43.9	40.0	43.5	45.8	42.4	44.8	45.4	45.8	47.6	49.3	48.0	46.5	42.1	38.3	37.4	35.0	28.9	22.0	20.7	21.3	21.8	20.6
2018/01/18 18:23:26	56.0	25.5	25.5	42.3	42.3	52.3	52.3	52.7	52.7	48.4	45.2	42.3	39.0	44.0	43.9	40.4	43.8	43.6	45.3	47.9	49.3	48.1	45.7	40.8	38.5	38.7	36.7	31.2	26.8	23.5	24.8	23.5	22.3
2018/01/18 18:23:27	52.5	25.8	25.8	43.4	43.4	51.6	51.6	53.1	53.1	50.5	45.8	41.7	38.9	42.5	39.9	37.2	40.7	42.7	43.7	44.8	44.6	43.3	41.1	38.6	36.1	34.8	32.7	31.1	26.2	24.3	23.6	23.0	20.9
2018/01/18 18:23:28	49.0	27.5	27.5	45.3	45.3	52.6	52.6	53.4	53.4	49.4	41.6	41.8	37.4	41.7	41.4	36.5	38.1	40.5	40.1	40.2	41.3	38.7	36.9	34.3	33.0	30.5	27.3	23.4	20.5	20.5	21.0	21.7	20.7
2018/01/18 18:23:29	49.0	23.3	23.3	45.8	45.8	52.0	52.0	51.5	51.5	49.4	44.1	41.7	37.5	40.9	39.6	37.7	38.6	39.9	38.5	40.6	40.7	39.5	37.1	35.3	33.3	31.8	30.4	27.0	23.3	21.9	22.1	22.6	21.3
2018/01/18 18:23:30	47.4	25.5	25.5	43.1	43.1	51.9	51.9	52.8	52.8	47.5	42.5	40.7	35.4	39.2	37.8	36.4	37.4	37.7	36.7	38.6	39.5	37.3	35.6	33.9	32.1	30.7	30.1	27.4	23.6	22.5	22.4	22.8	21.3
2018/01/18 18:23:31	47.1	28.4	28.4	43.1	43.1	50.6	50.6	52.0	52.0	47.5	42.6	41.8	34.8	39.2	39.5	36.4	38.2	39.4	36.6	36.6	37.8	36.7	36.4	33.6	30.6	30.7	29.2	26.5	23.0	21.7	21.8	22.1	20.7
2018/01/18 18:23:32	46.3	26.8	26.8	43.0	43.0	49.1	49.1	51.2	51.2	47.8	41.2	42.0	34.3	38.1	39.5	35.2	37.5	38.7	36.1	36.5	36.9	36.8	34.8	32.4	28.9	28.2	25.8	23.0	20.4	20.4	21.0	21.8	20.8
2018/01/18 18:23:33	47.1	28.3	28.3	44.2	44.2	50.6	50.6	50.8	50.8	46.2	41.2	43.3	35.2	40.6	38.9	36.2	38.2	39.9	37.1	37.4	37.1	36.8	35.6	33.7	30.7	30.4	28.8	25.8	23.1	21.0	21.4	22.2	20.7
2018/01/18 18:23:34	47.1	25.1	25.1	41.5	41.5	50.7	50.7	52.6	52.6	47.9	42.0	40.4	36.5	40.3	41.3	35.5	38.2	39.0	37.5	36.6	37.7	37.4	36.0	33.4	31.3	29.9	27.3	23.5	20.7	21.0	21.0	22.1	20.6
2018/01/18 18:23:35	47.1	27.1	27.1	40.9	40.9	49.5	49.5	53.4	53.4	50.2	43.3	44.2	38.2	40.5	38.8	36.3	37.5	38.8	37.4	36.3	38.1	36.9	35.8	34.0	31.3	29.0	26.5	21.8	19.8	20.0	20.8	21.9	20.6
2018/01/18 18:23:36	47.0	26.6	26.6	43.5	43.5	51.7	51.7	53.3	53.3	50.0	43.7	42.3	36.1	41.5	39.7	36.3	37.8	39.0	37.3	36.9	36.9	37.1	36.2	33.4	30.5	28.7	26.2	22.0	20.1	20.1	21.2	21.8	20.5
2018/01/18 18:23:37	47.1	25.4	25.4	44.2	44.2	52.2	52.2	52.2	52.2	47.5	41.7	41.3	36.2	40.3	40.4	36.9	38.4	37.5	37.6	38.1	37.4	38.1	35.8	32.8	29.8	28.5	25.5	22.0	20.0	20.2	20.8	21.6	20.4
2018/01/18 18:23:38	48.3	25.1	25.1	41.2	41.2	52.0	52.0	55.0	55.0	50.9	42.9	42.7	36.0	41.3	39.3	36.7	38.6	38.4	38.9	38.7	39.0	39.8	37.1	34.7	31.0	29.3	26.3	22.7	19.9	20.1	20.6	21.8	20.6
2018/01/18 18:23:39	49.6	24.5	24.5	40.7	40.7	52.7	52.7	58.5	58.5	54.8	44.2	44.4	36.6	41.0	38.9	37.8	39.9	38.3	39.3	39.7	41.0	40.5	39.2	36.2	32.6	30.8	28.2	23.9	21.0	20.6	21.0	21.8	20.5
2018/01/18 18:23:40	51.9	26.6	26.6	42.4	42.4	54.2	54.2	57.1	57.1	51.7	42.7	44.4	37.2	42.0	40.5	40.1	41.5	41.9	42.9	42.6	44.1	43.6	40.8	37.4	33.9	30.6	28.6	23.3	20.0	20.4	20.7	21.7	20.3
2018/01/18 18:23:41	53.7	26.8	26.8	41.2	41.2	51.8	51.8	54.5	54.5	49.5	43.1	43.7	37.3	42.3	42.0	39.6	42.5	42.4	43.9	44.9	46.8	45.3	43.3	39.9	36.3	33.7	30.5	24.3	20.0	20.0	20.5	21.6	20.7
2018/01/18 18:23:42	55.8	25.6	25.6	41.3	41.3	51.9	51.9	54.4	54.4	49.5	43.1	46.4	40.8	42.7	41.9	39.9	44.5	44.7	46.0	46.6	48.6	47.5	46.6	42.3	39.2	36.6	33.7	26.5	21.0	20.2	20.7	21.8	20.7
2018/01/18 18:23:43	58.0	26.1	26.1	44.9	44.9	53.4	53.4	52.2	52.2	49.1	43.9	43.5	38.5	43.9	42.3	40.7	44.0	46.0	47.3	50.1	48.6	49.9	49.6	46.6	42.9	39.4	36.6	30.2	22.5	20.4	20.8	21.5	20.5
2018/01/18 18:23:44	61.4	26.8	26.8	47.7	47.7	56.1	56.1	54.9	54.9	50.2	46.6	46.7	40.6	46.3	44.5	44.4	46.3	50.0	51.8	53.5	52.9	53.8	51.9	49.2	44.6	42.0	41.2	34.5	26.1	21.7	21.4	22.3	20.7
2018/01/18 18:23:45	64.6	29.5	29.5	48.8	48.8	58.6	58.6	57.4	57.4	50.5	48.4	48.2	43.2	48.8	48.1	46.6	51.2	52.9	53.8	56.8	56.6	56.9	54.6	51.8	49.2	48.7	47.1	41.0	31.5	25.4	22.9	22.5	20.9
2018/01/18 18:23:46	70.6	34.6	34.6	53.2	53.2	62.0	62.0	60.1	60.1	55.1	52.3	53.0	50.3	54.8	53.2	51.5	58.2	58.5	60.0	63.1	61.9	62.4	60.0	58.0	56.1	56.5	55.9	49.8	41.0	36.0	32.0	30.9	27.5
2018/01/18 18:23:47	73.1	37.1	37.1	58.7	58.7	67.7	67.7	65.8	65.8	59.7	58.9	59.4	55.1	59.1	59.5	57.6	60.1	62.4	61.4	65.7	65.8	64.1	63.5	59.6	55.0	55.4	55.2	50.5	43.7	38.3	34.4	32.8	29.6
2018/01/18 18:23:48	68.9	30.7	30.7	55.2	55.2	63.5	63.5	61.1	61.1	54.9	52.3	51.0	48.8	54.9	52.9	53.1	55.2	57.4	60.0	62.8	60.6	59.6	58.2	54.1	52.6	52.9	51.3	46.6	39.7	33.3	28.9	26.3	23.5
2018/01/18 18:23:49	65.2	30.9	30.9	46.9	46.9	57.6	57.6	57.5	57.5	51.5	49.4	48.5	47.7	51.0	48.5	49.1	53.1	53.8	56.4	58.9	57.1	56.7	54.5	50.7	47.7	46.2	45.8	40.1	31.2	26.5	24.1	22.4	20.7
2018/01/18 18:23:50	62.8	25.7	25.7	43.3	43.3	53.3	53.3	54.5	54.5	52.3	49.2	48.0	46.1	48.9	45.8	48.2	49.5	50.6	53.3	56.3	56.0	54.4	51.3	48.0	44.3	42.2	40.2	34.4	26.4	22.1	21.4	21.7	20.4
2018/01/18 18:23:51	62.1	27.3	27.3	45.0	45.0	53.9	53.9	55.4	55.4	53.5	49.9	47.9	44.3	49.0	47.3	47.8	49.8	47.8	52.5	55.5	54.9	53.6	51.3	47.9	45.1	42.8	39.3	32.8	24.1	21.2	20.7	21.8	20.4
2018/01/18 18:23:52	62.5	27.0	27.0	45.1	45.1	54.6	54.6	54.6	54.6	52.2	51.0	51.0	46.5	49.3	47.9	49.5	50.6	50.1	52.2	54.3	54.8	55.0	52.2	48.4	46.6	44.7	41.4	34.9	27.1	22.4	21.5	21.8	20.6
2018/01/18 18:23:53	64.5	27.3	27.3	46.3	46.3	55.8	55.8	58.2	58.2	54.3	50.8	51.0	45.5	51.3	49.7	50.7	53.8	51.9	55.1	55.9	56.5	56.5	54.4	51.3	49.3	48.4	45.5	39.9	31.7	25.5	22.4	22.3	20.6
2018/01/18 18:23:54	68.1	28.6	28.6	45.8	45.8	53.1	53.1	59.6	59.6	57.2	52.9	53.0	47.6	54.0	52.5	53.5	57.5	56.2	57.9	59.4	60.2	60.1	58.1	54.6	53.5	52.7	51.0	45.1	36.8	32.0	26.6	24.6	22.2
2018/01/18 18:23:55	72.8	33.6	33.6	48.6	48.6	61.8	61.8	64.8	64.8	60.1	59.1	57.7	53.1	57.2	58.1	58.3	61.5	59.4	62.3	63.7	64.5	65.2	62.2	60.2	59.1	58.0	57.1	51.4	44.5	38.8	34.8	32.1	28.9
2018/01/18 18:23:56	74.9	34.2	34.2	54.8	54.8	63.1	63.1	62.8	62.8	62.3	63.2	61.0	55.6	62.5	61.5	62.6	63.7	62.7	64.1	66.3	65.4	67.7	63.2	60.3	60.4	61.5	60.9	56.6	49.8	45.0	41.5	38.1	36.7
2018/01/18 18:23:57	78.0	33.3	33.3	52.0	52.0	61.8	61.8	61.6	61.6	67.7	67.4	64.2	56.9	63.4	64.6	61.8	63.0	63.2	67.3	67.1	68.9	71.4	67.7	62.9	63.5	65.1	64.7	63.8	58.7	52.9	48.5	47.3	45.9
2018/01/18 18:23:58	71.3	30.3	30.3	49.9	49.9	58.8	58.8	59.8	59.8	62.0	60.2	57.2	53.1	59.1	61.1	57.5	58.6	58.4	60.0	63.2	63.6	63.3	60.4	56.7	55.9	57.0	55.8	52.2	46.8	40.7	35.3	33.1	29.2
2018/01/18 18:23:59	70.9	33.0	33.0	52.7	52.7	58.7	58.7	56.4	56.4	58.5	57.5	56.7	54.3	59.3	61.8	57.7	56.9	59.1	61.8	64.7	63.4	61.3	59.1	54.8	53.8	54.5	53.8	48.5	41.7	35.1	28.9	26.6	24.4
2018/01/18 18:24:00	71.2	36.5	36.5	51.5	51.5	58.6	58.6	60.1	60.1	60.1	59.1	58.8	54.7	61.0	61.0	55.5	57.5	58.9	61.8	64.6	63.5	62.3	59.6	55.9	54.3	54.9	54.2	49.5	42.1	37.2	32.9	31.6	30.2
2018/01/18 18:24:01	70.5	37.5	37.5	53.7	53.7	59.3	59.3	60.5	60.5	60.0	56.9	57.2	52.9	58.6	58.8	56.9	58.3	58.6	61.9	64.1	62.6	60.1	58.5	55.5	54.5	55.2	54.6	49.5	42.4	38.6	34.5	32.7	30.3
2018/01/18 18:24:02	67.9	36.3	36.3	52.9	52.9	57.1	57.1	56.4	56.4	54.7	52.4	53.7	53.7	58.0	55.6	55.0	55.6	56.9	59.0	60.1	59.8	59.1	56.6	53.9	51.9	52.6	51.9	47.6	38.9	36.5	44.9	31.9	28.6
2018/01/18 18:24:03	66.4	31.5	31.5	46.9	46.9	56.6	56.6	57.9	57.9	56.0	53.7	55.8	53.0	56.4	55.7	53.6	55.7	55.2	56.4	59.3	59.3	57.2	54.2	51.5	49.9	49.4	48.5	45.8	39.1	35.0	34.5	31.8	27.8
2018/01/18 18:24:04	66.6	33.1	33.1	45.4	45.4	57.9	57.9	60.7	60.7	56.7	54.2	55.1	50.3	56.6	54.4	53.0	55.1	58.7	58.3	59.1	57.0	55.7	54.5	52.1	54.2	51.9	50.3	47.0	40.6	34.8	34.0	33.3	27.9
2018/01/18 18:24:05	64.8	34.1	34.1	49.3	49.3	60.8	60.8	62.5	62.5	58.4	54.3	52.6	47.3	56.0	55.0	55.1	53.3	55.4	54.8	57.4	56.4	54.2	52.9	50.8	51.2	49.6	47.6	44.6	37.5	31.2	29.6	28.4	24.5
2018/01/18 18:24:06	64.2	29.2	29.2	47.2	47.2	61.0	61.0	62.4	62.4	55.9	53.1	53.8	48.9	51.8	53.4	54.8	54.2	53.0	53.3	56.3	56.0	54.1	52.7	50.6	50.7	50.4	48.2	42.6	34.8	28.7	25.1	24.3	22.2
2018/01/18 18:24:07	63.4	34.2	34.2	50.4	50.4	58.8	58.8	60.0	60.0	59.8	57.7	58.4	51.0	53.7	53.8	52.8	51.6	52.7	52.3	55.1	55.5	54.2	52.6	49.5	48.1	47.4	45.0	39.6	31.4	25.0	22.6	22.5	20.7
2018/01/18 18:24:08	64.7	31.0	31.0	52.0	52.0	60.7	60.7	61.5	61.5	59.3	57.3	55.9	51.1	52.7	53.2	51.2	52.4	52.0	53.7	55.2	56.7	56.9	54.4	51.8	49.3	49.5	49.0	44.3	37.1	31.1	26.1	24.9	23.1
2018/01/18 18:24:09	65.7	31.0	31.0	49.5	49.5	56.7	56.7	56.0	56.0	54.6	51.4	52.8	46.3	50.9	53.5	53.0	53.9	54.4	56.5	56.8	57.5	57.5	55.1	51.6	50.7	51.3	50.3	46.1	38.7	34.7	29.9	29.0	26.3
2018/01/18 18:24:10	65.7	28.6	28.6	48.0	48.0	55.2	55.2	55.4	55.4	52.0	48.9	50.4	46.1	51.9	54.0	53.2	55.0	54.6	57.1	57.2	56.9	56.5	54.7	51.8	50.5	52.2	51.0	45.3	38.5	33.2	29.9	29.1	26.1
2018/01/18 18:24:11	65.0	32.8	32.8	49.8	49.8	55.3	55.3	55.2	55.2	52.4	52.3	52.9	48.5	52.5	54.1	52.8	54.5	54.2	56.8	57.2	55.7	55.9	53.6	50.9	49.8	50.7	49.0	43.6	36.2	31.7	27.8	27.4	24.3
2018/01/18 18:24:12	65.7	34.6	34.6	51.5	51.5	56.7	56.7	54.6	54.6	53.2	51.7	50.9	47.8	54.3	55.6	53.6	56.0	54.7	55.5	58.3	56.6	55.9	54.7	51.1	52.2	52.8	49.6	43.3	35.1	31.0	27.3	27.3	25.5
2018/01/18 18:24:13	64.9	33.7	33.7	51.2	51.2	56.7	56.7	54.8	54.8	52.7	50.8	50.6	48.1	54.3	55.9	52.0	54.4	54.0	54.9	57.1	55.9	54.2	53.6	51.2	52.8	52.8	49.6	42.5	34.8	30.2	26.7	27.5	25.7
2018/01/18 18:24:14	66.8	33.5	33.5	50.2	50.2	56.3	56.3	54.8	54.8	53.2	49.2	52.0	50.4	53.4	52.7	52.7	54.4	54.4	53.9	54.9	56.9	56.8	56.2	55.6	56.7	57.1	54.4	47.1	39.1	31.7	26.9	25.4	23.5
2018/01/18 18:24:15	69.9	29.9	29.9	46.8	46.8	54.6	54.6	55.3	55.3	53.3	54.0	56.1	50.7	54.3	56.4	59.8	57.2	58.1	57.8	60.3	59.4	60.3	58.4	55.9	58.0	59.9	59.1	53.2	45.3	40.1	35.5	34.3	30.5
2018/01/18 18:24:16	69.5	29.4	29.4	45.8	45.8	55.4	55.4	58.2	58.2	57.0	56.8	59.9	54.0	55.2	54.0	54.7	56.3	57.0	58.9	60.0	61.8	60.9	57.3	56.0	56.8	57.1	57.0	50.5	43.5	39.3	35.2	34.6	29.8
2018/01/18 18:24:17	74.2	31.3	31.3	50.2	50.2	60.5	60.5	61.3	61.3	60.1	61.3	64.7	58.1	58.7	58.2	59.2	60.6	62.4	62.9	66.0	66.5	66.2	63.5	61.2	60.1	59.1	58.7	53.3	47.1	41.5	37.6	34.8	33.6
2018/01/18 18:24:18	70.0	29.3	29.3	47.4	47.4	57.0	57.0	59.8	59.8	56.6	59.5	63.4	55.2	59.3	59.3	58.9	59.8	58.9	59.0	58.7	60.6	61.9	57.5	56.3	56.4	58.1	57.6	53.5	48.7	42.4	38.1	34.5	32.8
2018/01/18 18:24:19	79.0	30.5	30.5	47.1	47.1	61.7	61.7	64.7	64.7	58.3	65.1	66.8	60.6	64.3	62.5	65.1	64.6	69.1	66.5	66.4	68.7	70.3	67.4	64.4	66.5	68.7	68.1	67.8	63.3	55.6	52.7	50.0	47.3
2018/01/18 18:24:20	69.3	32.0	32.0	49.9	49.9	59.1	59.1	59.0	59.0	57.5	58.5	59.1	54.6	60.0	57.6	59.1	55.4	61.9	58.7	60.9	60.2	59.3	57.1	54.1	54.9	57.2	54.6	52.6	46.7	39.5	33.6	30.7	27.0
2018/01/18 18:24:21	68.3	40.1	40.1	53.5	53.5	62.8	62.8	65.4	65.4	64.3	62.8	63.2	58.6	60.1	57.7	56.6	54.1	57.4	58.1	60.2	60.8	59.1	56.8	53.8	53.7	53.4	50.5	45.5	39.1	31.7	26.6	24.4	22.1
2018/01/18 18:24:22	69.6	39.6	39.6	55.5	55.5	64.7	64.7	67.8	67.8	67.2	65.0	63.8	57.6	60.5	58.0	55.6	55.4	57.3	59.3	61.8	61.0	60.7	59.3	56.7	55.0	54.2	50.8	45.1	38.8	32.0	25.9	24.4	22.2
2018/01/18 18:24:23	69.9	34.6	34.6	50.7	50.7	58.3	58.3	58.2	58.2	57.5	56.3	54.9	49.6	54.0	58.6	55.5	55.1	57.6	59.5	61.8	61.4	61.2	60.6	58.1	56.0	54.1	51.3	45.7	38.7	33.4	26.4	25.2	22.5
2018/01/18 18:24:24	70.2	31.7	31.7	51.1	51.1	59.1	59.1	59.2	59.2	56.1	54.3	52.3	46.5	53.0	53.5	53.2	55.4	57.2	61.2	62.6	61.5	60.6	60.8	57.7	56.6	56.7	53.7	46.9	40.6	34.7	29.8	29.4	25.8
2018/01/18 18:24:25	69.8	34.2	34.2	51.5	51.5	59.9	59.9	60.4	60.4	54.9	51.2	51.8	49.3	54.1	54.0	53.2	55.3	56.1	59.4	61.5	61.4	59.5	59.8	58.5	57.1	58.0	55.8	48.5	41.3	36.9	32.3	30.1	26.1
2018/01/18 18:24:26	67.1	30.1	30.1	44.8	44.8	54.4	54.4	59.4	59.4	55.8	49.6	50.3	45.8	53.6	52.0	51.2	53.1	54.0	55.9	57.9	58.8	56.6	56.1	55.6	55.8	55.7	53.9	46.4	38.2	35.9	31.0	29.0	25.3
2018/01/18 18:24:27	63.4	30.8	30.8	44.8	44.8	52.6	52.6	56.1	56.1	52.3	47.7	47.7	43.4	49.6	51.0	48.3	50.4	51.3	51.9	54.5	54.6	54.4	51.5	52.2	52.1	50.9	48.5	39.5	31.7	27.8	25.4	23.6	21.3
2018/01/18 18:24:28	59.2	29.9	29.9	42.0	42.0	50.4	50.4	52.8	52.8	48.5	43.4	45.3	40.9	47.5	46.3	45.9	46.5	46.0	47.7	50.9	52.0	50.0	48.8	47.2	45.8	45.2	42.7	34.1	25.6	22.5	21.6	22.0	20.7
2018/01/18 18:24:29	56.5	27.1	27.1	44.2	44.2	54.8	54.8	56.5	56.5	51.4	47.9	45.9	38.2	44.8	44.5	42.8	45.4	45.0	45.7	48.2	47.9	47.6	46.6	45.1	42.9	40.5	37.2	29.3	22.5	21.0	21.1	22.0	20.7
2018/01/18 18:24:30	54.9	26.6	26.6	40.3	40.3	50.6	50.6	53.0	53.0	48.3	43.3	43.8	38.2	43.9	41.7	40.8	42.6	42.2	43.0	44.5	46.3	46.7	45.4	44.5	42.5	39.1	35.7	28.7	22.2	20.8	21.1	21.8	20.7
2018/01/18 18:24:31	51.0	26.2	26.2	41.6	41.6	50.3	50.3	51.8	51.8	47.8	43.6	42.9	37.7	42.1	40.0	38.7	39.2	38.8	39.6	40.8	42.3	42.1	41.6	39.9	37.6	35.9	33.1	26.5	20.9	20.3	20.7	22.0	20.4
2018/01/18 18:24:32	49.0	26.6	26.6	41.8	41.8	50.4	50.4	52.7	52.7	48.7	42.9	42.1	36.5	41.1	39.0	36.6	38.1	39.4	38.0	39.5	39.1	40.2	39.4	37.4	34.2	31.8	28.7	23.2	20.1	20.3	20.7	21.7	20.8
2018/01/18 18:24:33	47.5	25.8	25.8	41.3	41.3	51.3	51.3	52.8	52.8	47.5	41.0	41.7	37.1	39.8	38.7	36.7	36.9	37.2	36.5	38.4	38.3	38.6	37.1	35.3	32.0	29.8	26.3	21.9	19.9	19.9	20.8	21.8	20.5
2018/01/18 18:24:34	46.1	25.1	25.1	44.3	44.3	52.0	52.0	52.6	52.6	48.5	44.4	43.3	37.9	40.4	37.5	34.7	36.6	36.1	35.2	36.7	37.1	36.2	35.5	32.7	30.3	27.8	25.5	22.2	20.0	20.4	20.7	21.9	20.5
2018/01/18 18:24:35	46.1	27.7	27.7	43.3	43.3	53.1	53.1	54.7	54.7	50.4	46.3	43.3	35.6	40.5	37.4	34.7	37.2	35.6	35.8	36.7	37.1	36.1	34.6	31.8	29.6	27.9	25.5	23.3	20.6	20.4	21.0	21.9	20.4
2018/01/18 18:24:36	45.5	27.7	27.7	41.4	41.4	51.4	51.4	53.2	53.2	48.9	42.3	41.3	35.6	38.7	36.5	35.1	37.2	35.9	35.5	36.2	36.7	35.9	33.4	30.6	28.8	26.3	23.7	22.0	20.3	20.5	21.1	22.1	20.7
2018/01/18 18:24:37	45.1	25.0	25.0	40.6	40.6	51.1	51.1	53.1	53.1	47.7	40.5	40.3	34.4	38.3	36.1	34.8	37.1	35.6	35.4	36.4	35.7	35.4	33.6	30.4	27.9	25.9	23.0	21.4	19.9	20.0	20.8	21.7	20.4
2018/01/18 18:24:38	45.5	26.8	26.8	40.3	40.3	50.2	50.2	52.7	52.7	47.3	40.1	40.9	36.2	39.9	37.8	35.8	39.1	36.8	35.7	35.8	35.9	35.8	33.2	29.7	28.3	25.8	23.3	21.5	19.8	20.3	20.9	22.0	20.4
2018/01/18 18:24:39	48.2	23.9	23.9	39.3	39.3	48.6	48.6	51.9	51.9	47.9	40.6	43.8	38.8	43.5	39.9	40.2	40.8	41.6	40.1	37.6	38.6	37.5	35.3	33.3	30.1	27.5	24.2	21.7	20.0	20.5	20.8	22.0	20.5
2018/01/18 18:24:40	49.5	25.7	25.7	42.5	42.5	50.0	50.0	52.5	52.5	49.3	42.7	42.8	38.6	43.8	37.9	41.6	41.4	42.5	41.7	40.2	38.7	39.6	37.4	35.2	32.1	29.8	26.6	21.3	19.9	20.2	20.8	21.8	20.4
2018/01/18 18:24:41	48.4	24.3	24.3	38.8	38.8	47.8	47.8	52.1	52.1	49.6	42.1	43.2	37.6	44.1	39.1	39.4	40.5	40.5	38.5	39.1	39.0	39.0	36.5	32.9	30.2	27.4	24.7	20.9	19.4	20.0	20.6	21.5	20.7
2018/01/18 18:24:42	46.6	25.9	25.9	40.7	40.7	50.4	50.4	52.8	52.8	48.2	40.9	41.6	35.6	39.9	38.6	37.3	38.1	39.2	36.6	37.5	37.0	36.9	34.8	31.1	28.8	26.4	22.7	21.1	19.9	19.9	20.8	21.7	20.5
2018/01/18 18:24:43	46.0	24.6	24.6	39.9	39.9	49.5	49.5	51.9	51.9	48.0	43.5	42.9	35.5	39.3	38.5	36.5	38.2	37.4	36.6	36.9	37.0	35.9	34.1	30.6	27.9	25.3	22.4	21.1	19.8	20.2	20.7	21.8	20.6
2018/01/18 18:24:44	46.8	24.6	24.6	40.8	40.8	49.8	49.8	52.0	52.0	47.9	43.8	43.7	38.2	40.1	39.1	37.5	38.1	37.4	36.9	37.0	37.5	37.3	34.4	31.8	29.3	29.2	30.1	27.7	22.0	21.6	22.7	23.4	21.1
2018/01/18 18:24:45	48.1	25.3	25.3	40.8	40.8	51.3	51.3	52.9	52.9	47.8	43.4	44.2	36.8	40.3	39.4	38.5	37.8	38.4	37.5	38.3	38.7	40.9	36.9	33.4	31.7	29.2	25.4	22.5	20.0	20.4	20.9	21.9	20.7
2018/01/18 18:24:46	46.9	24.9	24.9	40.4	40.4	50.3	50.3	52.5	52.5	46.8	40.9	43.1	36.1	37.6	37.8	37.1	38.2	37.5	35.7	38.2	38.0	38.7	34.9	32.3	30.1	27.7	24.5	21.1	19.8	19.9	20.5	21.9	20.5
2018/01/18 18:24:47	45.8	26.4	26.4	41.4	41.4	49.5	49.5	50.9	50.9	46.8	42.9	42.2	37.5	40.2	37.0	36.4	36.9	37.2	35.8	36.5	36.6	35.4	34.1	30.6	29.8	28.7	25.5	22.4	19.8	20.1	20.6	21.7	20.5
2018/01/18 18:24:48	45.1	26.0	26.0	39.9	39.9	49.9	49.9	50.9	50.9	47.0	42.8	42.3	36.9	38.4	35.2	34.5	36.0	35.5	36.0	34.9	37.8	34.7	32.2	29.3	29.3	27.1	23.9	21.5	19.8	20.3	20.9	21.9	20.6
2018/01/18 18:24:49	43.9	26.2	26.2	40.8	40.8	51.1	51.1	52.6	52.6	46.9	42.8	41.6	36.4	38.4	35.4	34.0	35.5	35.0	34.5	34.2	35.1	33.7	30.8	27.6	26.4	23.8	21.4	21.2	20.4	21.4	21.1	22.0	20.7
2018/01/18 18:24:50	43.8	26.5	26.5	41.1	41.1	50.9	50.9	52.1	52.1	46.8	42.0	42.6	39.5	39.5	36.0	35.7	35.7	34.8	33.5	34.8	33.6	33.2	30.1	27.6	24.5	22.9	21.3	20.8	19.6	20.0	20.7	21.8	20.6
2018/01/18 18:24:51	43.7	26.4	26.4	41.0	41.0	52.8	52.8	54.1	54.1	47.8	44.4	42.8	36.8	39.3	35.5	35.5	34.9	34.6	33.3	34.1	33.9	32.2	30.6	27.5	25.7	24.4	23.5	21.8	20.3	20.4	20.9	21.9	20.5
2018/01/18 18:24:52	43.7	25.8	25.8	42.2	42.2	52.7	52.7	52.8	52.8	47.7	44.4	41.7	36.1	39.0	36.6	34.5	35.3	34.3	33.2	34.1	33.3	33.1	30.9	29.5	25.6	24.9	24.4	22.8	20.6	20.5	21.1	22.4	21.0
2018/01/18 18:24:53	43.6	25.0	25.0	42.1	42.1	50.6	50.6	51.5	51.5	48.0	41.6	42.6	37.9	39.2	36.0	34.7	34.0	33.1	34.3	35.4	33.6	32.5	30.4	28.0	26.4	24.7	23.3	21.4	19.8	19.7	20.7	21.8	20.5
2018/01/18 18:24:54	43.0	24.3	24.3	39.5	39.5	47.9	47.9	50.7	50.7	46.9	40.9	41.0	35.2	37.9	34.7	33.9	35.6	33.0	33.1	34.1	33.1	32.3	30.0	27.5	26.0	24.0	22.6	21.5	20.0	20.2	20.8	21.9	20.7
2018/01/18 18:24:55	44.6	25.7	25.7	37.4	37.4	47.4	47.4	51.1	51.1	46.9	41.2	41.4	34.6	36.2	34.7	33.6	33.7	33.4	31.9	32.8	32.7	32.8	33.6	36.1	34.8	28.7	25.3	23.7	22.2	20.5	21.0	21.7	20.3
2018/01/18 18:24:56	43.5	24.4	24.4	36.2	36.2	48.0	48.0	50.7	50.7	45.6	40.3	39.1	34.7	37.3	35.5	33.6	35.2	34.7	33.4	33.8	35.0	33.0	31.5	28.6	27.0	25.0	24.2	21.8	20.1	20.3	20.9	21.8	20.7
2018/01/18 18:24:57	43.8	23.4	23.4	37.4	37.4	46.6	46.6	50.5	50.5	46.7	39.6	41.0	34.9	36.4	36.9	33.9	34.9	33.4	32.6	33.9	34.4	34.4	33.3	30.0	27.5	25.2	23.3	21.1	19.6	20.0	20.9	21.6	20.5
2018/01/18 18:24:58	46.1	24.7	24.7	38.1	38.1	48.2	48.2	51.1	51.1	47.5	40.7	41.1	35.8	37.3	37.2	38.5	37.5	35.7	35.3	36.2	37.5	36.8	35.9	32.2	28.4	26.0	24.3	21.8	20.1	20.0	20.7	21.9	20.5
2018/01/18 18:24:59	51.1	26.0	26.0	39.2	39.2	49.4	49.4	50.6	50.6	45.8	42.6	44.9	38.0	38.4	38.7	38.8	39.0	36.9	47.7	41.3	38.3	41.0	41.5	35.9	31.4	29.5	26.2	22.6	19.9	20.4	20.8	21.7	20.6
2018/01/18 18:25:00	48.7	25.9	25.9	40.4	40.4	48.5	48.5	50.8	50.8	47.4	42.8	43.4	37.4	38.7	37.2	36.4	37.5	36.9	37.6	40.6	39.0	40.3	40.1	35.6	32.1	29.8	26.0	22.1	19.6	19.8	20.8	21.7	20.5
2018/01/18 18:25:01	49.2	23.7	23.7	37.9	37.9	47.6	47.6	50.6	50.6	47.6	42.2	42.7	39.0	40.2	38.4	38.8	38.2	38.2	37.8	40.0	41.1	41.4	39.2	34.8	31.7	29.9	27.0	22.7	20.2	20.2	21.0	21.8	20.8
2018/01/18 18:25:02	50.8	26.6	26.6	40.0	40.0	50.9	50.9	52.9	52.9	48.2	42.8	43.7	38.2	40.7	40.5	40.0	39.3	39.1	38.8	41.1	42.1	43.5	42.0	37.1	33.3	31.3	28.6	23.7	20.4	20.5	20.8	21.7	20.6
2018/01/18 18:25:03	51.1	26.6	26.6	40.7	40.7	50.5	50.5	52.4	52.4	48.1	43.9	43.6	37.7	41.1	39.7	39.0	39.0	39.0	39.3	40.2	42.2	43.4	43.2	38.7	35.6	33.0	29.8	23.6	20.2	20.2	20.8	22.0	20.6
2018/01/18 18:25:04	53.2	24.4	24.4	39.2	39.2	49.5	49.5	52.7	52.7	50.0	45.8	42.8	36.9	41.2	42.6	41.5	40.6	40.2	41.2	43.8	44.4	45.7	44.6	40.4	37.8	35.9	31.7	25.2	20.9	20.6	20.9	22.1	20.8
2018/01/18 18:25:05	55.3	26.0	26.0	42.9	42.9	52.0	52.0	52.7	52.7	48.4	42.4	44.7	39.9	42.8	42.3	42.9	41.3	42.5	42.0	44.5	46.9	47.9	46.9	44.0	41.2	38.4	34.0	27.9	22.5	20.7	21.1	21.9	20.7
2018/01/18 18:25:06	58.3	25.2	25.2	42.0	42.0	50.3	50.3	51.9	51.9	49.5	43.8	45.7	41.7	43.8	46.4	45.9	44.4	45.5	45.7	48.5	49.7	51.3	49.9	45.7	42.2	40.5	36.9	31.3	25.3	22.1	21.5	22.3	21.1
2018/01/18 18:25:07	60.3	27.3	27.3	43.3	43.3	52.9	52.9	54.2	54.2	49.8	46.3	47.1	43.5	46.1	49.1	48.0	45.6	48.7	48.5	50.3	53.1	52.2	51.5	48.1	43.5	43.1	42.0	35.5	30.0	25.5	24.0	24.1	22.8
2018/01/18 18:25:08	60.7	25.7	25.7	43.4	43.4	52.6	52.6	53.9	53.9	50.0	46.8	47.3	42.0	48.2	49.2	46.4	47.1	49.9	49.9	53.1	52.5	51.4	50.8	46.7	46.9	46.8	43.6	38.1	32.4	28.7	25.3	27.6	26.0
2018/01/18 18:25:09	59.1	27.5	27.5	44.8	44.8	54.5	54.5	54.7	54.7	49.0	44.9	46.4	42.6	49.4	50.7	45.3	46.0	48.9	49.5	50.5	51.2	49.5	48.9	45.6	44.7	43.9	42.5	37.1	30.6	27.6	25.3	26.8	24.8
2018/01/18 18:25:10	58.0	24.7	24.7	41.2	41.2	50.5	50.5	55.5	55.5	53.5	47.0	48.6	42.4	46.7	51.8	45.7	47.4	47.1	48.2	49.7	49.8	49.0	47.2	44.5	41.2	40.8	39.8	32.7	26.1	23.3	22.3	23.0	21.0
2018/01/18 18:25:11	55.1	24.9	24.9	40.7	40.7	50.1	50.1	52.3	52.3	48.6	45.3	47.0	42.0	47.3	46.4	43.4	45.0	44.9	44.3	46.9	46.4	46.6	44.9	41.4	38.5	37.6	35.2	28.6	22.8	21.4	21.4	23.0	21.4
2018/01/18 18:25:12	54.2	24.0	24.0	42.8	42.8	51.8	51.8	52.6	52.6	48.0	44.4	46.3	47.3	46.7	45.8	44.2	43.1	44.4	43.4	45.3	44.4	46.3	43.7	40.5	38.5	36.7	33.4	26.7	21.5	20.7	21.0	22.1	20.6
2018/01/18 18:25:13	54.7	26.2	26.2	45.7	45.7	52.9	52.9	52.7	52.7	48.0	43.6	44.5	45.4	46.6	46.0	43.5	44.9	44.1	43.7	46.4	45.2	46.0	44.3	41.4	39.8	38.9	34.9	27.6	21.6	20.5	21.0	22.1	20.8
2018/01/18 18:25:14	56.1	24.3	24.3	41.7	41.7	50.4	50.4	53.1	53.1	50.6	44.6	46.7	48.0	46.5	47.7	45.4	46.1	46.3	45.3	47.6	46.8	47.5	44.8	42.1	42.0	41.3	37.7	29.9	22.8	20.4	20.9	21.8	20.4
2018/01/18 18:25:15	57.4	26.7	26.7	47.5	47.5	54.4	54.4	53.3	53.3	48.7	43.6	46.5	48.1	46.0	48.6	44.1	45.4	46.2	46.6	49.6	47.6	48.0	45.8	45.2	44.6	44.6	41.5	34.2	26.6	21.5	21.0	21.9	20.6
2018/01/18 18:25:16	60.6	27.5	27.5	46.1	46.1	54.0	54.0	52.8	52.8	48.1	45.0	49.5	49.9	47.8	48.5	45.2	46.7	47.1	48.5	51.8	50.5	51.5	49.4	48.9	49.3	49.7	47.5	40.3	32.9	25.6	22.4	22.4	21.0
2018/01/18 18:25:17	64.1	26.4	26.4	46.5	46.5	53.6	53.6	54.6	54.6	52.5	48.2	56.1	54.9	49.8	51.3	49.5	51.0	51.0	50.9	54.2	54.6	54.3	53.4	52.6	52.7	53.6	51.3	45.3	39.6	32.4	26.8	24.8	22.5
2018/01/18 18:25:18	69.1	27.9	27.9	46.8	46.8	54.1	54.1	56.5	56.5	53.2	50.5	57.9	54.6	55.1	54.1	53.1	55.2	55.4	55.9	57.5	58.0	58.8	57.5	55.9	58.0	60.7	59.8	53.4	48.2	42.1	36.8	34.1	30.7
2018/01/18 18:25:19	70.6	32.7	32.7	45.8	45.8	55.1	55.1	60.5	60.5	58.7	53.6	59.0	53.7	56.8	56.9	55.0	57.6	58.3	61.5	63.0	60.9	59.8	57.6	56.5	56.7	60.8	59.0	53.0	48.5	41.6	36.1	34.1	30.5
2018/01/18 18:25:20	67.2	29.3	29.3	45.4	45.4	54.7	54.7	59.3	59.3	56.9	52.7	60.2	52.7	53.9	55.2	53.8	54.9	55.6	58.7	60.1	57.4	57.0	55.7	53.2	54.0	54.9	53.0	46.9	41.8	34.5	28.8	26.5	23.8
2018/01/18 18:25:21	66.9	26.2	26.2	42.0	42.0	53.7	53.7	58.5	58.5	57.3	54.2	56.8	47.9	52.0	53.4	52.7	54.5	56.0	57.0	59.9	58.5	57.3	56.0	54.2	51.9	52.1	49.7	42.9	36.8	29.6	25.4	24.1	21.9
2018/01/18 18:25:22	67.6	26.4	26.4	42.7	42.7	53.7	53.7	56.8	56.8	54.1	53.9	57.0	48.8	52.5	55.0	53.6	54.7	54.7	57.2	59.7	60.5	58.1	57.3	54.6	52.0	52.2	51.6	45.4	37.7	30.7	27.6	26.7	24.4
2018/01/18 18:25:23	67.7	26.8	26.8	41.3	41.3	54.4	54.4	58.6	58.6	53.8	50.3	53.5	46.4	51.8	54.6	53.3	54.5	55.4	58.8	61.5	59.8	56.2	55.1	52.9	53.9	54.9	52.4	46.3	38.5	33.2	29.2	29.0	26.9
2018/01/18 18:25:24	64.6	27.4	27.4	41.5	41.5	53.2	53.2	56.2	56.2	50.3	49.4	52.2	46.0	51.4	51.5	51.4	51.4	51.9	54.5	57.5	57.1	54.7	52.8	51.8	50.3	51.1	49.3	41.3	32.4	27.7	25.6	25.0	23.4
2018/01/18 18:25:25	60.8	26.7	26.7	41.5	41.5	50.8	50.8	52.4	52.4	48.9	46.8	47.4	41.1	46.7	48.2	50.4	48.6	48.7	51.1	54.1	52.4	50.5	49.7	48.4	46.2	45.2	44.0	36.3	27.6	23.1	22.0	22.6	21.1
2018/01/18 18:25:26	57.8	23.6	23.6	38.6	38.6	51.0	51.0	52.9	52.9	46.7	43.4	45.3	39.6	43.4	47.3	47.4	45.9	45.4	47.5	50.0	50.4	48.0	47.7	45.8	42.4	40.5	38.9	31.1	23.5	21.0	20.7	22.0	20.6
2018/01/18 18:25:27	56.2	25.8	25.8	40.2	40.2	50.6	50.6	53.0	53.0	49.2	44.5	44.7	38.7	43.7	45.4	45.8	43.5	43.4	46.1	49.7	49.4	46.2	44.0	42.8	39.8	37.4	35.7	27.8	21.5	20.2	20.8	21.7	20.5
2018/01/18 18:25:28	52.7	29.0	29.0	42.2	42.2	51.4	51.4	51.8	51.8	46.6	41.6	44.0	39.0	41.4	42.2	42.0	42.3	41.1	42.7	44.5	45.1	43.6	42.3	40.0	36.7	33.7	31.6	24.6	20.1	20.0	20.7	21.6	20.3
2018/01/18 18:25:29	50.0	25.4	25.4	39.3	39.3	50.2	50.2	53.0	53.0	48.0	42.0	41.5	36.0	40.5	39.6	37.8	40.3	39.7	40.7	42.2	42.1	40.7	38.9	36.2	32.7	29.3	27.0	22.2	20.1	20.2	20.5	21.7	20.6
2018/01/18 18:25:30	48.1	24.4	24.4	39.1	39.1	48.5	48.5	52.5	52.5	48.4	40.4	41.9	34.4	37.9	37.7	37.6	39.7	38.0	38.7	41.2	38.8	38.0	36.4	35.1	31.4	27.8	25.8	21.9	20.0	20.3	20.8	21.9	20.7
2018/01/18 18:25:31	47.0	24.9	24.9	40.1	40.1	50.4	50.4	53.0	53.0	49.3	42.0	43.0	35.7	38.7	36.9	36.5	38.6	37.1	37.4	39.9	37.5	37.0	34.2	32.9	30.3	26.9	25.2	21.5	19.6	19.8	20.6	21.6	20.4
2018/01/18 18:25:32	46.2	25.2	25.2	39.1	39.1	50.2	50.2	52.4	52.4	46.9	42.2	44.2	36.9	39.4	35.4	36.1	38.1	35.8	36.8	37.6	36.2	36.8	34.4	32.7	30.3	26.6	25.0	21.4	19.9	20.4	20.8	21.7	20.5
2018/01/18 18:25:33	45.8	24.5	24.5	39.7	39.7	48.7	48.7	50.7	50.7	48.1	44.1	43.5	36.3	40.5	37.6	34.5	37.4	36.6	35.8	37.6	35.5	35.9	33.6	32.2	30.1	27.2	25.1	21.8	20.0	20.2	20.7	22.0	20.6
2018/01/18 18:25:34	44.6	25.4	25.4	37.9	37.9	50.3	50.3	52.8	52.8	48.6	43.8	42.3	37.0	40.2	37.2	35.4	37.3	34.6	35.5	36.2	34.2	33.7	31.3	29.0	26.4	25.5	23.6	21.2	19.6	19.9	20.8	21.9	20.5
2018/01/18 18:25:35	44.9	24.4	24.4	38.4	38.4	50.0	50.0	52.5	52.5	48.2	43.8	42.6	39.7	40.9	36.5	34.9	37.6	36.5	35.7	36.2	34.0	33.9	31.0	28.7	27.0	26.2	23.1	21.4	19.7	20.6	20.7	22.0	20.8
2018/01/18 18:25:36	45.2	25.5	25.5	38.4	38.4	48.1	48.1	50.9	50.9	47.2	42.9	42.2	38.2	40.6	37.1	35.2	38.3	36.1	36.0	36.4	34.9	34.0	32.2	30.3	29.0	27.7	23.9	21.3	19.9	20.2	20.8	21.9	20.5
2018/01/18 18:25:37	46.6	25.2	25.2	41.3	41.3	51.5	51.5	53.3	53.3	48.7	43.8	42.8	38.3	42.5	38.2	37.3	39.3	36.0	35.7	36.9	36.3	36.4	34.1	34.1	31.9	29.3	27.0	22.3	19.8	20.1	20.9	21.9	20.7
2018/01/18 18:25:38	48.5	24.7	24.7	39.2	39.2	49.0	49.0	51.4	51.4	46.8	40.9	41.9	39.0	41.8	38.4	36.6	40.0	39.3	37.7	38.5	38.6	39.1	37.3	37.2	35.1	33.5	30.8	25.4	20.7	20.3	21.2	21.8	20.5
2018/01/18 18:25:39	51.0	26.0	26.0	40.7	40.7	50.5	50.5	52.7	52.7	48.6	43.2	43.6	41.3	42.9	38.4	39.3	42.8	40.7	39.8	40.5	41.3	41.0	39.7	40.6	39.0	36.2	34.1	26.8	21.0	20.5	21.7	21.8	20.3
2018/01/18 18:25:40	53.4	27.0	27.0	40.8	40.8	48.8	48.8	52.1	52.1	48.6	43.8	45.2	39.9	45.0	41.5	39.8	44.2	43.6	42.0	42.7	42.6	44.4	41.6	42.9	42.0	40.6	38.2	31.1	22.7	20.5	20.8	21.8	20.6
2018/01/18 18:25:41	55.7	26.0	26.0	42.3	42.3	50.5	50.5	53.0	53.0	49.9	45.8	47.8	42.4	45.4	42.3	41.0	46.5	45.8	44.3	45.5	45.6	45.6	44.0	45.1	44.8	43.0	40.7	34.2	24.9	21.0	21.5	21.9	20.6
2018/01/18 18:25:42	58.3	26.5	26.5	41.8	41.8	51.1	51.1	54.0	54.0	50.3	46.0	49.4	44.6	48.3	43.4	44.2	49.2	48.9	47.2	46.7	47.9	48.9	46.2	47.5	46.5	46.1	46.3	39.5	29.3	23.8	21.8	21.8	20.6
2018/01/18 18:25:43	63.9	30.3	30.3	45.1	45.1	51.3	51.3	55.4	55.4	52.3	49.5	51.3	48.9	52.9	48.0	50.1	56.0	53.1	50.6	52.5	53.0	53.4	51.7	52.7	53.5	53.3	52.6	47.3	38.1	32.0	27.7	24.9	24.0
2018/01/18 18:25:44	71.7	36.6	36.6	51.3	51.3	56.7	56.7	61.7	61.7	58.7	55.7	60.2	58.5	61.2	57.2	60.0	62.2	58.1	56.1	57.8	60.3	61.8	59.3	60.5	60.4	62.0	62.0	58.8	50.6	47.2	43.5	42.4	41.4
2018/01/18 18:25:45	65.2	30.6	30.6	45.3	45.3	54.0	54.0	58.3	58.3	54.8	52.2	59.7	53.1	57.1	53.5	54.9	57.1	51.6	50.8	52.9	55.8	54.7	53.2	55.3	53.6	53.1	52.7	49.7	42.3	37.0	33.7	31.4	30.1
2018/01/18 18:25:46	60.8	27.5	27.5	44.4	44.4	52.6	52.6	53.9	53.9	51.0	46.6	52.9	45.1	51.5	48.2	49.1	51.8	48.5	49.4	52.2	52.6	51.5	49.7	49.0	46.2	46.0	45.4	41.9	32.2	26.4	24.2	23.2	21.5
2018/01/18 18:25:47	61.8	27.1	27.1	43.9	43.9	54.2	54.2	55.9	55.9	52.2	48.6	50.7	44.6	49.4	48.2	48.4	50.3	49.7	49.9	54.0	54.2	54.3	50.9	48.5	45.9	44.9	43.7	38.3	29.7	23.6	21.7	22.1	20.7
2018/01/18 18:25:48	66.7	26.5	26.5	43.6	43.6	54.6	54.6	55.7	55.7	51.3	49.1	52.1	47.1	51.5	50.6	47.3	53.8	52.6	55.4	57.9	60.3	59.8	54.5	52.8	51.8	50.6	48.9	44.1	37.9	30.6	24.9	24.6	24.6
2018/01/18 18:25:49	70.3	30.3	30.3	46.6	46.6	57.1	57.1	58.8	58.8	56.8	55.7	56.3	52.4	57.4	53.8	55.4	58.0	57.8	59.2	62.0	64.1	62.2	58.9	56.3	54.0	53.2	52.3	49.0	42.2	36.1	31.8	31.3	29.4
2018/01/18 18:25:50	66.8	25.8	25.8	44.8	44.8	55.2	55.2	55.5	55.5	52.4	52.0	53.9	50.8	53.8	52.3	51.8	53.8	53.6	56.4	58.9	61.1	58.5	55.1	50.6	49.0	48.2	47.2	41.1	33.4	27.4	24.7	23.4	21.1
2018/01/18 18:25:51	72.1	29.9	29.9	46.7	46.7	57.7	57.7	59.1	59.1	57.8	56.6	56.3	53.3	58.3	57.1	58.4	59.9	60.5	62.3	65.0	66.2	63.1	59.3	55.9	53.3	53.3	53.1	48.9	41.7	36.8	37.3	31.9	28.6
2018/01/18 18:25:52	71.6	31.1	31.1	47.8	47.8	60.0	60.0	61.9	61.9	58.8	55.8	57.7	52.1	58.1	60.3	61.1	59.8	59.4	61.8	64.0	64.7	62.7	59.8	57.1	55.5	55.2	53.2	48.5	42.2	36.4	32.8	29.6	27.0
2018/01/18 18:25:53	72.2	32.4	32.4	48.9	48.9	58.5	58.5	59.4	59.4	57.8	57.3	59.2	56.8	59.8	58.7	59.5	60.1	62.0	64.5	66.1	64.7	62.2	58.5	54.6	54.2	54.2	54.1	50.3	43.6	38.1	35.5	34.0	29.6
2018/01/18 18:25:54	70.4	30.6	30.6	46.9	46.9	57.9	57.9	59.0	59.0	57.4	58.3	59.0	55.8	57.3	59.7	57.0	57.9	58.5	59.6	63.1	62.1	60.3	59.6	56.7	56.4	56.8	55.9	50.2	41.7	37.0	35.8	32.5	29.3
2018/01/18 18:25:55	73.1	35.3	35.3	55.7	55.7	64.5	64.5	63.7	63.7	64.2	62.3	60.7	52.6	56.7	56.3	53.2	58.1	58.4	60.8	63.3	64.3	66.0	61.2	57.9	59.6	60.6	62.0	58.8	49.3	48.2	49.0	45.8	43.1
2018/01/18 18:25:56	72.0	33.4	33.4	54.1	54.1	63.0	63.0	63.6	63.6	59.6	54.4	58.2	54.6	57.2	55.6	57.6	59.1	59.1	62.0	65.3	64.8	62.7	59.4	57.0	56.0	57.1	58.2	55.3	46.8	42.8	43.7	42.6	39.4
2018/01/18 18:25:57	72.2	33.8	33.8	54.6	54.6	63.7	63.7	65.0	65.0	63.6	63.6	61.9	57.9	60.2	58.9	58.0	60.0	60.9	62.8	65.2	63.6	63.7	60.1	57.5	56.7	57.4	56.7	51.1	44.8	40.4	38.2	37.4	33.6
2018/01/18 18:25:58	72.1	33.9	33.9	52.9	52.9	63.2	63.2	65.2	65.2	62.8	62.0	62.3	57.8	59.0	57.4	57.6	59.6	59.6	63.7	65.2	64.3	63.9	60.3	56.9	54.9	55.0	54.4	48.7	41.7	36.4	33.8	31.9	28.6
2018/01/18 18:25:59	72.5	37.4	37.4	51.0	51.0	65.6	65.6	68.2	68.2	61.8	62.5	62.7	57.5	58.6	59.6	58.9	60.8	61.1	63.7	67.1	63.4	62.8	60.1	56.1	55.9	56.9	55.8	50.2	43.4	39.9	36.6	35.6	31.7
2018/01/18 18:26:00	70.8	31.2	31.2	48.2	48.2	59.9	59.9	61.4	61.4	57.9	58.0	56.9	53.4	58.0	55.8	56.5	59.8	59.6	60.8	64.0	63.3	62.4	59.2	56.5	53.6	53.5	52.3	46.5	39.8	35.7	30.7	28.8	25.8
2018/01/18 18:26:01	71.3	33.6	33.6	48.9	48.9	59.1	59.1	62.0	62.0	58.4	55.4	56.4	54.4	56.2	57.0	57.1	61.0	58.7	60.1	64.7	63.9	62.5	60.0	56.4	55.0	55.3	54.7	49.1	42.4	37.7	32.7	31.4	28.0
2018/01/18 18:26:02	72.5	32.9	32.9	48.7	48.7	60.0	60.0	62.5	62.5	59.3	56.2	58.3	54.3	57.8	56.0	56.7	59.6	59.5	62.4	64.3	65.5	62.9	62.2	59.7	57.4	57.8	56.7	51.8	43.7	39.7	34.7	32.6	31.2
2018/01/18 18:26:03	75.0	36.7	36.7	50.3	50.3	61.6	61.6	64.5	64.5	62.0	61.0	63.3	58.3	62.0	60.3	59.4	61.2	61.5	62.2	65.6	65.2	65.6	65.3	63.7	62.3	63.7	63.0	59.7	54.2	48.6	46.1	46.6	46.5
2018/01/18 18:26:04	66.4	33.0	33.0	48.0	48.0	59.2	59.2	61.6	61.6	58.8	56.4	58.8	51.9	52.3	52.3	54.3	54.7	54.7	55.7	56.3	56.8	56.4	57.0	55.0	52.8	54.5	52.4	48.1	42.4	37.8	35.4	34.6	38.0
2018/01/18 18:26:05	64.0	35.1	35.1	49.9	49.9	60.6	60.6	62.4	62.4	59.5	56.2	57.2	51.5	52.3	51.1	52.1	52.9	52.9	54.7	54.6	56.5	55.5	52.9	50.2	48.2	48.5	46.8	42.2	35.6	29.0	25.4	25.2	24.8
2018/01/18 18:26:06	66.3	31.7	31.7	45.2	45.2	57.8	57.8	59.9	59.9	54.5	52.4	53.3	48.0	51.9	51.0	50.8	53.6	55.5	57.0	57.6	59.0	58.2	54.7	52.1	51.8	49.9	49.3	44.4	36.3	31.1	28.4	27.3	24.3
2018/01/18 18:26:07	71.1	36.5	36.5	54.4	54.4	65.3	65.3	65.5	65.5	61.5	62.1	59.9	53.0	56.4	55.7	54.7	57.1	59.0	61.4	62.9	63.3	62.5	59.1	57.2	56.5	57.1	56.7	54.7	46.2	41.8	41.6	39.7	36.4
2018/01/18 18:26:08	73.5	44.3	44.3	60.7	60.7	71.8	71.8	71.1	71.1	64.8	64.7	65.4	56.0	60.0	58.2	59.2	59.7	62.1	63.2	65.4	65.3	64.2	62.4	59.4	59.1	61.2	59.8	55.5	48.8	46.3	43.0	43.8	38.9
2018/01/18 18:26:09	68.8	36.1	36.1	55.1	55.1	65.2	65.2	64.4	64.4	58.0	56.2	56.7	52.1	54.8	52.7	54.5	55.2	57.0	59.2	61.1	60.9	60.1	58.0	55.1	53.3	53.9	53.8	48.1	41.9	37.8	31.8	32.4	27.3
2018/01/18 18:26:10	62.3	29.6	29.6	51.1	51.1	59.6	59.6	58.5	58.5	56.7	53.8	50.5	44.1	50.0	46.1	47.2	49.8	50.9	53.6	54.9	55.3	53.4	50.2	46.8	45.2	45.3	44.3	38.9	31.2	26.0	22.6	22.5	20.7
2018/01/18 18:26:11	59.5	30.2	30.2	49.0	49.0	57.6	57.6	60.2	60.2	55.8	51.2	50.9	42.9	46.5	43.1	46.4	47.1	48.9	50.9	52.1	52.9	51.0	47.5	43.0	40.9	40.0	38.1	32.4	24.9	21.5	20.9	22.0	20.5
2018/01/18 18:26:12	57.7	27.5	27.5	48.4	48.4	56.5	56.5	58.0	58.0	55.0	50.1	51.7	44.2	46.5	43.3	45.5	46.6	46.0	48.3	50.9	50.5	49.2	45.5	41.7	39.9	36.6	34.8	30.0	22.9	20.4	20.8	21.8	20.5
2018/01/18 18:26:13	57.8	30.3	30.3	47.6	47.6	55.3	55.3	57.0	57.0	54.1	51.0	50.8	44.2	46.8	43.2	46.2	46.5	46.2	50.0	50.8	50.1	49.1	45.4	41.2	39.1	36.5	34.1	29.9	23.7	20.4	20.9	27.8	20.4
2018/01/18 18:26:14	59.2	27.0	27.0	43.6	43.6	54.6	54.6	57.7	57.7	53.7	50.3	53.8	44.9	48.5	46.1	44.1	47.8	47.3	49.4	52.9	51.1	50.8	47.6	44.0	42.1	38.9	36.8	33.3	27.8	20.8	21.0	26.0	20.5
2018/01/18 18:26:15	62.1	29.5	29.5	43.6	43.6	56.9	56.9	60.4	60.4	55.1	50.8	54.8	44.7	47.6	45.9	45.8	51.0	48.5	52.5	55.4	54.2	54.6	50.7	46.9	43.9	41.7	39.8	40.0	31.5	22.8	21.4	23.5	20.5
2018/01/18 18:26:16	65.9	36.2	36.2	50.7	50.7	62.7	62.7	62.4	62.4	54.5	53.8	55.9	52.5	51.7	49.9	49.0	54.8	53.6	55.7	58.8	58.5	58.3	53.7	51.1	49.9	46.8	46.2	43.5	35.5	27.1	23.3	23.2	21.0
2018/01/18 18:26:17	72.2	42.5	42.5	57.4	57.4	69.8	69.8	69.0	69.0	57.8	59.1	61.5	55.9	57.2	57.2	56.2	62.5	57.7	62.1	65.2	64.8	64.1	60.2	57.5	56.6	55.0	54.3	53.3	45.6	37.0	32.9	29.6	28.5
2018/01/18 18:26:18	74.1	43.9	43.9	61.0	61.0	71.1	71.1	69.2	69.2	60.9	60.9	62.8	60.5	64.1	66.4	60.0	65.1	60.9	63.9	66.4	67.1	65.4	62.1	59.3	56.1	55.7	55.1	53.0	44.3	38.7	34.8	32.5	30.3
2018/01/18 18:26:19	72.2	37.7	37.7	54.9	54.9	65.5	65.5	65.1	65.1	59.6	55.7	58.8	54.1	58.2	57.5	57.6	60.7	60.9	62.8	64.8	64.6	63.3	60.5	59.1	57.0	55.4	57.4	51.1	43.7	39.6	38.8	36.4	32.8
2018/01/18 18:26:20	66.4	31.5	31.5	50.2	50.2	59.8	59.8	59.6	59.6	57.3	56.5	58.2	53.7	55.8	55.6	51.2	55.0	53.3	56.3	58.4	59.2	57.9	54.7	52.5	51.9	49.8	47.2	41.6	34.2	31.5	26.6	25.0	22.1
2018/01/18 18:26:21	66.1	31.2	31.2	46.8	46.8	58.0	58.0	58.5	58.5	55.0	52.1	54.7	49.1	50.6	52.1	50.0	51.8	53.8	56.1	58.4	58.6	58.5	55.4	52.7	50.4	48.3	44.5	37.8	30.3	25.4	23.5	22.4	20.8
2018/01/18 18:26:22	68.0	31.1	31.1	47.0	47.0	58.7	58.7	60.3	60.3	53.6	51.9	52.6	46.1	49.7	52.8	52.3	54.0	54.9	59.2	61.2	59.9	59.2	58.1	54.5	51.2	50.6	49.5	41.6	35.2	29.0	25.3	23.6	21.1
2018/01/18 18:26:23	70.3	31.4	31.4	46.0	46.0	56.2	56.2	58.7	58.7	54.9	52.1	54.2	47.9	52.7	53.9	54.3	57.3	58.4	62.9	63.2	62.3	61.4	59.1	55.2	55.4	54.5	52.3	45.7	39.4	33.3	28.8	26.9	24.5
2018/01/18 18:26:24	72.2	31.6	31.6	48.5	48.5	57.8	57.8	60.5	60.5	60.4	57.5	56.5	51.9	60.0	59.8	59.3	61.4	61.5	63.7	65.1	64.6	62.7	60.1	59.0	55.5	54.6	54.0	49.0	42.4	37.9	34.6	33.2	29.0
2018/01/18 18:26:25	72.0	34.0	34.0	50.6	50.6	61.9	61.9	64.4	64.4	60.6	57.1	57.2	52.5	56.0	58.6	56.9	57.5	56.6	60.8	65.4	65.8	63.8	61.0	57.0	53.7	50.8	47.7	42.4	37.5	31.2	26.9	25.5	23.1
2018/01/18 18:26:26	66.0	32.6	32.6	47.9	47.9	61.1	61.1	62.5	62.5	56.6	54.4	53.5	46.8	50.6	54.9	54.9	54.2	53.6	54.9	58.3	58.4	57.7	55.7	52.7	49.2	48.3	45.6	40.8	35.1	29.1	24.5	23.4	21.7
2018/01/18 18:26:27	68.2	35.5	35.5	49.2	49.2	69.1	69.1	72.8	72.8	64.6	52.7	55.1	50.4	53.7	56.3	56.5	57.7	55.4	57.5	61.3	61.1	58.9	56.4	52.5	51.3	52.7	51.8	47.3	40.2	35.9	31.8	29.8	27.9
2018/01/18 18:26:28	67.0	33.1	33.1	49.3	49.3	65.7	65.7	69.5	69.5	62.0	51.1	52.1	48.9	54.0	55.0	52.8	58.3	55.0	56.4	60.0	60.1	57.1	55.3	51.2	50.0	51.1	50.3	44.5	37.8	34.9	29.9	28.6	26.4
2018/01/18 18:26:29	63.7	32.1	32.1	46.1	46.1	58.2	58.2	60.7	60.7	55.7	49.5	50.1	45.5	49.7	51.8	50.4	54.4	51.2	51.7	56.5	56.9	54.2	52.2	49.8	45.7	48.3	47.2	41.7	34.7	29.6	25.6	23.6	21.8
2018/01/18 18:26:30	62.4	32.1	32.1	47.0	47.0	58.9	58.9	59.7	59.7	54.7	50.6	51.4	48.3	49.6	49.9	48.2	51.0	51.2	51.7	54.1	54.5	52.6	51.0	47.9	47.0	50.3	48.3	45.1	38.4	32.6	30.3	25.9	24.1
2018/01/18 18:26:31	60.3	31.5	31.5	45.3	45.3	57.2	57.2	58.9	58.9	52.7	48.3	49.2	45.3	47.2	47.2	47.8	49.1	48.7	50.8	51.4	51.6	49.8	47.0	43.5	45.3	50.6	50.0	41.5	36.3	34.0	27.8	26.5	23.9
2018/01/18 18:26:32	58.9	29.3	29.3	43.7	43.7	53.3	53.3	55.0	55.0	50.4	47.3	48.5	45.0	48.5	46.6	44.1	47.6	48.1	49.7	48.6	49.4	48.0	44.5	41.9	44.4	50.4	48.8	40.9	36.2	34.3	28.4	26.7	23.8
2018/01/18 18:26:33	59.0	28.9	28.9	46.9	46.9	56.1	56.1	55.9	55.9	52.9	49.9	51.2	49.9	49.8	47.0	45.0	48.1	47.4	49.1	49.0	48.5	47.7	45.5	43.5	45.5	49.8	48.2	46.4	36.9	35.2	29.0	25.0	22.9
2018/01/18 18:26:34	55.5	28.0	28.0	43.0	43.0	53.3	53.3	54.4	54.4	49.4	50.4	49.5	45.3	45.9	45.7	43.1	45.9	44.1	47.4	46.1	45.8	44.8	42.1	40.0	40.9	44.8	43.7	34.6	29.6	27.3	23.7	22.7	21.2
2018/01/18 18:26:35	52.9	26.7	26.7	43.1	43.1	52.8	52.8	54.5	54.5	49.0	44.9	47.0	44.9	47.0	44.2	40.3	43.2	42.1	43.3	43.3	43.0	42.2	40.1	37.9	38.5	41.9	41.1	33.4	26.1	24.0	21.6	22.0	20.6
2018/01/18 18:26:36	51.2	26.1	26.1	40.9	40.9	51.6	51.6	53.6	53.6	48.9	46.6	47.3	42.1	43.6	42.1	39.7	41.9	40.9	43.2	41.3	41.1	40.6	38.9	36.3	36.6	39.6	37.6	29.6	24.5	22.1	20.9	21.9	20.6
2018/01/18 18:26:37	51.1	25.6	25.6	42.5	42.5	51.8	51.8	52.5	52.5	49.2	49.1	49.3	41.4	45.0	41.9	40.1	42.9	41.1	42.2	41.1	40.9	39.9	39.3	35.8	35.5	39.4	35.9	28.3	23.3	21.7	21.2	22.0	20.6
2018/01/18 18:26:38	51.7	26.9	26.9	45.1	45.1	54.6	54.6	54.9	54.9	49.8	50.4	50.7	40.5	46.6	42.1	40.7	47.2	41.6	41.7	41.7	42.2	40.3	39.1	35.9	35.0	37.3	34.1	26.9	22.1	20.8	20.8	22.0	20.5
2018/01/18 18:26:39	56.3	27.0	27.0	42.9	42.9	52.8	52.8	54.8	54.8	50.1	47.8	48.9	43.3	48.7	44.1	44.4	52.2	44.3	45.4	46.2	49.1	48.0	42.8	40.3	36.4	36.5	33.8	26.3	21.6	20.4	21.1	21.7	20.5
2018/01/18 18:26:40	57.8	24.6	24.6	40.4	40.4	51.4	51.4	53.6	53.6	48.4	46.9	48.9	43.3	47.7	42.5	44.2	53.5	50.7	47.6	49.0	49.5	48.1	44.9	42.2	37.9	37.0	34.2	27.5	21.2	20.3	20.9	21.9	20.6
2018/01/18 18:26:41	52.3	25.9	25.9	42.5	42.5	53.6	53.6	55.1	55.1	48.8	44.9	47.1	40.6	44.2	41.5	40.0	46.5	42.5	43.3	43.8	44.5	41.7	39.5	38.5	34.9	34.6	31.8	23.5	20.5	20.5	20.6	22.1	20.4
2018/01/18 18:26:42	48.6	25.8	25.8	40.3	40.3	49.3	49.3	51.2	51.2	47.8	45.0	44.0	37.0	41.5	38.5	38.1	38.2	39.3	38.7	39.1	41.3	39.0	36.5	32.8	31.5	32.2	29.2	25.1	20.3	20.5	21.2	22.1	20.6
2018/01/18 18:26:43	46.6	26.9	26.9	40.7	40.7	50.3	50.3	52.4	52.4	47.9	42.1	43.6	38.7	41.1	37.9	36.9	36.6	36.8	36.8	37.7	38.2	36.6	34.2	31.5	30.7	30.8	27.7	22.8	20.3	20.4	21.0	21.9	20.4
2018/01/18 18:26:44	45.9	23.9	23.9	37.3	37.3	47.7	47.7	50.2	50.2	46.5	42.5	43.9	38.5	39.3	38.4	38.4	35.5	35.7	36.3	36.4	36.3	35.4	34.3	32.2	30.3	29.6	28.2	23.9	20.2	20.2	20.8	21.8	20.6
2018/01/18 18:26:45	44.8	25.3	25.3	38.1	38.1	48.2	48.2	50.9	50.9	47.9	43.8	41.4	35.6	39.3	37.4	36.7	35.2	36.3	35.1	35.2	35.3	34.0	32.8	29.8	27.8	27.1	25.4	21.8	20.2	20.0	20.8	21.9	20.7
2018/01/18 18:26:46	43.8	25.5	25.5	38.4	38.4	48.4	48.4	50.6	50.6	46.4	40.5	41.2	35.0	39.0	36.7	35.4	35.4	34.4	34.2	34.5	34.8	33.1	31.0	27.5	25.9	25.4	22.9	20.9	20.0	20.2	20.7	22.0	20.5
2018/01/18 18:26:47	43.6	26.9	26.9	40.0	40.0	49.5	49.5	51.3	51.3	46.2	40.5	42.2	36.5	39.8	35.7	35.0	35.0	34.1	33.3	34.7	34.5	33.0	30.3	27.7	25.8	23.1	21.5	20.8	20.2	20.5	20.9	22.1	20.5
2018/01/18 18:26:48	44.5	27.2	27.2	38.6	38.6	48.1	48.1	50.2	50.2	46.5	41.6	41.8	36.5	38.2	36.5	34.5	35.1	34.7	34.8	36.4	36.3	33.6	31.6	28.4	26.9	25.1	23.7	22.3	20.2	20.4	21.0	21.9	20.5
2018/01/18 18:26:49	45.1	24.6	24.6	39.9	39.9	49.9	49.9	51.7	51.7	46.1	38.4	41.2	36.0	38.5	36.5	34.1	36.1	36.1	36.2	36.7	36.6	35.1	32.3	29.6	27.0	25.5	23.1	22.1	20.8	20.8	21.1	22.3	20.8
2018/01/18 18:26:50	44.1	26.2	26.2	40.0	40.0	48.2	48.2	50.0	50.0	46.7	41.9	40.5	33.1	37.5	38.9	34.6	37.0	34.4	34.4	35.8	34.7	33.7	31.1	27.4	25.1	24.6	21.8	20.9	19.9	19.9	20.8	21.4	20.5
2018/01/18 18:26:51	47.3	24.0	24.0	38.6	38.6	47.5	47.5	50.2	50.2	47.5	45.1	42.5	37.1	41.0	38.8	35.8	37.4	36.9	37.5	38.4	39.6	37.2	38.2	30.4	28.3	26.4	23.9	21.2	20.0	20.3	20.8	21.9	20.2
2018/01/18 18:26:52	45.1	23.6	23.6	36.8	36.8	47.9	47.9	51.9	51.9	49.2	45.0	43.8	37.6	39.7	36.5	35.2	35.4	36.2	35.0	36.4	36.0	34.3	31.5	28.1	27.5	28.3	25.6	24.6	21.7	21.3	22.7	22.9	21.4
2018/01/18 18:26:53	44.9	24.7	24.7	41.3	41.3	50.1	50.1	51.3	51.3	47.2	44.0	43.6	37.1	39.5	37.8	34.1	36.9	36.3	35.4	36.2	35.1	35.6	31.0	26.7	26.8	23.1	22.1	20.7	19.6	19.9	20.6	21.8	20.3
2018/01/18 18:26:54	44.1	27.2	27.2	43.4	43.4	52.3	52.3	52.2	52.2	46.8	41.6	40.2	36.0	38.8	37.1	35.1	36.2	34.9	34.3	34.9	35.3	34.1	30.5	28.0	24.6	23.3	21.6	20.6	19.8	19.8	20.9	21.9	20.5
2018/01/18 18:26:55	43.7	26.0	26.0	38.1	38.1	49.7	49.7	52.1	52.1	46.9	40.9	41.1	36.8	39.0	36.4	34.2	36.6	34.5	33.8	35.0	34.7	32.6	29.8	27.1	24.6	23.3	21.8	20.9	19.8	19.9	20.8	21.7	20.3
2018/01/18 18:26:56	43.7	24.8	24.8	42.9	42.9	52.4	52.4	53.4	53.4	47.7	40.9	41.5	35.8	39.5	37.5	34.1	35.3	34.3	34.0	34.6	34.5	32.3	30.0	27.0	25.1	23.3	22.1	21.2	20.0	20.3	20.8	21.9	20.8
2018/01/18 18:26:57	43.5	24.2	24.2	38.5	38.5	48.8	48.8	51.2	51.2	46.0	40.9	40.3	34.4	39.5	37.5	34.2	36.0	35.4	33.4	34.9	34.2	32.2	29.4	26.8	24.1	23.6	22.1	21.1	19.7	20.1	20.7	21.8	20.5
2018/01/18 18:26:58	44.0	26.1	26.1	41.4	41.4	51.5	51.5	53.1	53.1	48.5	42.3	42.2	35.9	38.7	37.2	33.9	35.3	34.4	33.3	35.0	34.3	32.7	29.5	28.1	25.8	27.7	28.5	27.2	22.0	21.2	21.5	22.2	21.0
2018/01/18 18:26:59	43.7	23.9	23.9	40.2	40.2	50.4	50.4	52.3	52.3	47.5	40.7	41.4	35.2	38.1	36.3	35.1	37.6	33.9	33.2	34.4	34.3	32.4	29.7	27.2	25.2	24.6	24.5	22.5	20.9	20.8	21.2	22.1	20.6
2018/01/18 18:27:00	43.5	24.6	24.6	41.1	41.1	50.6	50.6	51.8	51.8	46.4	41.3	42.3	36.2	38.6	35.8	34.7	36.2	35.1	32.9	33.9	33.8	32.5	30.0	27.7	24.8	25.6	24.5	22.6	20.6	20.4	21.0	22.0	20.5
2018/01/18 18:27:01	44.5	25.0	25.0	42.2	42.2	51.2	51.2	51.8	51.8	46.5	41.0	44.9	37.6	41.6	38.9	36.2	38.4	34.8	34.3	34.0	34.3	33.3	31.2	27.4	24.8	25.2	24.8	21.7	19.9	20.2	20.9	21.7	20.8
2018/01/18 18:27:02	45.5	24.1	24.1	38.9	38.9	48.3	48.3	51.3	51.3	47.8	42.8	43.3	38.0	42.8	39.6	36.1	38.3	36.2	35.4	36.2	35.9	34.8	32.9	29.0	25.3	24.5	23.3	21.8	20.3	20.4	20.9	21.6	20.6
2018/01/18 18:27:03	46.6	25.3	25.3	40.1	40.1	48.9	48.9	49.8	49.8	45.3	42.3	44.6	39.0	43.2	40.0	35.5	38.6	37.3	36.5	37.2	37.5	37.2	35.3	30.6	27.2	24.9	22.9	21.3	20.3	20.2	20.9	22.0	20.8
2018/01/18 18:27:04	47.8	25.6	25.6	41.8	41.8	51.6	51.6	53.7	53.7	50.2	43.0	45.5	39.1	44.4	39.0	37.3	38.4	39.2	37.6	36.8	39.0	38.5	37.0	31.7	29.0	26.7	24.2	21.2	20.0	19.8	20.7	21.7	20.5
2018/01/18 18:27:05	49.3	25.0	25.0	42.9	42.9	52.7	52.7	53.9	53.9	49.8	44.1	45.9	39.8	45.5	41.2	37.1	38.5	39.4	36.9	39.6	40.2	41.4	39.7	34.1	30.7	29.3	26.3	21.9	19.8	19.7	20.6	21.8	20.5
2018/01/18 18:27:06	50.5	26.6	26.6	42.2	42.2	51.7	51.7	53.0	53.0	48.6	43.9	46.3	41.7	44.2	41.5	36.6	39.7	39.3	38.4	40.9	43.0	42.5	41.1	35.4	32.4	30.3	26.8	22.4	20.1	20.0	20.9	21.7	20.6
2018/01/18 18:27:07	52.0	25.7	25.7	40.8	40.8	51.0	51.0	52.9	52.9	47.6	43.7	46.0	40.4	44.2	42.0	39.3	40.2	40.6	39.9	43.1	44.4	44.1	42.6	37.1	33.4	32.9	31.1	23.6	20.2	20.0	20.7	21.3	20.4
2018/01/18 18:27:08	53.4	24.5	24.5	40.1	40.1	48.5	48.5	50.8	50.8	48.1	41.3	46.5	38.8	44.7	43.7	40.5	41.5	40.2	42.3	44.9	46.0	45.6	43.6	38.5	35.4	35.6	32.2	26.9	21.8	20.6	20.9	21.9	20.5
2018/01/18 18:27:09	55.5	24.6	24.6	41.0	41.0	48.2	48.2	50.5	50.5	48.1	42.6	45.3	42.3	46.5	44.0	41.1	42.9	41.6	42.8	46.0	48.6	47.7	46.0	42.3	38.8	38.9	36.9	31.5	24.1	20.8	20.8	21.6	20.4
2018/01/18 18:27:10	58.9	25.7	25.7	38.0	38.0	48.2	48.2	50.8	50.8	48.3	44.7	46.9	41.3	46.5	44.4	44.4	45.2	45.1	45.6	50.6	51.4	51.4	49.1	45.3	44.0	43.7	41.4	33.7	27.4	22.4	21.3	21.8	20.6
2018/01/18 18:27:11	62.9	25.9	25.9	41.6	41.6	50.2	50.2	51.5	51.5	48.5	45.7	49.0	45.1	47.3	47.4	47.2	48.7	48.6	50.1	54.3	55.9	55.4	54.1	49.4	46.5	46.2	44.7	39.2	33.2	26.7	23.0	22.6	21.2
2018/01/18 18:27:12	65.6	26.5	26.5	43.7	43.7	53.6	53.6	53.5	53.5	47.3	46.1	50.6	48.9	53.8	52.7	51.5	49.4	52.2	53.5	57.9	59.3	56.5	54.9	51.2	49.2	51.5	50.4	44.1	37.9	31.8	27.4	25.1	22.8
2018/01/18 18:27:13	63.4	26.2	26.2	42.1	42.1	51.1	51.1	51.9	51.9	48.6	44.1	50.7	50.2	55.1	55.8	51.9	51.1	50.0	51.0	55.5	56.6	53.8	52.1	50.1	47.3	48.7	47.8	41.8	35.0	31.0	26.3	24.4	22.1
2018/01/18 18:27:14	58.4	24.8	24.8	39.9	39.9	47.6	47.6	49.7	49.7	46.9	41.9	44.4	40.8	46.0	49.1	47.9	44.3	45.3	45.4	51.5	51.9	48.8	47.0	45.2	41.1	41.4	40.2	34.0	28.2	23.6	21.6	21.8	20.7
2018/01/18 18:27:15	54.7	25.0	25.0	37.7	37.7	48.1	48.1	50.8	50.8	46.6	43.2	43.4	40.1	44.0	45.6	42.9	41.7	41.9	41.9	46.7	47.8	47.0	44.1	40.6	36.8	35.9	33.8	28.9	23.6	21.5	20.8	21.9	20.4
2018/01/18 18:27:16	52.5	24.8	24.8	40.5	40.5	49.7	49.7	51.7	51.7	46.7	41.8	42.6	37.8	42.6	43.7	40.5	39.5	41.6	40.5	45.0	44.4	44.8	42.4	37.7	33.8	32.0	30.7	26.3	21.4	20.6	20.8	21.7	20.4
2018/01/18 18:27:17	50.3	25.9	25.9	36.6	36.6	48.2	48.2	50.9	50.9	46.2	41.2	40.1	38.0	40.7	42.0	39.7	37.6	38.5	39.0	41.4	42.7	42.5	40.7	36.1	32.2	29.1	28.1	24.3	20.7	19.9	20.5	21.7	20.4
2018/01/18 18:27:18	48.7	25.6	25.6	36.9	36.9	49.6	49.6	52.5	52.5	46.4	40.3	41.4	37.5	40.9	41.0	36.5	37.0	37.1	37.6	40.3	41.5	40.3	38.8	33.8	28.4	26.8	24.9	22.2	20.2	20.7	20.8	22.2	20.7
2018/01/18 18:27:19	47.7	23.9	23.9	38.1	38.1	48.1	48.1	50.8	50.8	46.1	40.6	40.6	35.5	40.8	40.7	37.3	36.8	37.2	36.3	39.2	39.0	38.8	37.9	34.1	29.4	28.7	26.4	21.9	20.0	20.1	20.9	21.8	20.6
2018/01/18 18:27:20	45.6	25.0	25.0	35.9	35.9	47.8	47.8	52.0	52.0	47.8	40.2	40.0	34.3	39.2	38.7	34.4	35.1	35.2	34.6	36.2	36.4	36.9	35.2	31.1	27.4	26.5	26.7	22.1	21.3	24.2	23.1	22.2	20.7
2018/01/18 18:27:21	45.2	24.6	24.6	37.6	37.6	47.1	47.1	50.2	50.2	46.5	41.8	41.0	35.1	38.8	38.1	35.6	35.2	35.3	36.0	35.6	37.2	35.9	33.7	29.4	25.6	23.5	22.0	20.9	19.9	19.8	20.7	21.9	20.4
2018/01/18 18:27:22	44.3	23.9	23.9	38.5	38.5	49.2	49.2	52.4	52.4	47.3	39.8	42.8	37.3	39.4	36.2	34.8	34.1	34.7	34.1	35.5	35.9	34.4	32.4	28.5	24.5	24.0	21.6	20.4	19.8	20.1	20.8	21.7	20.5
2018/01/18 18:27:23	44.1	25.4	25.4	40.4	40.4	48.3	48.3	50.5	50.5	47.0	40.3	41.4	35.2	37.8	37.0	35.3	34.4	33.7	34.4	35.0	35.8	34.7	32.1	27.7	25.3	23.7	21.7	21.0	19.9	20.3	21.0	22.0	20.6
2018/01/18 18:27:24	45.1	25.8	25.8	39.1	39.1	48.9	48.9	51.3	51.3	47.5	43.1	40.8	36.5	38.2	36.1	34.3	35.1	35.6	36.1	36.2	36.5	36.3	32.9	29.4	26.0	24.4	22.3	21.2	19.9	20.2	20.8	21.7	20.5
2018/01/18 18:27:25	46.8	24.3	24.3	41.5	41.5	48.8	48.8	50.4	50.4	46.7	41.9	40.5	34.7	39.3	38.3	35.8	34.5	35.1	38.9	37.7	39.0	38.4	35.4	31.0	27.1	26.1	23.9	21.1	19.9	20.0	20.7	21.7	20.8
2018/01/18 18:27:26	50.6	25.4	25.4	41.9	41.9	49.9	49.9	50.5	50.5	46.5	42.9	41.5	37.7	40.7	40.0	36.4	36.3	38.1	41.3	42.6	42.4	43.2	41.2	34.8	31.5	28.9	23.9	21.1	19.8	20.2	20.7	21.8	20.3
2018/01/18 18:27:27	52.0	24.7	24.7	40.5	40.5	49.1	49.1	51.4	51.4	49.1	45.5	44.5	40.4	41.5	39.1	37.0	37.3	40.4	41.4	43.8	43.2	45.0	43.3	38.2	33.0	30.2	25.1	21.2	19.9	20.0	20.7	21.7	20.2
2018/01/18 18:27:28	53.4	24.7	24.7	42.2	42.2	51.4	51.4	52.4	52.4	47.4	44.5	44.0	37.4	40.9	39.3	36.3	39.0	41.8	41.9	42.5	45.0	47.6	44.9	39.4	34.0	31.5	27.6	22.2	20.3	20.7	21.0	22.2	20.8
2018/01/18 18:27:29	55.4	28.4	28.4	42.9	42.9	51.5	51.5	54.0	54.0	51.4	45.2	44.2	40.2	43.5	39.8	38.8	42.1	43.5	43.1	47.0	48.4	48.9	45.3	39.9	36.0	34.1	29.9	23.3	20.1	20.8	20.8	22.2	20.8
2018/01/18 18:27:30	58.7	28.5	28.5	44.2	44.2	54.5	54.5	56.9	56.9	53.9	48.3	46.1	42.0	45.1	42.5	40.2	45.6	47.7	47.0	50.0	51.8	52.0	48.3	43.4	40.1	38.9	34.0	26.7	21.0	20.6	21.0	22.1	20.7
2018/01/18 18:27:31	62.4	28.9	28.9	45.9	45.9	56.2	56.2	58.7	58.7	56.2	50.2	50.3	45.2	48.2	45.8	42.0	48.6	50.0	51.0	53.0	54.9	55.9	53.4	48.2	44.8	44.2	40.2	32.8	24.9	21.4	20.9	21.8	20.4
2018/01/18 18:27:32	66.8	29.5	29.5	45.6	45.6	54.0	54.0	54.7	54.7	56.4	55.0	56.0	50.4	52.5	51.2	49.4	51.9	54.9	55.3	57.9	57.1	61.2	56.4	53.4	51.0	49.8	45.8	39.5	31.5	25.7	22.3	22.1	20.5
2018/01/18 18:27:33	72.8	31.6	31.6	47.8	47.8	58.7	58.7	61.8	61.8	60.8	61.1	60.5	55.8	57.9	55.8	53.1	55.1	61.1	62.9	65.5	63.4	66.5	61.5	58.9	56.0	56.0	54.7	47.5	41.0	35.1	30.0	26.8	22.9
2018/01/18 18:27:34	75.2	36.2	36.2	54.6	54.6	66.4	66.4	68.4	68.4	67.2	65.1	63.2	56.6	60.8	60.1	57.2	60.3	62.7	66.5	68.6	66.9	66.3	64.3	59.7	59.1	60.3	59.7	54.0	47.4	42.1	37.0	34.7	31.5
2018/01/18 18:27:35	72.0	39.3	39.3	53.6	53.6	65.8	65.8	69.7	69.7	69.6	62.6	64.4	59.6	59.3	55.3	54.2	59.3	61.5	63.4	63.7	64.3	62.5	60.6	58.2	56.5	57.4	55.8	49.5	42.6	38.0	33.3	30.3	27.2
2018/01/18 18:27:36	74.1	46.3	46.3	62.4	62.4	74.7	74.7	76.5	76.5	73.3	65.6	69.8	62.1	61.4	57.6	56.9	60.9	62.2	62.6	61.1	62.4	61.6	63.1	61.7	62.1	65.1	65.2	60.6	54.9	50.0	47.8	45.6	42.4
2018/01/18 18:27:37	74.6	43.7	43.7	62.8	62.8	72.2	72.2	70.6	70.6	64.6	62.9	66.5	55.8	60.3	57.6	56.7	61.1	63.1	63.6	60.0	61.0	61.9	60.4	60.4	63.4	66.0	67.7	62.7	56.2	54.2	51.4	49.8	47.9
2018/01/18 18:27:38	65.6	28.2	28.2	49.0	49.0	57.7	57.7	59.7	59.7	56.2	57.9	57.0	49.3	54.0	52.1	52.8	54.4	54.5	54.5	55.0	55.7	55.3	53.0	52.2	52.8	54.9	56.1	49.7	42.4	38.6	35.0	30.7	29.7
2018/01/18 18:27:39	61.3	27.6	27.6	44.5	44.5	57.3	57.3	60.5	60.5	54.0	47.2	49.2	45.9	51.1	47.0	48.7	50.0	50.3	52.0	52.6	52.6	52.7	50.9	47.5	46.1	46.5	45.5	39.4	31.5	26.6	23.6	22.5	20.8
2018/01/18 18:27:40	58.4	29.7	29.7	43.3	43.3	58.4	58.4	60.7	60.7	52.9	46.4	47.4	45.0	47.6	48.4	47.8	47.9	47.1	49.9	51.2	50.1	49.7	45.7	43.6	40.8	40.5	39.5	33.5	25.4	21.6	20.9	21.9	20.6
2018/01/18 18:27:41	57.8	28.2	28.2	41.0	41.0	53.8	53.8	55.4	55.4	49.3	47.2	49.4	44.2	49.6	48.6	47.8	45.8	47.1	49.5	51.5	49.9	48.5	44.0	42.0	38.7	38.8	37.7	30.8	23.5	20.7	21.0	22.0	20.3
2018/01/18 18:27:42	59.0	27.9	27.9	43.6	43.6	53.8	53.8	55.7	55.7	51.7	48.7	48.8	46.5	50.2	50.9	46.4	45.6	48.7	51.5	52.2	51.4	49.7	45.4	42.3	40.7	40.1	39.1	33.0	25.3	21.6	21.0	22.0	20.2
2018/01/18 18:27:43	61.7	27.3	27.3	41.1	41.1	52.5	52.5	56.2	56.2	52.1	48.0	51.3	51.2	58.0	55.0	46.6	48.3	50.7	53.2	53.9	55.1	52.2	47.1	45.2	43.5	42.2	41.6	35.6	27.9	23.3	21.5	22.1	20.8
2018/01/18 18:27:44	64.9	31.3	31.3	46.3	46.3	52.6	52.6	58.3	58.3	56.8	54.0	56.6	57.5	62.1	54.0	49.1	52.2	53.6	55.8	57.7	57.2	55.7	51.3	49.1	48.3	46.8	47.7	42.6	34.1	29.4	25.2	24.3	22.9
2018/01/18 18:27:45	68.3	32.2	32.2	45.9	45.9	56.7	56.7	60.0	60.0	56.4	56.0	61.6	62.3	61.8	53.5	52.8	54.4	56.0	59.4	61.1	62.2	58.0	54.2	52.4	51.8	50.3	51.3	47.0	40.1	34.1	32.1	31.7	30.6
2018/01/18 18:27:46	68.4	32.4	32.4	43.1	43.1	57.7	57.7	59.3	59.3	54.6	57.5	60.3	58.4	57.4	54.2	53.0	56.2	56.1	59.3	61.8	60.3	57.9	56.9	53.0	53.0	55.0	53.2	48.8	41.9	38.3	34.1	31.4	29.1
2018/01/18 18:27:47	65.7	34.5	34.5	46.4	46.4	61.0	61.0	62.2	62.2	54.7	54.2	55.8	51.9	55.1	48.8	48.5	49.5	51.5	54.2	59.1	58.2	56.7	55.0	51.4	49.7	51.2	49.2	44.9	38.8	33.6	31.1	27.1	24.4
2018/01/18 18:27:48	63.6	29.8	29.8	42.1	42.1	57.2	57.2	59.6	59.6	54.1	51.3	51.1	46.5	51.1	50.4	47.9	50.4	52.2	53.2	55.4	55.9	55.7	53.8	48.2	46.6	47.9	45.9	41.0	33.3	27.1	24.2	23.3	21.6
2018/01/18 18:27:49	69.3	29.0	29.0	41.3	41.3	57.5	57.5	60.3	60.3	55.7	55.0	55.6	54.1	56.9	55.6	52.8	57.2	56.8	59.2	60.7	61.4	61.0	59.5	55.0	53.3	54.3	54.0	50.3	42.8	37.7	34.0	33.3	28.4
2018/01/18 18:27:50	77.0	31.7	31.7	47.7	47.7	61.0	61.0	63.7	63.7	59.5	58.3	61.0	57.6	62.2	61.1	57.7	61.5	61.8	65.4	70.4	68.1	67.5	65.2	63.1	64.9	66.2	61.5	59.2	51.8	46.7	41.2	38.2	33.5
