DataTime                     	dB(A)	16	20	25	31.5	40	50	63	80	100	125	160	200	250	315	400	500	630	800	1000	1250	1600	2000	2500	3150	4000	5000	6300	8000	10000	12500	16000	20000
2018/01/18 16:48:35	48.4	25.6	25.6	40.9	40.9	52.1	52.1	56.7	56.7	53.0	46.4	49.1	41.9	42.5	41.7	39.8	41.3	39.6	39.0	40.5	37.8	36.9	34.2	29.6	26.4	24.8	23.6	21.8	20.4	20.6	21.3	22.0	20.9
2018/01/18 16:48:36	55.4	33.1	33.1	51.0	51.0	60.0	60.0	64.7	64.7	64.9	61.5	60.5	55.6	57.0	51.6	41.2	44.1	41.7	40.4	41.3	40.7	38.2	34.1	32.0	28.2	27.6	26.5	23.8	21.0	20.6	21.1	21.9	20.9
2018/01/18 16:48:37	52.9	30.4	30.4	45.5	45.5	56.3	56.3	58.7	58.7	57.1	56.6	56.1	51.8	52.3	47.2	43.6	42.3	43.2	42.0	43.3	41.9	40.2	37.2	35.2	32.9	31.4	29.3	25.0	21.8	21.1	21.1	22.1	20.8
2018/01/18 16:48:38	55.7	33.1	33.1	49.9	49.9	60.2	60.2	64.1	64.1	63.4	61.9	60.2	54.4	54.3	47.2	43.8	42.6	47.5	43.1	45.2	44.5	41.4	38.8	36.9	34.3	32.9	30.2	25.6	21.6	20.6	21.1	21.8	20.8
2018/01/18 16:48:39	54.2	33.6	33.6	51.4	51.4	60.3	60.3	61.7	61.7	61.0	59.7	57.8	50.5	49.0	44.6	41.5	42.3	42.9	44.4	45.6	44.3	42.2	39.9	37.3	35.0	33.2	30.7	25.3	21.7	21.6	21.5	22.2	21.3
2018/01/18 16:48:40	54.8	30.4	30.4	46.4	46.4	57.1	57.1	59.2	59.2	54.2	49.7	52.5	40.8	48.1	47.4	44.7	43.8	45.8	46.6	48.6	44.9	43.9	41.2	38.8	36.7	35.6	33.4	27.9	22.9	21.8	21.8	22.4	21.1
2018/01/18 16:48:41	57.5	29.6	29.6	44.5	44.5	55.3	55.3	58.8	58.8	55.5	48.7	51.0	43.8	49.0	48.7	45.7	46.9	48.7	48.2	50.9	47.8	47.9	44.8	43.5	41.2	39.5	38.2	32.2	26.6	23.6	21.9	22.1	20.7
2018/01/18 16:48:42	59.5	34.8	34.8	52.7	52.7	61.9	61.9	62.6	62.6	59.3	55.8	55.4	50.1	53.7	52.0	46.1	46.6	48.2	48.9	52.1	50.7	49.8	47.6	45.8	43.6	43.1	43.5	37.0	31.9	27.1	23.8	24.8	22.8
2018/01/18 16:48:43	62.1	32.3	32.3	52.0	52.0	61.2	61.2	60.7	60.7	59.9	58.9	56.8	49.5	57.4	53.8	49.0	49.5	49.7	51.1	55.2	53.0	52.2	50.6	47.6	47.0	47.5	44.5	40.4	33.6	32.1	26.6	24.7	22.6
2018/01/18 16:48:44	64.5	33.5	33.5	52.9	52.9	62.4	62.4	64.7	64.7	62.6	62.4	63.9	57.0	60.1	56.7	50.8	52.8	52.7	54.3	56.4	53.8	54.0	53.2	51.8	50.2	50.1	49.7	44.9	38.4	35.5	30.0	29.8	27.8
2018/01/18 16:48:45	62.4	30.0	30.0	48.7	48.7	58.9	58.9	61.1	61.1	59.2	55.8	56.4	52.1	57.3	55.0	48.8	50.8	51.9	53.2	55.0	52.4	51.6	50.7	49.1	48.8	47.8	46.8	42.2	35.9	34.2	28.9	27.5	25.5
2018/01/18 16:48:46	60.6	30.2	30.2	46.6	46.6	58.8	58.8	61.8	61.8	57.0	56.1	59.1	54.0	57.4	53.5	47.6	49.4	49.4	51.6	52.0	51.5	50.3	49.1	46.0	44.8	44.4	42.8	38.3	31.9	30.1	24.7	23.9	22.5
2018/01/18 16:48:47	60.3	33.6	33.6	50.6	50.6	61.3	61.3	63.6	63.6	60.3	57.3	56.6	52.0	55.1	53.2	48.8	49.4	50.7	50.2	50.7	51.2	50.2	49.5	46.9	45.1	43.8	41.4	36.3	28.1	25.2	22.5	22.7	21.4
2018/01/18 16:48:48	64.5	30.3	30.3	47.8	47.8	59.4	59.4	61.7	61.7	58.9	55.3	56.1	56.1	56.7	54.3	49.3	53.3	53.1	53.5	55.2	56.0	55.7	54.2	52.6	50.7	49.2	46.3	40.4	33.2	28.1	23.8	23.0	21.7
2018/01/18 16:48:49	70.4	29.2	29.2	43.9	43.9	55.7	55.7	60.0	60.0	56.7	53.1	55.1	57.8	59.6	56.5	53.1	56.7	60.5	60.2	60.1	61.9	61.6	61.1	58.5	56.8	56.0	54.1	48.6	41.5	35.9	30.6	29.8	28.4
2018/01/18 16:48:50	69.1	33.2	33.2	50.0	50.0	60.1	60.1	62.8	62.8	60.1	57.4	60.0	60.6	60.7	56.1	55.9	59.5	59.2	59.1	60.3	61.8	58.3	57.6	57.0	54.4	53.1	51.2	45.8	38.8	31.1	27.4	27.4	25.8
2018/01/18 16:48:51	60.7	31.9	31.9	47.9	47.9	57.3	57.3	58.6	58.6	59.6	57.3	58.5	55.1	54.1	49.7	50.3	48.0	50.4	49.7	52.6	53.3	50.7	49.1	46.9	44.5	42.7	40.3	33.8	26.8	22.6	21.7	22.0	20.9
2018/01/18 16:48:52	58.2	31.1	31.1	49.7	49.7	58.1	58.1	58.2	58.2	58.2	57.1	56.0	51.7	51.5	47.6	47.1	47.0	48.2	47.6	50.4	50.6	48.3	45.6	44.8	41.2	39.4	37.0	31.1	23.9	21.0	21.2	22.1	20.8
2018/01/18 16:48:53	57.3	29.4	29.4	46.0	46.0	54.3	54.3	59.5	59.5	62.5	62.4	58.0	52.2	52.9	48.5	44.3	46.8	48.0	46.2	48.8	47.7	45.7	44.6	43.3	40.1	36.9	33.8	28.1	21.9	20.8	21.4	21.8	21.0
2018/01/18 16:48:54	57.8	29.3	29.3	46.8	46.8	55.0	55.0	56.5	56.5	58.2	56.0	56.6	48.9	50.9	46.8	45.2	48.3	49.1	48.1	51.5	48.5	47.5	44.3	42.4	39.9	37.4	35.0	29.3	22.4	20.7	21.3	21.8	20.9
2018/01/18 16:48:55	61.5	30.7	30.7	49.3	49.3	59.1	59.1	61.4	61.4	60.4	58.0	59.4	52.4	53.2	47.4	49.3	47.0	49.8	49.6	52.2	50.5	50.3	48.1	50.2	51.3	49.9	48.9	45.4	36.8	28.5	25.6	25.7	23.9
2018/01/18 16:48:56	61.9	31.8	31.8	48.0	48.0	57.6	57.6	61.6	61.6	61.8	59.5	60.0	53.4	51.5	50.4	51.9	51.6	52.5	52.4	55.2	53.0	52.0	48.6	46.1	45.9	44.5	42.0	37.5	30.3	24.1	22.0	22.2	21.0
2018/01/18 16:48:57	65.1	26.8	26.8	42.3	42.3	50.9	50.9	56.7	56.7	55.8	50.5	56.0	49.3	53.1	53.4	51.8	52.7	55.2	55.4	58.6	56.3	56.2	53.0	50.2	50.1	49.3	47.3	43.6	36.9	29.6	26.5	24.2	22.1
2018/01/18 16:48:58	70.9	29.6	29.6	43.3	43.3	55.1	55.1	63.2	63.2	61.1	53.2	59.4	53.3	57.5	59.4	56.3	57.3	60.2	63.6	64.2	61.8	61.5	59.0	56.3	55.4	54.7	53.5	49.3	43.3	37.4	34.0	32.1	30.0
2018/01/18 16:48:59	68.3	27.5	27.5	44.4	44.4	55.7	55.7	63.7	63.7	61.1	51.2	58.7	48.8	54.4	58.0	56.5	56.1	56.0	59.6	60.7	61.0	59.6	56.8	53.9	51.6	50.4	49.7	45.7	39.1	32.7	27.3	26.0	24.5
2018/01/18 16:49:00	65.2	28.1	28.1	47.9	47.9	56.0	56.0	57.6	57.6	56.3	51.9	55.4	50.0	54.7	54.4	51.6	54.2	54.5	56.1	59.1	57.0	56.2	52.3	49.5	49.1	48.0	46.7	41.9	34.9	27.7	24.1	22.9	21.7
2018/01/18 16:49:01	68.3	35.3	35.3	54.0	54.0	63.5	63.5	67.3	67.3	66.2	63.8	62.5	55.9	57.7	60.1	54.0	56.0	57.5	59.7	62.3	59.4	58.6	54.8	52.3	51.7	51.9	50.2	46.7	39.4	31.7	26.9	24.7	23.9
2018/01/18 16:49:02	70.7	39.0	39.0	57.8	57.8	66.5	66.5	68.7	68.7	68.0	65.6	64.3	59.2	62.2	59.7	57.3	59.8	60.3	62.8	63.7	61.7	61.5	58.3	55.3	53.9	54.7	52.2	49.0	41.8	34.9	28.9	26.7	25.8
2018/01/18 16:49:03	75.2	33.8	33.8	51.3	51.3	61.1	61.1	61.0	61.0	61.1	61.7	61.8	56.1	64.8	62.1	61.2	70.6	62.9	62.6	64.4	62.8	63.5	64.1	62.9	63.2	65.4	62.1	59.1	53.0	47.7	42.1	41.5	40.2
2018/01/18 16:49:04	73.2	38.6	38.6	53.4	53.4	66.2	66.2	66.3	66.3	62.1	63.3	58.9	55.2	64.8	63.5	60.7	69.2	62.5	62.0	64.5	63.4	62.8	61.6	59.0	58.6	59.3	56.5	53.5	46.3	40.7	35.2	33.1	30.9
2018/01/18 16:49:05	69.0	33.1	33.1	47.5	47.5	59.5	59.5	59.3	59.3	58.5	60.1	56.9	53.5	64.2	58.6	56.5	66.0	58.0	56.8	59.2	59.8	58.7	56.2	54.0	53.5	55.1	52.0	48.6	41.3	35.3	30.5	27.2	24.3
2018/01/18 16:49:06	61.9	24.0	24.0	39.0	39.0	49.1	49.1	52.6	52.6	52.2	50.3	52.1	49.7	53.3	51.0	50.0	52.8	51.3	51.5	54.5	53.9	53.1	49.0	48.4	45.8	45.5	42.6	38.5	31.2	26.5	22.9	22.5	21.3
2018/01/18 16:49:07	59.6	26.2	26.2	40.2	40.2	51.1	51.1	53.1	53.1	51.3	46.1	48.3	47.4	50.4	50.6	48.9	51.0	48.8	50.3	53.2	51.9	49.4	46.1	45.2	42.0	42.0	38.4	34.0	25.9	21.6	21.0	21.7	20.6
2018/01/18 16:49:08	57.4	24.4	24.4	41.3	41.3	51.4	51.4	53.2	53.2	49.3	44.2	50.6	47.0	50.3	47.9	47.0	48.6	46.3	48.0	51.6	49.2	46.7	44.1	41.8	39.0	38.2	34.8	29.8	23.1	20.9	20.9	21.9	20.9
2018/01/18 16:49:09	57.8	25.6	25.6	42.5	42.5	51.8	51.8	52.8	52.8	50.5	47.5	49.7	47.8	50.3	49.5	47.4	51.0	49.0	50.1	50.8	48.1	47.3	44.1	41.5	39.2	38.5	35.0	30.1	22.8	20.8	21.1	22.0	20.6
2018/01/18 16:49:10	58.8	25.1	25.1	42.3	42.3	51.7	51.7	52.8	52.8	50.4	45.9	51.9	48.4	52.0	49.9	50.2	52.2	50.0	51.1	51.6	48.2	48.4	45.0	43.2	41.3	41.4	37.4	33.1	25.5	22.3	21.5	22.0	21.2
2018/01/18 16:49:11	61.8	31.1	31.1	49.3	49.3	58.8	58.8	57.4	57.4	54.6	50.9	52.4	48.3	52.3	50.7	53.8	57.4	54.3	53.4	52.2	51.5	51.0	48.3	46.1	45.6	44.4	40.5	36.8	28.7	23.8	21.5	21.8	20.6
2018/01/18 16:49:12	63.9	33.0	33.0	50.5	50.5	60.9	60.9	60.2	60.2	54.9	51.3	54.8	49.0	55.0	52.1	52.9	57.3	55.1	56.8	55.4	53.4	54.1	51.8	48.9	48.3	48.2	44.7	40.9	32.7	27.8	23.7	22.6	21.0
2018/01/18 16:49:13	68.1	40.9	40.9	57.9	57.9	68.8	68.8	67.3	67.3	56.9	53.3	57.7	53.9	60.0	57.0	53.1	58.1	58.0	62.3	59.8	57.0	59.1	56.2	52.5	52.1	51.7	49.5	45.7	39.5	33.6	28.1	25.5	22.5
2018/01/18 16:49:14	69.4	43.2	43.2	61.0	61.0	71.0	71.0	68.6	68.6	56.8	55.5	55.6	51.6	58.5	56.9	59.2	60.3	59.0	62.3	61.8	60.5	59.3	57.7	55.4	53.8	52.9	50.0	45.6	39.6	32.6	27.4	25.7	23.6
2018/01/18 16:49:15	67.3	30.1	30.1	49.4	49.4	59.2	59.2	57.8	57.8	54.3	53.7	55.2	51.8	61.9	53.9	57.2	60.9	53.3	57.7	59.6	60.0	57.2	54.8	53.3	51.4	49.7	47.2	43.0	36.0	29.5	24.6	23.1	21.4
2018/01/18 16:49:16	69.8	28.5	28.5	47.6	47.6	57.6	57.6	58.2	58.2	56.7	56.0	56.1	52.9	59.7	55.1	61.3	64.1	56.9	61.9	61.1	62.6	59.2	56.5	55.1	52.6	52.0	50.3	45.3	38.7	33.5	27.4	25.3	23.2
2018/01/18 16:49:17	62.9	24.6	24.6	46.0	46.0	53.5	53.5	55.4	55.4	55.8	50.6	52.4	50.3	52.9	48.8	52.0	54.3	50.0	52.2	56.1	56.5	53.7	49.5	47.5	46.4	44.1	42.0	36.9	30.7	25.7	22.4	22.0	21.0
2018/01/18 16:49:18	59.4	26.7	26.7	45.0	45.0	53.2	53.2	54.5	54.5	54.0	49.7	49.8	47.1	50.7	48.8	48.3	49.0	48.3	50.2	52.9	52.5	50.1	45.7	43.2	41.6	39.9	37.7	32.2	25.7	22.7	21.9	22.6	21.8
2018/01/18 16:49:19	58.8	25.4	25.4	46.1	46.1	53.1	53.1	53.9	53.9	52.6	49.5	52.1	48.1	49.8	50.1	49.4	49.9	50.4	49.6	50.8	49.4	49.2	46.1	44.5	43.6	42.5	40.3	35.7	27.5	24.7	22.8	23.7	23.8
2018/01/18 16:49:20	59.9	27.3	27.3	46.9	46.9	52.5	52.5	53.0	53.0	53.6	50.5	52.1	48.6	49.8	50.5	49.9	51.3	51.8	52.0	51.2	50.7	49.7	48.3	44.5	44.8	43.1	41.2	36.3	29.5	26.4	23.3	25.0	23.4
2018/01/18 16:49:21	62.5	25.3	25.3	48.1	48.1	53.7	53.7	51.2	51.2	52.9	51.1	52.1	50.4	52.9	54.0	51.8	55.1	54.1	53.1	52.8	52.7	53.3	51.4	47.7	48.0	47.5	45.8	41.0	34.3	31.6	26.5	27.4	25.9
2018/01/18 16:49:22	66.5	25.9	25.9	49.5	49.5	56.0	56.0	56.2	56.2	57.1	54.7	56.4	53.1	54.7	59.4	54.7	57.7	57.0	56.9	56.3	56.3	57.8	55.8	53.3	52.6	52.3	50.8	46.2	40.9	38.5	31.6	29.6	27.5
2018/01/18 16:49:23	69.6	30.8	30.8	57.6	57.6	64.1	64.1	59.5	59.5	59.3	56.2	59.0	57.8	58.7	59.3	57.4	58.6	59.4	59.2	61.1	59.9	61.1	59.2	55.8	56.0	55.6	54.9	48.8	43.0	39.7	33.1	31.2	28.5
2018/01/18 16:49:24	70.0	32.2	32.2	53.2	53.2	58.2	58.2	56.4	56.4	57.4	57.4	59.2	58.0	62.4	56.9	57.2	60.1	60.1	57.6	60.9	59.6	58.9	57.0	57.6	59.4	58.7	58.7	52.6	44.6	38.2	33.5	31.8	31.4
2018/01/18 16:49:25	70.9	34.7	34.7	53.4	53.4	58.7	58.7	59.9	59.9	60.4	60.4	66.5	61.8	61.6	58.3	60.9	60.5	62.6	60.3	63.1	59.9	59.8	56.7	58.1	59.3	57.5	58.0	52.2	45.3	39.2	33.8	31.7	31.4
2018/01/18 16:49:26	69.4	31.6	31.6	51.1	51.1	59.3	59.3	62.1	62.1	61.9	61.6	66.3	61.7	59.9	58.3	58.0	58.5	59.8	60.7	61.7	60.4	59.2	57.0	55.4	55.3	53.7	53.3	47.6	40.2	33.8	28.8	27.6	26.3
2018/01/18 16:49:27	66.6	37.2	37.2	50.6	50.6	58.9	58.9	67.6	67.6	66.8	64.3	62.6	58.2	59.8	57.9	57.7	57.0	57.0	57.7	58.1	56.1	54.5	54.6	52.4	53.5	52.8	51.6	45.7	38.2	32.7	28.9	27.9	26.9
2018/01/18 16:49:28	63.9	34.0	34.0	49.1	49.1	55.0	55.0	63.9	63.9	63.7	62.0	62.7	55.5	56.7	55.8	54.5	53.9	54.9	55.5	56.1	53.3	52.3	51.3	48.4	49.1	48.4	46.3	40.1	32.6	27.5	24.0	23.5	22.0
2018/01/18 16:49:29	61.2	27.8	27.8	45.4	45.4	54.3	54.3	59.1	59.1	60.0	57.3	59.4	54.0	56.3	53.4	52.2	50.8	52.1	51.6	52.9	52.0	50.5	48.8	46.1	45.7	44.5	41.8	36.8	28.6	23.9	21.8	22.3	20.9
2018/01/18 16:49:30	61.9	31.6	31.6	48.9	48.9	58.3	58.3	59.8	59.8	55.9	54.0	57.6	52.2	56.5	53.0	51.9	51.0	51.8	51.9	53.9	54.0	51.9	49.5	47.8	47.2	44.7	42.4	38.0	31.1	24.3	22.6	22.2	20.8
2018/01/18 16:49:31	65.9	31.2	31.2	46.8	46.8	57.1	57.1	59.1	59.1	56.8	54.4	60.5	50.5	60.4	57.5	55.5	54.4	54.8	55.7	57.1	57.4	56.6	55.5	52.2	50.8	50.1	47.9	44.5	38.5	31.1	28.4	25.6	23.4
2018/01/18 16:49:32	71.2	39.1	39.1	56.1	56.1	66.1	66.1	65.9	65.9	63.6	61.0	64.9	55.9	62.6	60.8	59.4	60.8	60.6	60.8	62.2	63.4	61.6	60.8	57.6	56.5	55.2	53.6	50.5	45.4	38.9	36.3	33.6	32.1
2018/01/18 16:49:33	67.4	39.2	39.2	55.4	55.4	66.0	66.0	64.7	64.7	59.2	58.7	65.4	55.7	60.8	54.9	57.9	56.5	54.6	54.4	57.6	59.4	57.4	56.1	54.3	54.9	54.4	52.6	49.1	41.8	34.8	30.6	28.2	25.1
2018/01/18 16:49:34	68.4	40.9	40.9	55.0	55.0	67.7	67.7	68.1	68.1	60.7	59.4	62.4	56.6	60.0	58.7	55.9	55.9	56.8	55.8	58.4	56.9	56.1	56.9	57.5	57.9	58.0	57.1	52.7	45.0	37.3	35.4	33.1	30.8
2018/01/18 16:49:35	66.4	34.4	34.4	47.5	47.5	62.2	62.2	63.6	63.6	56.0	60.1	59.0	51.2	56.7	58.1	54.4	54.4	56.9	54.9	56.1	56.2	55.0	55.0	55.1	55.4	55.1	52.8	48.3	41.8	35.0	31.2	29.1	26.8
2018/01/18 16:49:36	60.9	30.3	30.3	44.6	44.6	55.1	55.1	60.8	60.8	58.7	57.0	58.7	51.8	55.2	53.2	53.7	51.4	51.4	50.9	52.2	51.1	50.2	47.3	46.8	46.1	47.0	45.6	41.6	30.7	25.3	24.7	23.3	21.5
2018/01/18 16:49:37	59.3	26.7	26.7	41.8	41.8	54.1	54.1	58.3	58.3	53.3	55.7	61.4	51.3	58.8	50.9	50.4	48.7	52.5	50.8	50.0	48.5	47.6	44.0	42.3	41.6	41.6	40.5	37.1	27.3	22.3	21.7	21.9	20.6
2018/01/18 16:49:38	57.5	25.9	25.9	42.5	42.5	52.4	52.4	54.9	54.9	51.4	55.0	60.9	52.1	56.2	46.2	46.5	48.7	49.7	50.2	49.5	46.7	44.3	41.4	39.8	39.3	36.8	36.1	31.0	23.9	21.5	21.1	21.8	20.9
2018/01/18 16:49:39	57.4	27.0	27.0	41.5	41.5	54.2	54.2	56.8	56.8	51.3	52.3	57.6	51.2	54.3	47.1	45.1	47.1	49.8	49.8	50.9	47.8	45.6	41.1	38.8	39.7	36.0	33.7	28.5	23.0	21.9	22.0	22.0	21.1
2018/01/18 16:49:40	58.0	26.2	26.2	41.8	41.8	54.0	54.0	57.1	57.1	53.1	52.7	55.4	50.7	54.9	49.4	45.8	48.3	50.5	50.1	51.0	49.0	47.1	42.2	40.6	39.4	38.4	35.9	29.7	22.4	21.5	21.2	21.9	20.9
2018/01/18 16:49:41	60.5	27.1	27.1	44.4	44.4	56.5	56.5	60.0	60.0	55.3	52.4	55.6	49.6	53.4	51.1	46.0	48.0	52.8	54.6	54.9	50.7	47.5	44.2	43.0	41.6	41.6	40.2	33.6	24.1	21.5	21.1	22.3	20.8
2018/01/18 16:49:42	62.2	29.7	29.7	46.8	46.8	59.3	59.3	61.2	61.2	54.1	53.2	55.5	47.8	55.0	53.4	46.9	51.0	52.6	54.6	56.7	52.9	50.9	47.0	46.1	44.7	45.5	44.7	38.7	29.3	24.3	22.7	22.4	20.8
2018/01/18 16:49:43	67.8	33.4	33.4	52.8	52.8	63.2	63.2	63.1	63.1	56.3	56.8	57.9	52.9	59.5	58.3	51.6	57.8	58.3	60.3	62.4	59.0	55.3	53.0	51.3	50.6	52.3	51.6	46.0	36.8	30.4	26.0	25.1	23.0
2018/01/18 16:49:44	67.8	28.9	28.9	50.7	50.7	60.1	60.1	59.7	59.7	56.1	54.8	56.5	53.8	61.3	58.5	59.3	61.9	57.8	58.9	59.9	58.3	56.5	53.6	52.4	51.5	53.3	53.0	48.3	39.1	31.9	27.5	26.5	24.3
2018/01/18 16:49:45	63.7	29.9	29.9	49.1	49.1	58.8	58.8	60.0	60.0	55.5	53.3	53.7	50.9	58.9	52.9	51.9	57.4	52.9	55.3	57.5	54.1	52.8	48.7	46.8	46.4	46.6	45.6	39.4	30.4	25.0	22.2	22.7	21.4
2018/01/18 16:49:46	62.5	27.7	27.7	48.2	48.2	58.4	58.4	59.9	59.9	53.4	49.8	55.5	51.3	54.9	58.0	53.2	52.8	50.3	53.2	55.2	52.8	50.1	48.6	50.2	49.2	47.8	46.1	40.0	32.1	24.2	22.3	22.2	21.3
2018/01/18 16:49:47	60.2	32.2	32.2	51.8	51.8	62.4	62.4	65.4	65.4	63.2	62.2	61.6	56.4	58.3	54.3	48.5	50.5	47.8	51.0	52.5	51.3	48.0	44.5	42.5	40.8	38.6	38.0	30.1	23.7	22.0	21.3	22.2	20.9
2018/01/18 16:49:48	58.2	29.3	29.3	49.5	49.5	61.4	61.4	63.9	63.9	60.6	56.6	56.2	50.0	51.3	46.6	45.0	49.1	46.4	48.8	51.6	49.5	47.8	45.2	43.3	42.1	39.4	35.7	27.9	21.7	20.3	21.1	21.8	20.8
2018/01/18 16:49:49	60.0	28.5	28.5	43.7	43.7	57.5	57.5	60.5	60.5	55.8	53.8	51.8	45.3	50.3	47.4	47.7	48.8	51.0	51.2	52.2	51.8	49.1	48.0	47.8	46.4	43.3	39.5	31.8	24.4	21.4	21.2	22.0	20.9
2018/01/18 16:49:50	62.0	28.3	28.3	44.2	44.2	56.7	56.7	59.0	59.0	58.1	58.8	54.4	47.3	51.7	48.5	48.0	50.3	52.1	50.3	51.8	52.3	52.1	52.0	50.9	51.1	49.3	45.3	37.5	29.7	23.6	22.0	22.3	21.1
2018/01/18 16:49:51	68.7	35.6	35.6	50.7	50.7	61.2	61.2	64.4	64.4	65.5	65.5	59.4	53.2	57.4	55.8	55.6	55.9	55.3	56.3	58.6	59.7	58.4	58.7	58.1	57.4	56.7	54.3	47.0	39.1	33.9	31.0	26.7	25.7
2018/01/18 16:49:52	67.3	35.9	35.9	54.1	54.1	64.6	64.6	63.5	63.5	61.3	61.1	57.1	50.5	54.6	53.7	53.8	57.2	54.3	56.0	57.7	58.8	57.5	57.2	57.2	54.9	53.2	49.8	44.5	38.4	32.2	27.3	26.0	26.1
2018/01/18 16:49:53	64.8	29.7	29.7	49.3	49.3	58.9	58.9	59.7	59.7	56.5	53.7	54.5	48.3	52.6	51.4	52.0	55.6	52.4	54.1	56.9	55.6	56.4	54.5	52.8	51.3	48.9	45.7	39.5	31.8	25.9	22.5	22.6	21.4
2018/01/18 16:49:54	68.2	29.0	29.0	46.3	46.3	55.6	55.6	57.9	57.9	55.5	52.5	54.6	48.7	55.9	54.3	55.1	57.9	55.4	57.2	59.6	60.7	59.8	57.7	55.4	53.5	53.0	50.9	45.6	37.3	30.6	25.7	24.8	23.8
2018/01/18 16:49:55	68.5	27.3	27.3	44.3	44.3	54.4	54.4	59.2	59.2	56.4	51.4	56.6	49.8	59.3	56.9	59.7	61.1	56.7	59.1	60.6	59.6	59.2	55.7	54.7	53.5	52.9	52.0	46.4	39.1	32.6	28.7	27.0	25.6
2018/01/18 16:49:56	63.4	31.3	31.3	49.5	49.5	59.0	59.0	60.2	60.2	57.6	55.5	58.0	50.4	57.2	53.0	53.2	55.6	52.2	53.9	55.3	54.4	53.3	50.9	49.6	49.2	48.6	46.1	40.5	32.8	27.1	24.0	23.3	21.7
2018/01/18 16:49:57	60.9	32.2	32.2	49.6	49.6	61.6	61.6	65.8	65.8	64.2	59.0	61.8	54.7	57.3	52.1	50.9	51.0	49.5	50.9	53.0	51.4	50.8	47.0	46.3	44.8	43.6	40.3	34.2	26.6	22.3	30.7	21.8	20.6
2018/01/18 16:49:58	59.8	36.8	36.8	55.4	55.4	64.8	64.8	66.6	66.6	66.9	66.0	62.6	55.4	55.6	50.5	48.0	47.5	46.5	48.5	49.7	49.5	49.3	46.4	44.8	42.4	41.8	38.4	31.8	23.9	20.7	22.9	22.0	20.6
2018/01/18 16:49:59	60.5	37.8	37.8	55.0	55.0	65.3	65.3	66.4	66.4	64.8	65.3	65.4	59.6	59.8	55.1	49.6	50.1	46.7	48.1	49.6	48.5	48.3	45.8	43.6	42.8	41.3	37.9	30.4	23.3	20.6	21.2	21.5	20.7
2018/01/18 16:50:00	63.3	33.5	33.5	53.4	53.4	64.3	64.3	66.2	66.2	65.2	66.4	69.7	64.6	65.4	58.8	53.5	50.8	48.8	49.0	49.3	49.8	49.2	45.5	44.0	43.7	43.3	40.2	34.3	25.4	21.9	21.5	22.0	21.1
2018/01/18 16:50:01	62.7	34.3	34.3	52.6	52.6	63.1	63.1	65.6	65.6	63.4	60.5	59.9	54.2	55.0	50.7	49.5	50.6	50.5	52.6	53.7	54.0	53.6	50.4	49.8	49.3	48.8	46.5	40.9	33.1	25.9	23.7	22.9	21.7
2018/01/18 16:50:02	67.6	33.8	33.8	50.6	50.6	63.8	63.8	68.2	68.2	66.4	65.1	66.2	57.2	62.6	59.9	53.6	56.6	55.7	56.7	58.8	57.6	56.6	55.5	55.0	55.4	54.9	53.1	47.6	39.1	32.2	28.9	27.5	26.4
2018/01/18 16:50:03	65.5	31.8	31.8	46.9	46.9	58.3	58.3	63.6	63.6	60.5	55.2	59.8	51.7	58.6	53.6	52.3	56.6	55.8	55.5	55.8	56.1	54.4	52.9	53.8	53.5	52.7	51.0	46.0	38.3	32.1	29.0	26.7	24.4
2018/01/18 16:50:04	60.8	29.6	29.6	45.0	45.0	57.2	57.2	58.5	58.5	53.1	51.2	52.0	48.5	52.5	50.2	49.5	52.5	50.8	50.5	53.5	52.3	50.0	48.3	47.1	46.7	45.3	42.7	36.8	27.6	23.6	22.3	22.4	21.0
2018/01/18 16:50:05	57.9	28.7	28.7	43.6	43.6	55.1	55.1	56.2	56.2	54.6	54.6	49.5	44.1	49.9	46.3	44.5	50.9	48.9	49.4	48.6	49.8	48.2	45.1	43.1	43.0	41.6	38.4	32.1	23.7	21.4	21.3	22.1	20.9
2018/01/18 16:50:06	60.0	35.2	35.2	52.1	52.1	62.8	62.8	66.4	66.4	66.1	65.0	65.4	61.0	60.4	54.3	49.4	49.5	47.5	46.9	47.5	47.8	46.1	43.1	40.5	39.6	38.6	35.2	29.2	22.0	20.5	21.0	21.7	20.5
2018/01/18 16:50:07	58.0	31.0	31.0	50.1	50.1	60.1	60.1	65.3	65.3	64.9	60.3	63.5	56.8	58.2	51.0	47.1	46.5	44.2	45.3	46.2	46.4	46.2	43.1	39.1	38.7	37.7	34.7	29.0	22.6	20.2	20.9	21.8	20.8
2018/01/18 16:50:08	55.2	31.4	31.4	47.8	47.8	59.6	59.6	63.5	63.5	61.7	60.6	59.2	52.8	52.1	47.0	44.8	43.7	43.3	44.0	45.8	44.0	43.7	39.9	37.2	36.7	36.2	35.2	29.6	22.5	20.2	20.8	21.8	20.7
2018/01/18 16:50:09	55.7	34.1	34.1	50.3	50.3	59.0	59.0	62.0	62.0	61.8	61.1	61.1	55.9	56.1	48.5	43.9	42.8	43.8	43.1	44.7	43.0	42.7	39.1	35.9	35.1	35.1	34.6	28.4	21.5	20.0	20.7	21.7	20.6
2018/01/18 16:50:10	65.5	40.7	40.7	56.5	56.5	67.8	67.8	71.9	71.9	71.1	70.0	69.4	66.8	67.5	63.6	62.5	56.5	51.1	45.7	45.2	43.3	43.0	38.6	35.7	34.8	35.4	32.9	26.7	21.1	20.5	21.1	21.9	20.8
2018/01/18 16:50:11	52.9	34.5	34.5	50.3	50.3	58.0	58.0	59.4	59.4	52.9	57.8	56.0	45.9	48.6	43.9	42.0	43.2	42.4	43.3	43.8	42.8	42.2	38.9	36.5	36.1	35.8	33.1	26.3	20.8	20.2	21.0	21.7	20.8
2018/01/18 16:50:12	51.3	31.9	31.9	45.2	45.2	55.3	55.3	57.1	57.1	51.4	47.7	47.7	43.0	46.6	43.5	42.7	42.2	42.5	42.2	42.3	41.6	40.0	37.7	36.8	36.8	35.8	34.1	27.2	20.7	20.0	20.8	21.8	20.8
2018/01/18 16:50:13	52.6	29.4	29.4	44.6	44.6	55.9	55.9	58.5	58.5	56.4	56.8	54.2	47.0	48.4	43.4	43.0	43.6	43.3	41.9	43.4	41.8	41.0	38.1	37.4	36.8	36.9	34.6	28.0	21.5	20.3	21.0	21.8	20.7
2018/01/18 16:50:14	52.5	25.6	25.6	40.5	40.5	52.3	52.3	54.4	54.4	48.6	46.6	46.9	42.1	47.4	42.4	42.4	42.6	42.1	43.5	44.5	43.4	43.6	39.7	37.5	36.9	36.4	34.3	27.7	21.3	20.2	20.7	21.7	20.6
2018/01/18 16:50:15	53.8	25.9	25.9	41.2	41.2	52.2	52.2	53.9	53.9	48.8	46.9	47.1	45.1	48.3	41.6	43.1	43.5	44.5	45.1	45.9	45.2	44.0	40.9	39.6	38.7	37.9	34.8	27.9	21.6	20.6	21.1	21.9	21.0
2018/01/18 16:50:16	55.9	26.1	26.1	39.3	39.3	51.5	51.5	53.2	53.2	48.3	51.6	51.3	46.3	48.8	45.1	43.6	45.4	45.4	46.8	47.7	47.8	46.7	43.2	41.2	41.2	39.2	37.3	30.4	22.6	20.6	20.7	21.7	20.6
2018/01/18 16:50:17	59.4	26.9	26.9	44.7	44.7	53.7	53.7	55.7	55.7	54.7	53.9	53.3	46.1	50.0	46.6	45.9	47.1	47.8	49.7	52.1	50.9	50.9	46.9	44.8	45.2	43.5	43.0	36.4	27.8	22.4	21.1	22.0	20.8
2018/01/18 16:50:18	62.2	24.9	24.9	41.7	41.7	53.8	53.8	56.0	56.0	51.8	54.4	53.7	49.6	52.6	49.5	47.6	51.8	50.7	52.8	54.8	53.0	53.0	50.6	49.0	49.2	47.2	47.0	41.2	32.7	27.2	22.7	22.4	20.9
2018/01/18 16:50:19	68.0	27.1	27.1	44.6	44.6	58.1	58.1	59.9	59.9	56.2	61.4	60.0	52.6	58.3	54.6	55.3	56.3	55.1	57.7	60.5	58.0	57.7	55.9	55.6	56.9	54.4	54.6	50.0	41.6	36.4	31.1	28.3	24.9
2018/01/18 16:50:20	67.1	30.2	30.2	47.3	47.3	59.3	59.3	59.2	59.2	58.0	60.0	57.2	53.2	55.5	51.9	56.2	58.4	55.3	58.3	58.6	57.2	55.7	55.3	54.9	54.0	53.4	53.9	48.3	43.4	41.7	50.5	28.6	25.8
2018/01/18 16:50:21	61.8	31.8	31.8	47.4	47.4	58.1	58.1	58.0	58.0	58.1	57.1	57.3	53.9	54.2	49.1	52.3	52.0	49.9	51.9	53.5	52.0	50.9	50.3	49.3	48.7	48.7	46.7	41.5	34.7	35.3	24.9	23.0	21.8
2018/01/18 16:50:22	60.4	27.0	27.0	44.0	44.0	53.0	53.0	56.6	56.6	58.9	55.6	57.7	53.8	51.8	49.4	53.2	51.9	49.9	50.1	52.0	50.0	48.7	47.3	46.9	47.9	47.2	44.7	39.3	30.8	33.4	22.2	22.2	20.9
2018/01/18 16:50:23	62.6	29.9	29.9	47.9	47.9	54.6	54.6	55.9	55.9	57.5	55.8	59.9	55.3	55.3	52.9	53.3	56.7	50.8	49.6	52.2	50.9	51.0	49.5	50.7	51.4	51.2	49.3	43.8	34.7	29.3	24.2	23.1	21.4
2018/01/18 16:50:24	67.6	30.8	30.8	50.3	50.3	56.2	56.2	64.0	64.0	65.4	59.2	64.2	60.6	60.2	57.2	57.2	60.1	54.3	55.0	55.6	55.8	56.1	55.0	56.2	57.3	56.6	55.4	50.3	42.0	35.9	32.7	29.5	26.6
2018/01/18 16:50:25	71.7	38.8	38.8	56.6	56.6	60.6	60.6	64.8	64.8	65.0	60.3	64.7	60.2	63.7	58.1	58.2	61.3	58.7	57.8	60.0	60.8	61.2	60.6	61.2	61.4	61.1	59.4	54.6	45.9	40.1	38.8	36.5	35.8
2018/01/18 16:50:26	63.0	29.2	29.2	46.5	46.5	52.5	52.5	56.5	56.5	55.6	50.5	56.4	52.4	55.1	53.1	51.3	53.6	52.0	51.6	54.5	54.0	53.1	49.7	51.6	50.2	49.9	47.6	42.1	34.9	27.1	25.9	24.3	22.6
2018/01/18 16:50:27	61.6	32.1	32.1	48.9	48.9	56.1	56.1	57.6	57.6	57.4	56.4	57.4	51.5	51.6	51.1	47.6	50.6	49.7	50.7	53.6	53.5	52.7	48.3	49.6	48.2	47.2	44.4	38.2	30.4	24.5	23.1	22.5	21.0
2018/01/18 16:50:28	59.1	29.3	29.3	46.1	46.1	52.6	52.6	53.5	53.5	53.1	51.8	52.3	47.3	49.1	48.8	45.8	48.8	48.0	48.2	50.7	50.5	50.1	47.2	47.3	44.9	44.2	42.5	36.0	26.9	22.9	21.9	22.6	21.2
2018/01/18 16:50:29	57.4	30.2	30.2	46.1	46.1	54.6	54.6	56.0	56.0	54.8	52.9	51.8	46.0	49.6	47.2	43.7	45.5	46.6	47.5	49.7	50.1	48.0	44.8	43.0	41.2	41.6	39.1	32.2	23.2	21.0	21.2	22.1	20.7
2018/01/18 16:50:30	56.3	27.7	27.7	41.3	41.3	49.5	49.5	52.1	52.1	51.4	47.4	48.9	44.1	48.1	46.9	44.5	48.0	47.1	46.5	48.1	48.2	46.1	43.3	42.1	41.2	41.3	39.7	33.0	25.0	21.8	21.3	22.1	20.8
2018/01/18 16:50:31	55.7	25.5	25.5	40.3	40.3	48.9	48.9	51.5	51.5	50.3	48.4	48.3	44.6	49.2	46.4	44.6	47.8	45.4	46.9	47.7	47.0	45.3	41.9	41.6	40.8	40.8	38.8	31.8	22.7	20.9	21.3	21.8	20.9
2018/01/18 16:50:32	55.9	26.7	26.7	43.3	43.3	50.7	50.7	51.5	51.5	51.3	47.7	47.6	44.6	49.0	47.0	45.4	47.7	45.9	47.0	48.4	46.6	44.6	42.5	40.8	40.9	41.6	40.8	34.5	24.9	21.6	21.4	22.1	20.9
2018/01/18 16:50:33	55.9	25.1	25.1	43.2	43.2	52.2	52.2	52.9	52.9	49.8	46.1	47.8	44.2	49.4	47.8	47.4	48.2	46.5	46.8	48.9	45.7	44.6	42.6	41.0	40.7	40.9	39.2	32.6	23.3	21.1	20.9	21.8	20.8
2018/01/18 16:50:34	58.0	24.8	24.8	38.9	38.9	51.4	51.4	54.2	54.2	50.6	47.2	49.0	45.8	51.1	48.6	46.9	49.9	48.7	49.7	51.4	48.6	46.6	44.4	43.1	41.9	42.2	39.9	33.7	25.1	21.9	20.9	21.7	20.7
2018/01/18 16:50:35	59.9	27.1	27.1	45.3	45.3	52.8	52.8	56.3	56.3	54.3	50.1	50.9	48.2	49.5	48.7	49.4	50.8	51.6	52.2	53.5	49.9	48.8	46.4	44.7	43.9	44.0	42.2	36.4	27.2	23.7	21.7	22.2	20.9
2018/01/18 16:50:36	61.6	31.1	31.1	45.0	45.0	56.6	56.6	58.4	58.4	53.0	51.6	52.2	50.6	51.5	50.7	52.2	51.6	51.5	54.2	54.8	52.3	50.8	49.2	46.6	46.0	45.8	44.0	39.1	31.6	26.2	22.2	22.8	20.9
2018/01/18 16:50:37	65.0	29.6	29.6	49.2	49.2	58.2	58.2	57.0	57.0	52.1	50.8	56.9	51.8	54.3	54.1	54.3	54.3	55.0	56.5	58.1	55.9	55.3	53.0	50.1	48.7	48.7	47.2	42.8	34.6	30.8	26.5	23.9	20.9
2018/01/18 16:50:38	70.2	29.6	29.6	53.6	53.6	61.4	61.4	58.6	58.6	56.9	56.5	57.9	54.1	59.0	59.6	60.0	59.8	59.4	62.2	63.7	61.0	60.2	58.2	55.7	54.5	53.8	53.5	49.3	41.9	37.1	32.1	30.7	25.8
2018/01/18 16:50:39	71.0	31.6	31.6	56.8	56.8	63.4	63.4	60.8	60.8	55.8	55.2	58.4	53.3	58.8	57.6	62.2	60.8	60.5	61.1	63.0	62.2	62.0	60.1	57.2	55.5	55.8	54.2	50.0	40.8	34.8	29.4	29.3	25.1
2018/01/18 16:50:40	68.8	28.7	28.7	44.4	44.4	52.9	52.9	55.8	55.8	55.6	53.2	53.7	49.6	55.6	57.7	55.3	56.2	55.6	59.0	61.3	58.9	59.2	58.7	56.3	56.3	56.0	53.4	48.7	42.1	36.5	32.7	32.2	31.4
2018/01/18 16:50:41	69.0	29.2	29.2	49.8	49.8	60.1	60.1	64.6	64.6	64.5	60.1	58.2	52.0	59.8	55.0	56.5	56.7	57.0	59.5	61.5	59.6	59.2	58.2	56.5	55.5	55.5	53.0	47.4	40.9	35.4	31.7	32.5	33.2
2018/01/18 16:50:42	67.5	30.7	30.7	47.0	47.0	55.4	55.4	59.7	59.7	56.5	50.9	52.8	50.0	57.1	54.0	51.1	56.3	55.9	56.6	60.4	59.6	57.7	57.4	54.7	53.7	52.2	49.5	43.5	35.9	29.4	25.0	24.0	22.2
2018/01/18 16:50:43	68.5	31.6	31.6	49.7	49.7	59.0	59.0	62.4	62.4	57.5	53.3	55.3	53.5	56.3	55.1	53.4	58.2	58.8	59.4	61.8	59.6	57.3	57.4	55.8	54.1	53.5	51.8	45.4	38.9	32.2	28.4	27.3	26.0
2018/01/18 16:50:44	62.0	30.4	30.4	45.4	45.4	56.5	56.5	60.5	60.5	57.2	53.5	52.6	49.1	53.6	50.5	47.4	52.0	51.8	52.1	55.4	54.1	51.4	49.8	48.3	47.1	45.7	43.4	36.2	30.6	23.6	21.9	22.3	20.9
2018/01/18 16:50:45	59.3	32.8	32.8	49.8	49.8	57.9	57.9	58.2	58.2	54.1	52.6	51.8	46.8	51.0	46.9	46.2	48.9	48.9	50.3	52.7	51.0	48.7	47.3	45.3	43.5	43.1	42.1	33.8	27.3	22.3	21.1	22.0	20.6
2018/01/18 16:50:46	58.2	28.4	28.4	42.8	42.8	50.1	50.1	52.0	52.0	51.1	48.7	49.7	46.3	52.0	47.6	47.9	52.2	48.9	49.8	50.5	48.6	46.3	46.3	43.1	42.5	42.5	38.7	32.5	25.5	22.3	21.3	22.2	20.9
2018/01/18 16:50:47	57.9	33.3	33.3	46.9	46.9	57.9	57.9	58.5	58.5	54.7	54.0	53.2	49.5	51.4	51.8	46.9	49.2	48.3	48.1	50.2	49.1	47.3	45.4	42.9	41.6	41.3	39.6	32.2	25.2	21.3	21.2	21.9	20.7
2018/01/18 16:50:48	58.2	28.4	28.4	47.0	47.0	55.2	55.2	57.5	57.5	55.9	51.8	50.0	46.1	51.7	52.5	45.6	49.3	47.7	48.5	51.5	48.7	47.6	44.7	44.7	43.2	42.4	40.1	32.8	24.2	21.0	20.9	21.7	20.6
2018/01/18 16:50:49	61.3	32.4	32.4	46.6	46.6	55.0	55.0	57.2	57.2	57.4	56.7	57.2	49.2	52.2	50.0	49.0	49.2	48.0	48.5	50.7	49.5	48.8	48.2	49.1	51.4	51.8	51.2	45.8	38.7	31.9	30.3	29.1	25.7
2018/01/18 16:50:50	60.6	26.7	26.7	43.6	43.6	52.8	52.8	56.0	56.0	53.0	50.0	50.6	47.1	54.0	54.1	49.5	49.6	49.0	50.7	53.0	50.4	49.8	47.8	45.6	47.2	47.0	47.5	45.0	40.0	31.9	26.0	25.2	24.1
2018/01/18 16:50:51	63.8	26.6	26.6	49.9	49.9	57.7	57.7	57.7	57.7	55.8	51.0	53.3	52.0	56.2	57.2	53.0	52.6	52.7	55.3	57.4	53.4	52.3	51.2	49.2	49.5	50.2	48.5	42.8	35.9	29.8	26.8	26.9	26.2
2018/01/18 16:50:52	64.7	28.0	28.0	47.4	47.4	56.4	56.4	61.6	61.6	59.4	51.9	53.1	49.7	57.2	54.4	51.5	54.1	53.3	55.2	56.3	54.4	53.5	52.1	50.4	50.5	52.7	54.8	48.8	41.8	35.7	31.7	28.1	26.6
2018/01/18 16:50:53	62.1	27.1	27.1	42.2	42.2	52.9	52.9	56.4	56.4	53.9	51.0	55.3	51.8	55.6	54.5	50.7	51.4	50.0	52.6	55.1	51.5	50.4	48.5	50.1	48.6	48.2	49.0	46.4	35.2	28.8	25.0	23.8	29.1
2018/01/18 16:50:54	62.8	26.3	26.3	41.3	41.3	52.9	52.9	57.9	57.9	56.5	51.1	54.9	51.2	54.4	52.3	50.2	52.1	49.9	52.1	52.6	50.9	49.8	47.9	47.0	52.8	48.3	56.4	46.6	38.5	34.3	28.9	25.0	23.7
2018/01/18 16:50:55	61.7	26.1	26.1	40.7	40.7	52.4	52.4	56.9	56.9	56.7	51.9	55.6	53.5	55.6	50.9	49.4	53.4	48.4	50.3	51.1	48.6	49.9	50.3	43.4	42.8	54.5	51.2	46.8	41.7	32.2	28.3	26.5	24.5
2018/01/18 16:50:56	61.8	26.2	26.2	42.4	42.4	51.3	51.3	58.3	58.3	60.3	53.5	54.5	51.7	54.2	52.5	51.3	54.6	49.8	50.9	52.2	48.2	46.5	52.0	39.4	40.0	54.6	37.5	50.6	43.1	37.1	30.5	27.0	25.3
2018/01/18 16:50:57	62.0	25.9	25.9	45.6	45.6	54.5	54.5	58.9	58.9	61.6	55.7	53.8	54.8	55.0	53.6	52.1	54.3	48.5	50.2	49.9	48.1	46.2	54.2	40.6	40.5	54.8	37.3	50.6	40.6	38.0	30.0	26.9	25.5
2018/01/18 16:50:58	61.9	27.5	27.5	42.9	42.9	57.2	57.2	64.3	64.3	62.7	54.8	55.6	57.0	56.1	52.9	54.0	58.7	48.3	49.7	51.2	47.2	47.1	52.0	41.3	40.7	52.9	41.0	46.5	41.6	40.5	32.9	29.0	26.4
2018/01/18 16:50:59	62.5	29.5	29.5	44.2	44.2	64.7	64.7	69.5	69.5	63.0	52.9	56.3	51.2	56.2	54.1	57.4	51.3	48.8	52.2	48.0	47.8	47.5	48.7	39.5	39.8	57.6	38.3	46.8	41.9	39.8	30.4	29.1	26.5
2018/01/18 16:51:00	62.2	25.9	25.9	44.3	44.3	63.7	63.7	68.9	68.9	62.7	54.9	57.8	52.3	56.8	57.6	58.5	54.7	51.8	52.9	50.6	49.0	48.7	49.2	43.3	42.3	51.0	45.5	46.4	35.2	33.1	26.2	23.1	25.7
2018/01/18 16:51:01	63.2	28.4	28.4	41.9	41.9	63.5	63.5	69.0	69.0	63.1	54.4	56.6	54.2	57.6	59.5	61.4	56.1	54.5	54.5	52.0	50.7	49.0	46.2	44.6	45.1	44.6	44.2	36.2	31.4	24.0	22.0	22.2	20.9
2018/01/18 16:51:02	65.8	29.2	29.2	42.1	42.1	67.2	67.2	73.5	73.5	67.8	54.7	58.9	54.6	60.1	59.3	63.6	58.7	56.1	58.1	55.0	53.0	51.4	49.1	48.2	49.8	50.5	49.3	45.4	38.2	31.7	27.3	26.1	23.8
2018/01/18 16:51:03	68.4	29.4	29.4	46.0	46.0	68.4	68.4	75.0	75.0	69.3	57.7	64.4	59.5	65.3	64.6	65.0	61.5	58.3	60.7	56.8	56.5	54.6	52.4	51.3	51.9	51.2	50.8	44.9	37.6	30.8	26.0	24.7	22.5
2018/01/18 16:51:04	71.4	34.4	34.4	52.0	52.0	69.0	69.0	74.1	74.1	69.1	61.7	68.3	61.6	67.3	67.4	69.6	64.5	61.3	62.9	57.6	58.4	57.0	54.8	55.3	55.5	55.0	54.8	48.3	42.1	35.5	30.3	27.4	24.7
2018/01/18 16:51:05	74.5	39.3	39.3	52.2	52.2	71.5	71.5	77.6	77.6	73.2	65.4	68.1	65.2	70.4	71.6	71.0	67.8	64.3	64.9	61.2	62.0	60.7	59.6	59.7	60.9	59.2	59.5	53.5	48.3	42.0	38.9	37.1	35.3
2018/01/18 16:51:06	78.6	48.0	48.0	60.7	60.7	80.8	80.8	88.2	88.2	83.6	70.4	73.9	68.1	75.0	74.2	74.1	71.8	69.8	72.5	64.5	64.8	62.2	63.1	60.3	59.9	60.8	60.3	55.2	49.3	42.5	39.9	38.7	36.6
2018/01/18 16:51:07	81.5	45.4	45.4	61.8	61.8	80.0	80.0	85.9	85.9	80.9	69.9	78.0	72.9	79.2	75.8	76.6	74.2	71.0	72.3	68.1	68.6	67.1	69.2	66.9	67.2	68.2	68.1	62.4	56.6	49.3	45.6	43.1	40.9
2018/01/18 16:51:08	73.2	35.1	35.1	52.6	52.6	74.7	74.7	80.2	80.2	74.3	63.9	68.2	63.9	67.4	66.3	70.6	63.8	62.3	65.1	60.5	60.6	62.3	59.6	56.6	57.8	58.2	57.1	52.0	45.3	38.1	33.4	30.6	28.0
2018/01/18 16:51:09	69.1	32.4	32.4	49.1	49.1	67.0	67.0	72.3	72.3	67.0	60.2	64.0	60.6	65.3	61.1	63.1	59.5	59.0	60.8	58.7	58.1	58.8	56.4	54.2	54.5	54.7	52.9	46.8	39.4	31.3	27.0	25.3	22.9
2018/01/18 16:51:10	68.9	31.3	31.3	49.3	49.3	65.9	65.9	71.0	71.0	65.1	57.0	61.3	59.6	65.2	61.4	61.5	57.9	57.9	59.5	58.7	58.5	59.2	56.3	54.6	55.2	55.5	54.5	49.3	41.2	32.5	28.5	27.6	24.6
2018/01/18 16:51:11	69.2	31.0	31.0	46.3	46.3	62.1	62.1	67.4	67.4	62.4	59.1	61.9	58.6	64.6	59.8	60.2	58.6	59.0	58.5	57.7	58.0	60.1	57.8	54.3	55.5	57.2	57.8	52.3	45.9	37.5	34.3	33.3	30.2
2018/01/18 16:51:12	67.4	28.4	28.4	44.1	44.1	61.3	61.3	65.8	65.8	60.5	57.1	58.7	58.3	63.1	61.2	59.3	57.3	58.7	58.5	57.6	55.7	55.4	55.3	53.1	54.0	54.6	54.2	49.5	41.8	36.3	32.8	31.0	28.7
2018/01/18 16:51:13	66.0	32.1	32.1	47.4	47.4	63.5	63.5	68.8	68.8	62.5	53.5	59.3	58.7	63.9	58.6	55.7	55.6	56.0	58.2	56.8	54.8	55.1	52.9	50.7	52.1	51.8	49.6	44.8	37.9	33.6	29.7	28.3	25.9
2018/01/18 16:51:14	66.7	30.0	30.0	46.7	46.7	64.2	64.2	69.1	69.1	62.6	54.4	56.3	55.8	61.6	59.7	57.5	56.1	58.0	57.3	57.8	55.5	57.2	54.6	52.0	52.5	53.0	49.7	43.8	37.2	34.7	30.0	27.9	24.8
2018/01/18 16:51:15	68.3	34.2	34.2	49.9	49.9	63.0	63.0	64.6	64.6	58.1	53.5	56.4	56.3	63.0	59.6	57.3	58.7	57.9	59.1	59.8	58.8	58.9	56.7	54.3	53.9	54.1	51.2	46.4	39.0	35.9	32.6	30.2	26.1
2018/01/18 16:51:16	72.8	41.3	41.3	57.7	57.7	69.8	69.8	69.4	69.4	60.3	57.6	59.5	59.2	66.3	61.3	57.9	61.5	59.7	61.6	62.4	60.8	60.7	59.8	60.5	63.3	63.3	61.6	57.4	51.7	45.0	40.5	38.1	38.9
2018/01/18 16:51:17	70.9	31.9	31.9	49.7	49.7	60.2	60.2	61.4	61.4	58.4	57.2	56.4	56.9	62.1	59.4	56.1	57.7	57.9	57.7	60.0	59.5	58.5	58.0	58.1	62.5	61.8	60.3	56.6	51.4	46.3	41.0	39.1	39.3
2018/01/18 16:51:18	66.1	33.5	33.5	49.5	49.5	57.7	57.7	58.6	58.6	53.9	50.9	54.0	51.5	58.9	60.2	52.9	54.5	54.4	55.8	57.7	56.6	55.5	56.3	52.6	52.5	53.4	48.8	46.1	41.3	35.9	31.7	29.7	28.5
2018/01/18 16:51:19	67.7	33.0	33.0	50.1	50.1	58.6	58.6	59.7	59.7	58.5	55.7	58.9	56.8	60.4	59.3	55.1	56.1	57.1	56.9	60.0	58.6	57.7	55.7	53.9	54.1	55.1	51.3	47.5	40.8	33.7	29.4	29.3	27.7
2018/01/18 16:51:20	66.8	29.0	29.0	47.8	47.8	55.8	55.8	55.9	55.9	53.8	52.4	55.4	51.6	60.4	60.1	54.8	55.2	56.2	56.9	58.9	58.0	56.4	55.3	52.8	52.2	53.7	49.6	47.4	39.2	34.0	28.5	26.2	24.8
2018/01/18 16:51:21	63.3	27.9	27.9	48.1	48.1	55.1	55.1	53.1	53.1	51.2	51.3	53.8	49.4	58.1	58.9	51.2	51.2	52.0	52.9	55.0	53.7	53.0	53.1	48.6	47.3	51.7	43.6	42.9	32.5	30.3	25.7	23.5	21.9
2018/01/18 16:51:22	61.6	28.6	28.6	48.6	48.6	55.6	55.6	52.9	52.9	49.9	51.0	53.2	50.1	56.9	55.4	48.1	50.7	51.1	50.4	53.9	52.4	51.3	51.4	47.3	46.0	48.4	40.5	41.5	29.0	26.9	23.4	22.6	21.4
2018/01/18 16:51:23	59.8	26.0	26.0	44.9	44.9	53.6	53.6	52.3	52.3	49.6	47.8	49.9	46.5	54.3	53.2	49.2	49.6	48.7	48.7	53.3	52.5	49.7	47.3	44.2	42.4	40.8	39.8	31.6	24.3	22.6	21.4	22.2	20.8
2018/01/18 16:51:24	58.9	26.2	26.2	42.3	42.3	51.0	51.0	49.2	49.2	47.8	49.0	49.7	46.0	52.4	51.5	47.7	49.0	48.6	49.5	52.4	50.0	49.1	46.2	44.7	41.4	41.4	39.8	30.2	23.7	22.3	21.5	21.9	20.7
2018/01/18 16:51:25	59.4	24.3	24.3	40.3	40.3	49.5	49.5	49.6	49.6	48.0	46.7	49.3	47.2	51.9	49.4	46.8	48.3	48.4	50.3	53.3	50.7	49.4	47.5	44.4	43.8	43.0	39.4	32.4	24.3	21.3	21.2	21.9	20.8
2018/01/18 16:51:26	61.1	26.0	26.0	42.8	42.8	51.4	51.4	51.7	51.7	48.8	48.5	51.5	49.4	51.0	48.1	49.0	48.8	49.7	52.3	54.2	52.3	52.1	49.5	46.3	46.1	46.4	42.7	35.6	29.6	24.3	22.0	22.2	20.8
2018/01/18 16:51:27	65.6	25.9	25.9	43.9	43.9	54.1	54.1	54.4	54.4	49.6	51.2	55.3	52.6	54.6	52.2	49.7	53.6	52.6	55.2	58.4	57.2	55.5	55.0	51.9	52.4	53.0	48.9	44.3	36.6	28.7	24.6	24.0	22.0
2018/01/18 16:51:28	70.0	31.8	31.8	47.4	47.4	58.3	58.3	61.5	61.5	62.4	61.2	60.3	55.9	60.1	58.3	56.1	58.8	56.9	57.4	62.3	60.1	60.4	59.7	56.8	56.6	58.4	56.3	51.6	42.7	34.9	33.2	30.7	28.3
2018/01/18 16:51:29	66.8	30.0	30.0	47.6	47.6	57.5	57.5	56.3	56.3	50.5	49.3	55.0	49.6	56.2	52.0	52.8	54.6	52.6	54.4	56.9	56.1	55.8	55.4	55.0	56.0	57.2	56.7	50.4	46.1	38.5	34.5	31.1	30.6
2018/01/18 16:51:30	62.4	26.2	26.2	46.2	46.2	54.6	54.6	53.0	53.0	49.3	49.6	52.1	49.2	53.1	54.3	52.6	52.6	50.2	52.8	54.3	53.2	52.5	50.5	49.4	48.9	48.7	46.4	42.1	35.9	29.3	26.4	25.0	23.7
2018/01/18 16:51:31	65.1	28.6	28.6	56.8	56.8	62.6	62.6	57.7	57.7	51.8	51.9	53.9	50.4	56.6	58.4	57.4	56.8	53.5	55.3	57.0	55.9	54.9	53.4	51.0	51.0	50.7	47.8	42.7	35.1	27.6	24.7	23.7	23.5
2018/01/18 16:51:32	64.7	31.5	31.5	53.3	53.3	58.4	58.4	55.4	55.4	55.4	52.8	52.6	51.2	56.6	58.5	55.0	53.9	53.9	54.9	56.8	55.4	54.8	53.1	50.7	51.2	50.3	47.2	42.3	34.7	29.2	25.2	23.9	23.3
2018/01/18 16:51:33	67.2	33.6	33.6	52.9	52.9	61.5	61.5	64.0	64.0	62.5	63.3	61.3	56.0	60.1	58.6	54.2	55.3	55.7	59.7	59.1	57.2	57.4	55.6	53.9	53.1	52.4	49.7	44.2	36.9	30.0	25.7	23.8	22.3
2018/01/18 16:51:34	68.8	31.1	31.1	53.2	53.2	61.4	61.4	64.0	64.0	64.9	62.4	62.1	55.5	58.3	58.5	55.1	56.8	58.8	60.9	60.8	58.6	58.4	57.9	55.7	55.3	54.9	53.4	47.6	41.1	34.2	29.7	27.5	25.5
2018/01/18 16:51:35	69.7	34.0	34.0	53.0	53.0	63.3	63.3	65.2	65.2	63.1	61.9	62.3	56.7	60.0	61.0	57.5	59.9	60.2	61.5	61.1	59.9	59.7	58.1	55.9	55.4	54.9	54.4	49.4	41.7	35.5	30.4	30.1	27.6
2018/01/18 16:51:36	68.8	33.7	33.7	52.3	52.3	65.4	65.4	67.2	67.2	62.8	60.2	59.7	55.0	58.6	57.2	58.0	57.6	59.1	61.3	61.0	59.6	59.4	56.3	54.4	53.2	52.5	51.3	46.5	38.7	33.7	28.8	27.3	24.9
2018/01/18 16:51:37	70.1	38.0	38.0	54.6	54.6	64.6	64.6	67.3	67.3	68.0	67.2	66.1	58.0	60.8	59.6	57.3	60.1	58.0	60.5	62.4	60.7	60.8	58.8	57.1	55.2	54.3	54.0	48.9	41.5	34.8	30.5	38.8	32.6
2018/01/18 16:51:38	64.9	33.1	33.1	51.8	51.8	60.5	60.5	62.6	62.6	61.2	61.4	62.3	55.6	56.7	53.4	51.3	54.2	53.9	55.7	56.9	56.5	55.2	53.5	51.4	49.3	48.0	46.3	42.2	34.7	29.2	25.0	31.9	22.1
2018/01/18 16:51:39	62.1	35.7	35.7	53.4	53.4	62.0	62.0	64.4	64.4	63.8	63.3	64.1	57.9	58.5	54.6	51.1	50.7	50.8	53.7	54.8	52.3	50.3	47.4	45.6	43.4	42.7	40.8	35.8	27.8	23.6	21.9	22.0	21.0
2018/01/18 16:51:40	58.3	30.8	30.8	48.5	48.5	56.9	56.9	59.1	59.1	57.4	55.0	54.4	46.9	52.9	51.9	46.9	49.2	48.2	48.6	50.6	49.9	47.8	45.1	42.4	41.9	42.5	39.7	35.3	26.3	23.4	21.8	23.4	21.5
2018/01/18 16:51:41	56.5	29.5	29.5	47.4	47.4	56.1	56.1	58.5	58.5	56.7	52.7	52.6	45.7	49.7	50.1	45.0	46.3	46.7	48.3	48.6	48.8	46.0	42.2	40.3	38.1	38.0	37.1	30.5	22.8	20.7	21.1	21.9	20.7
2018/01/18 16:51:42	57.4	35.0	35.0	52.2	52.2	63.4	63.4	65.6	65.6	62.7	60.0	61.7	52.8	52.3	50.1	46.5	45.9	46.1	47.6	47.4	48.8	46.1	41.6	39.7	38.6	38.6	37.3	32.3	27.3	24.0	22.7	23.3	22.1
2018/01/18 16:51:43	61.3	36.4	36.4	52.8	52.8	61.7	61.7	64.2	64.2	64.7	64.1	66.9	60.3	62.8	57.9	49.9	52.0	48.9	48.9	48.2	48.0	42.5	40.7	44.6	44.8	43.8	43.2	37.5	31.3	25.6	23.5	25.3	29.4
2018/01/18 16:51:44	56.1	27.0	27.0	47.2	47.2	56.0	56.0	58.5	58.5	58.1	55.2	53.9	50.3	53.5	49.2	45.0	45.1	45.8	46.3	47.8	47.1	43.6	40.0	43.8	36.9	35.7	43.8	28.3	27.2	21.8	21.5	22.2	20.9
2018/01/18 16:51:45	58.5	32.2	32.2	48.1	48.1	57.3	57.3	61.3	61.3	61.5	56.6	57.4	54.5	52.8	49.6	46.0	45.6	46.3	47.8	48.9	48.7	43.3	39.7	45.7	38.7	39.3	49.4	49.0	43.3	35.3	28.9	22.9	21.5
2018/01/18 16:51:46	60.7	31.3	31.3	48.4	48.4	56.7	56.7	55.7	55.7	53.9	53.4	53.4	47.2	51.4	48.8	45.1	45.4	46.7	50.8	51.5	49.4	45.3	45.1	44.9	39.3	45.4	56.4	44.1	34.8	30.6	28.1	25.4	22.9
2018/01/18 16:51:47	60.7	36.4	36.4	52.3	52.3	61.5	61.5	64.2	64.2	64.9	63.7	63.0	57.8	56.5	51.0	46.3	45.8	47.7	48.6	49.6	49.4	45.9	50.1	46.1	39.7	51.2	48.3	44.8	29.9	30.3	22.5	22.7	22.0
2018/01/18 16:51:48	61.7	37.8	37.8	53.4	53.4	63.7	63.7	67.6	67.6	68.7	66.3	65.2	58.0	59.2	55.5	48.9	47.8	48.4	50.2	49.2	48.9	49.1	49.4	45.1	42.7	50.1	44.4	48.4	33.6	30.3	26.4	24.4	22.9
2018/01/18 16:51:49	61.2	31.9	31.9	48.9	48.9	59.4	59.4	61.4	61.4	59.2	57.9	57.3	50.5	54.1	49.6	47.8	46.3	49.4	50.7	50.0	50.0	50.6	50.8	45.3	44.1	52.7	43.7	51.3	39.7	35.3	30.8	26.4	23.6
2018/01/18 16:51:50	63.4	29.3	29.3	46.3	46.3	56.3	56.3	57.2	57.2	54.1	51.1	53.5	49.2	53.9	50.6	46.7	45.9	48.5	50.3	50.2	50.6	50.1	52.1	47.0	45.9	59.0	45.7	52.3	39.8	38.9	29.3	26.9	25.3
2018/01/18 16:51:51	63.5	29.1	29.1	46.9	46.9	57.5	57.5	60.8	60.8	62.4	58.6	58.3	53.9	55.1	54.6	51.0	49.8	51.3	52.6	52.6	53.1	53.1	53.2	50.2	49.7	53.9	48.4	49.2	41.0	37.7	30.7	30.1	27.2
2018/01/18 16:51:52	66.8	32.2	32.2	47.1	47.1	58.3	58.3	68.3	68.3	70.4	64.3	65.9	61.8	57.6	58.3	53.3	52.0	53.2	54.7	54.8	55.6	54.8	56.2	53.6	54.0	58.0	53.6	50.0	43.2	40.6	32.8	30.8	28.7
2018/01/18 16:51:53	71.0	38.1	38.1	55.2	55.2	66.9	66.9	71.3	71.3	72.3	71.4	72.9	62.6	62.2	60.8	57.7	57.4	57.7	58.5	57.7	59.1	58.9	60.7	56.3	58.1	60.9	60.8	56.4	49.3	44.4	41.0	39.4	38.1
2018/01/18 16:51:54	69.5	36.2	36.2	55.4	55.4	64.8	64.8	66.1	66.1	64.3	67.0	72.6	64.6	64.2	61.4	56.5	56.3	58.8	56.7	57.5	57.5	56.1	54.2	53.1	56.0	59.0	60.6	56.3	52.3	48.7	43.9	39.1	36.5
2018/01/18 16:51:55	66.8	33.2	33.2	52.4	52.4	62.7	62.7	63.2	63.2	61.4	64.9	66.8	58.2	59.4	59.8	56.2	55.8	58.5	57.4	57.8	57.2	55.5	53.6	52.7	52.0	52.7	51.5	48.3	40.7	37.7	32.7	28.6	28.2
2018/01/18 16:51:56	65.1	35.3	35.3	51.7	51.7	61.3	61.3	66.0	66.0	67.0	67.2	65.6	56.2	58.8	58.3	54.4	53.5	55.2	56.0	56.8	55.6	54.9	51.4	49.1	48.5	48.7	46.7	43.0	35.6	30.7	26.2	25.1	26.4
2018/01/18 16:51:57	64.8	38.8	38.8	55.4	55.4	65.4	65.4	67.9	67.9	67.6	66.4	65.0	59.8	60.9	57.6	53.9	52.3	54.3	56.2	56.7	54.6	54.0	50.7	48.8	48.2	47.3	45.3	41.3	33.4	26.8	23.5	23.5	22.4
2018/01/18 16:51:58	64.8	32.7	32.7	47.7	47.7	57.6	57.6	60.4	60.4	58.4	55.5	56.1	50.2	54.9	55.7	52.4	53.0	56.0	58.9	58.1	54.2	54.1	51.8	49.3	48.6	47.4	46.9	41.9	33.0	27.2	23.8	24.7	23.0
2018/01/18 16:51:59	63.1	32.1	32.1	48.6	48.6	58.9	58.9	59.9	59.9	59.0	57.1	57.0	55.3	57.1	53.5	51.0	50.1	53.3	55.5	56.4	53.6	52.4	49.6	47.4	48.5	47.2	43.5	39.1	33.2	24.4	22.2	22.4	21.0
2018/01/18 16:52:00	60.6	26.0	26.0	42.5	42.5	53.6	53.6	55.6	55.6	53.8	53.6	53.6	53.5	56.0	52.8	51.1	48.6	51.0	52.0	53.4	51.6	49.6	46.6	45.2	47.0	44.9	42.1	37.4	30.5	23.7	21.6	22.1	21.0
2018/01/18 16:52:01	59.3	28.3	28.3	44.6	44.6	55.4	55.4	55.4	55.4	49.2	50.0	50.7	50.0	53.0	50.5	49.0	46.7	49.5	51.0	52.4	51.4	47.8	45.5	45.1	45.4	42.9	40.4	34.4	26.6	21.8	21.1	21.8	20.8
2018/01/18 16:52:02	58.9	31.7	31.7	48.4	48.4	59.0	59.0	61.7	61.7	59.8	58.4	60.8	51.1	54.5	50.5	49.0	45.9	47.1	49.4	50.3	49.6	48.2	45.9	44.8	44.7	42.9	38.8	33.1	25.9	21.3	21.2	21.9	20.9
2018/01/18 16:52:03	59.0	32.0	32.0	53.7	53.7	60.9	60.9	59.2	59.2	58.0	59.5	58.4	52.5	52.2	49.3	48.0	45.4	46.2	48.4	50.6	50.0	48.9	46.8	46.1	46.5	44.1	42.1	35.1	27.4	21.9	21.2	22.0	20.9
2018/01/18 16:52:04	59.8	34.0	34.0	49.9	49.9	60.6	60.6	62.7	62.7	59.5	55.3	55.2	48.6	52.0	50.2	46.9	44.9	47.2	49.8	50.5	50.8	49.4	47.8	47.9	49.0	47.1	42.0	36.4	26.6	21.8	21.1	21.9	20.9
2018/01/18 16:52:05	61.2	30.2	30.2	48.6	48.6	58.4	58.4	58.4	58.4	53.9	52.3	52.5	46.3	48.8	49.8	48.7	46.8	48.1	51.4	51.5	51.7	51.9	50.3	50.1	50.6	48.1	43.8	38.8	29.2	23.6	21.7	22.4	20.9
2018/01/18 16:52:06	63.3	28.5	28.5	47.3	47.3	55.8	55.8	56.1	56.1	54.9	52.3	51.9	46.9	50.4	50.1	49.8	49.8	51.1	53.5	53.7	53.6	53.1	52.7	52.2	53.3	50.7	47.8	42.7	33.3	26.3	23.4	23.3	21.7
2018/01/18 16:52:07	67.9	30.1	30.1	46.1	46.1	57.0	57.0	57.2	57.2	52.7	52.9	54.0	52.2	54.6	55.0	55.1	53.1	54.0	57.0	59.2	59.2	58.1	56.8	57.0	57.2	55.7	52.1	46.8	39.3	31.9	28.0	27.3	24.9
2018/01/18 16:52:08	66.6	31.6	31.6	50.2	50.2	60.4	60.4	62.3	62.3	60.5	58.3	57.0	51.4	55.1	54.9	53.5	54.0	56.7	55.5	57.8	58.9	57.6	55.4	54.2	53.2	50.9	47.9	44.1	34.6	27.6	24.0	23.6	21.8
2018/01/18 16:52:09	69.1	28.1	28.1	47.2	47.2	56.3	56.3	55.4	55.4	52.4	52.3	56.1	52.6	55.9	53.4	53.2	56.3	58.3	57.3	61.5	62.5	60.9	57.1	53.9	54.4	53.1	51.9	48.4	40.9	32.9	29.3	26.1	23.2
2018/01/18 16:52:10	68.8	27.2	27.2	46.6	46.6	56.0	56.0	55.3	55.3	51.3	51.8	55.5	49.0	53.5	53.7	55.2	59.8	59.8	59.5	61.3	61.1	59.8	56.7	53.5	52.9	51.9	50.2	47.2	37.7	31.1	27.2	25.2	23.3
2018/01/18 16:52:11	64.1	30.2	30.2	48.5	48.5	57.9	57.9	56.9	56.9	52.9	52.4	53.0	49.7	52.0	51.6	50.0	51.4	51.3	54.4	56.6	57.7	55.5	51.0	48.8	49.2	47.4	45.4	40.1	33.0	24.9	22.5	22.9	21.4
2018/01/18 16:52:12	66.4	32.3	32.3	48.0	48.0	56.4	56.4	57.3	57.3	56.1	53.8	55.0	49.7	55.3	53.4	52.1	54.1	54.1	56.1	59.2	59.7	57.7	53.7	52.1	51.4	50.5	48.9	42.9	36.1	27.8	24.0	23.6	22.1
2018/01/18 16:52:13	67.0	30.8	30.8	50.4	50.4	57.6	57.6	57.7	57.7	56.2	54.6	55.8	48.7	53.5	52.6	51.0	52.7	51.4	52.8	54.8	54.3	52.8	52.1	54.6	59.5	59.6	56.7	51.8	45.3	40.6	34.2	30.3	31.6
2018/01/18 16:52:14	69.5	31.3	31.3	48.5	48.5	56.8	56.8	57.5	57.5	57.1	54.7	54.4	47.8	51.5	52.0	47.5	49.9	50.0	52.1	54.2	53.4	52.4	53.9	57.7	62.7	62.8	60.5	55.9	50.9	47.8	41.0	38.5	40.5
2018/01/18 16:52:15	63.8	24.4	24.4	43.6	43.6	50.0	50.0	50.0	50.0	51.1	49.7	52.2	45.3	50.9	50.6	46.4	46.7	48.5	49.9	52.1	52.2	49.5	53.5	51.1	54.8	56.4	52.7	49.1	42.9	38.6	31.9	29.5	30.4
2018/01/18 16:52:16	58.7	26.8	26.8	42.7	42.7	50.6	50.6	51.5	51.5	50.7	48.0	49.5	45.4	48.3	49.8	45.7	44.9	45.6	47.0	49.2	49.8	48.1	50.3	43.0	42.6	49.7	40.2	38.8	33.5	26.5	23.0	22.3	21.3
2018/01/18 16:52:17	59.6	32.9	32.9	45.2	45.2	50.0	50.0	49.3	49.3	50.5	49.6	50.1	46.9	51.3	49.8	46.3	46.4	47.6	49.3	51.4	50.0	48.8	48.0	44.7	43.8	51.9	40.4	40.6	33.4	28.2	23.5	22.7	21.6
2018/01/18 16:52:18	62.3	30.1	30.1	47.4	47.4	52.4	52.4	52.0	52.0	51.5	50.7	53.4	48.8	52.0	52.3	48.9	49.4	49.9	50.5	55.1	54.0	51.4	52.7	49.6	47.4	49.3	44.5	43.7	43.6	30.7	26.9	23.9	22.4
2018/01/18 16:52:19	64.6	28.4	28.4	54.1	54.1	59.8	59.8	58.6	58.6	60.3	58.7	59.8	49.6	54.2	54.3	52.1	53.2	53.6	54.3	57.0	56.1	52.6	55.0	51.0	50.0	51.5	46.4	43.4	35.8	30.5	26.8	25.4	24.6
2018/01/18 16:52:20	62.4	28.0	28.0	52.1	52.1	58.0	58.0	56.6	56.6	57.4	53.0	56.1	49.1	53.6	51.4	50.9	51.3	52.2	51.9	55.7	54.3	52.1	50.0	48.3	48.6	47.4	43.0	41.4	40.3	28.2	24.6	24.7	23.0
2018/01/18 16:52:21	59.6	24.4	24.4	42.0	42.0	50.9	50.9	51.4	51.4	49.1	46.5	48.7	47.2	50.7	50.8	48.0	47.3	48.8	49.3	53.0	51.5	49.0	46.1	46.4	45.9	44.8	41.9	36.6	32.5	22.7	21.7	22.3	21.2
2018/01/18 16:52:22	58.2	25.6	25.6	41.6	41.6	49.5	49.5	50.7	50.7	49.4	45.0	47.9	46.6	49.9	49.4	46.0	46.3	47.7	48.7	51.1	50.2	48.0	45.0	44.5	44.1	42.6	41.0	38.7	34.0	24.5	22.5	22.9	23.1
2018/01/18 16:52:23	57.5	25.2	25.2	42.9	42.9	51.3	51.3	51.5	51.5	48.4	46.7	48.2	43.7	48.7	47.9	44.9	44.9	47.6	48.3	49.9	48.8	47.5	44.8	43.7	44.7	43.1	39.9	37.0	30.7	23.6	21.9	22.2	22.1
2018/01/18 16:52:24	59.7	26.4	26.4	47.2	47.2	53.9	53.9	51.3	51.3	46.9	47.2	51.3	47.5	50.5	48.6	46.4	45.8	48.8	49.5	52.5	50.3	50.3	47.6	46.8	47.8	46.9	42.4	38.2	35.0	24.9	22.7	23.6	25.7
2018/01/18 16:52:25	62.7	28.3	28.3	46.8	46.8	55.8	55.8	54.9	54.9	49.3	47.3	53.1	49.2	49.8	50.8	49.7	49.1	50.2	53.3	55.0	52.4	53.0	51.0	50.6	51.6	50.1	45.3	42.0	38.5	27.8	23.2	22.8	22.7
2018/01/18 16:52:26	66.0	33.5	33.5	46.4	46.4	57.2	57.2	58.0	58.0	55.8	56.3	57.3	53.6	53.0	53.3	51.8	51.2	54.0	55.8	57.2	56.1	56.1	53.6	52.8	55.0	55.0	53.5	48.1	43.5	35.7	29.4	27.2	26.9
2018/01/18 16:52:27	68.6	32.8	32.8	48.6	48.6	60.1	60.1	60.1	60.1	53.7	52.9	55.8	52.8	53.8	58.2	55.6	53.1	57.3	59.1	61.2	58.8	59.5	56.8	55.7	56.5	55.1	52.0	47.5	41.2	35.2	29.3	26.8	27.0
2018/01/18 16:52:28	63.1	31.7	31.7	46.1	46.1	57.2	57.2	58.8	58.8	54.8	51.5	51.7	48.6	53.3	55.1	52.8	50.7	52.7	54.8	56.5	53.5	53.1	50.5	48.3	48.7	47.8	44.2	41.6	38.7	28.6	24.1	23.5	23.0
2018/01/18 16:52:29	61.1	30.3	30.3	48.7	48.7	58.1	58.1	59.3	59.3	55.7	52.3	53.3	48.1	50.9	52.4	48.4	47.5	50.2	52.9	53.3	53.1	51.4	48.1	46.0	45.5	46.7	43.3	43.4	39.8	31.2	24.6	23.8	23.4
2018/01/18 16:52:30	61.5	30.5	30.5	45.7	45.7	55.5	55.5	57.6	57.6	58.6	57.7	56.2	49.8	55.4	52.7	47.4	47.1	50.5	53.1	53.7	54.6	51.5	47.1	44.4	44.7	45.4	42.4	43.6	40.4	30.7	25.6	24.0	23.2
2018/01/18 16:52:31	63.3	36.6	36.6	56.0	56.0	65.6	65.6	63.4	63.4	54.0	51.5	53.2	49.8	58.3	55.3	51.1	52.4	53.0	55.9	55.6	54.2	53.2	50.4	47.0	47.8	47.1	44.7	41.7	34.7	28.9	26.3	24.9	22.8
2018/01/18 16:52:32	65.1	40.3	40.3	60.0	60.0	69.1	69.1	66.2	66.2	55.2	51.5	56.2	54.7	59.4	54.7	54.5	54.4	56.9	59.0	56.6	54.5	54.0	52.5	49.1	50.6	50.4	47.3	45.0	37.8	32.9	30.8	28.6	25.6
2018/01/18 16:52:33	65.1	34.5	34.5	53.8	53.8	63.3	63.3	62.2	62.2	59.5	56.8	54.9	53.7	59.5	52.3	50.8	53.6	56.3	61.2	55.4	54.8	53.9	50.4	46.9	48.9	49.3	46.1	44.4	36.9	30.6	29.7	26.5	23.5
2018/01/18 16:52:34	62.3	27.9	27.9	45.3	45.3	54.5	54.5	53.3	53.3	54.3	54.0	53.4	52.7	58.1	52.2	50.3	50.1	54.0	56.4	54.7	52.3	50.0	47.4	44.7	47.6	47.2	44.4	43.1	36.5	28.2	26.2	23.6	21.7
2018/01/18 16:52:35	59.9	30.1	30.1	46.6	46.6	56.9	56.9	57.4	57.4	53.2	49.7	52.7	50.8	57.3	51.0	50.2	49.2	50.3	51.5	52.5	50.7	48.4	45.9	44.4	46.5	43.2	41.4	39.4	31.5	24.7	22.4	22.2	21.0
2018/01/18 16:52:36	58.1	29.9	29.9	49.6	49.6	60.4	60.4	59.9	59.9	52.7	50.3	51.9	49.2	52.7	48.7	48.2	48.0	50.8	49.9	50.6	49.1	45.9	44.0	41.3	44.5	41.1	38.1	36.4	27.3	22.6	21.6	22.1	20.7
2018/01/18 16:52:37	58.6	32.4	32.4	50.7	50.7	59.9	59.9	57.9	57.9	50.7	48.3	51.7	52.0	54.0	49.3	47.6	48.1	50.0	49.5	51.5	50.2	47.0	45.7	42.6	43.6	40.8	37.4	36.1	30.3	22.8	21.5	22.0	21.1
2018/01/18 16:52:38	59.9	33.3	33.3	51.1	51.1	60.9	60.9	59.6	59.6	53.8	52.0	54.5	54.4	55.0	50.2	48.7	49.4	50.8	50.4	53.2	52.0	47.8	46.3	43.4	45.2	41.9	38.9	36.6	30.5	22.9	21.7	22.5	21.1
2018/01/18 16:52:39	61.4	35.2	35.2	50.8	50.8	61.0	61.0	60.0	60.0	54.4	52.3	57.8	58.5	56.3	52.9	49.2	51.9	53.2	52.4	54.2	52.8	49.6	47.4	44.6	44.7	44.1	40.8	37.2	29.9	23.4	21.7	22.1	20.7
2018/01/18 16:52:40	64.2	35.9	35.9	53.7	53.7	64.7	64.7	64.2	64.2	58.8	55.7	61.1	61.6	59.7	56.7	54.7	56.1	56.5	54.4	56.6	56.0	51.9	48.6	46.0	46.7	46.8	42.4	39.1	29.9	24.7	22.2	22.5	21.2
2018/01/18 16:52:41	67.2	40.0	40.0	56.5	56.5	67.9	67.9	67.0	67.0	59.5	58.8	61.8	63.0	62.8	57.9	56.8	58.9	59.1	57.9	60.6	58.5	54.7	52.9	49.7	48.9	50.4	46.5	44.2	35.7	29.0	25.1	23.2	21.5
2018/01/18 16:52:42	71.5	45.8	45.8	60.8	60.8	71.8	71.8	70.7	70.7	65.9	65.7	67.7	70.3	68.4	63.4	62.8	62.6	62.2	60.9	65.2	62.3	58.3	56.9	53.3	52.0	53.0	50.8	48.3	40.6	34.4	29.3	26.3	23.6
2018/01/18 16:52:43	74.2	39.4	39.4	59.0	59.0	69.0	69.0	69.3	69.3	69.4	68.8	72.8	72.8	68.8	70.7	66.8	65.5	64.8	64.3	64.6	62.9	61.4	61.8	59.2	57.7	59.4	56.9	52.5	44.8	40.5	35.9	34.0	31.0
2018/01/18 16:52:44	68.6	41.9	41.9	59.2	59.2	69.5	69.5	68.2	68.2	63.0	61.6	64.7	62.5	62.0	65.5	55.4	57.8	57.0	56.9	59.1	58.4	57.5	58.3	54.3	53.1	56.1	53.6	50.2	43.3	39.3	35.5	31.8	28.5
2018/01/18 16:52:45	63.2	34.4	34.4	52.1	52.1	61.6	61.6	59.5	59.5	56.1	56.1	57.6	55.4	55.1	59.3	49.5	51.8	52.1	54.5	55.4	53.1	52.2	51.7	49.3	48.0	49.5	46.6	42.6	34.1	30.2	25.1	23.8	21.9
2018/01/18 16:52:46	63.6	37.1	37.1	55.9	55.9	65.4	65.4	62.9	62.9	53.2	52.2	57.7	56.8	54.5	55.2	49.6	51.7	51.9	55.0	56.8	53.8	52.2	54.4	49.6	47.3	47.8	44.8	39.7	30.6	24.7	22.0	21.9	21.1
2018/01/18 16:52:47	64.7	34.8	34.8	52.8	52.8	62.5	62.5	60.9	60.9	53.4	49.1	54.8	54.8	54.3	52.3	48.0	51.5	52.9	57.4	59.7	55.4	53.7	53.5	47.7	45.9	47.3	42.2	38.3	28.4	23.8	22.1	22.2	21.0
2018/01/18 16:52:48	64.0	31.5	31.5	51.6	51.6	60.7	60.7	58.3	58.3	51.0	47.7	54.1	53.4	53.2	52.2	48.0	49.9	51.9	57.4	60.2	55.1	49.9	50.3	44.8	42.6	43.2	41.0	37.1	29.0	24.2	21.9	22.2	20.9
2018/01/18 16:52:49	62.2	30.3	30.3	47.8	47.8	57.4	57.4	56.8	56.8	52.7	49.8	52.8	50.6	49.5	51.0	45.0	49.9	51.3	56.6	58.1	52.5	47.9	47.8	43.1	40.6	40.6	38.1	35.1	28.3	23.1	21.7	22.4	21.2
2018/01/18 16:52:50	62.1	30.2	30.2	46.7	46.7	56.4	56.4	55.5	55.5	50.3	46.6	50.5	45.4	49.1	51.5	44.7	47.7	50.5	56.8	58.7	51.4	46.8	46.1	41.0	40.3	40.1	36.7	33.6	26.0	23.4	21.7	23.2	22.1
2018/01/18 16:52:51	60.5	32.4	32.4	49.6	49.6	58.7	58.7	58.7	58.7	52.9	49.1	50.5	48.7	50.0	50.2	43.2	47.2	49.3	55.2	56.8	49.6	46.2	44.6	39.9	38.7	38.8	36.4	31.4	24.6	24.2	22.0	23.9	22.7
2018/01/18 16:52:52	55.8	30.1	30.1	48.0	48.0	56.9	56.9	60.5	60.5	59.3	54.7	52.4	46.6	49.5	47.1	43.5	44.6	46.6	50.2	49.9	44.7	42.4	40.9	36.6	36.0	34.8	33.7	30.0	25.4	22.9	21.9	23.4	23.1
2018/01/18 16:52:53	52.6	26.6	26.6	40.9	40.9	51.5	51.5	54.9	54.9	51.0	46.7	48.7	47.0	49.1	47.5	44.7	44.1	44.1	44.5	45.3	41.7	40.1	36.9	35.2	35.4	33.9	32.4	28.9	23.4	22.1	21.7	23.2	22.4
2018/01/18 16:52:54	52.5	26.9	26.9	44.4	44.4	51.6	51.6	50.8	50.8	49.9	47.4	48.2	45.3	48.6	45.8	44.9	43.7	44.2	45.3	43.7	42.1	42.1	37.3	35.0	35.5	35.8	32.4	27.5	22.6	21.6	21.4	22.3	21.5
2018/01/18 16:52:55	53.2	25.3	25.3	41.9	41.9	51.2	51.2	52.1	52.1	49.2	45.7	49.0	45.8	48.9	48.2	42.6	43.1	45.0	44.8	43.4	44.0	43.0	39.6	37.1	38.3	37.2	33.6	28.0	23.0	22.8	21.4	22.4	21.1
2018/01/18 16:52:56	53.4	23.7	23.7	38.3	38.3	48.4	48.4	49.1	49.1	48.5	48.0	47.4	45.9	47.8	49.0	44.3	46.2	45.9	44.7	43.3	42.9	42.6	39.7	36.9	37.9	37.7	34.1	28.5	22.9	21.7	21.7	22.0	20.8
2018/01/18 16:52:57	56.1	24.5	24.5	38.5	38.5	48.9	48.9	50.6	50.6	49.6	50.3	49.8	45.3	48.7	49.3	44.9	47.7	47.3	46.3	45.2	45.7	47.3	44.0	42.3	42.8	42.6	38.7	32.3	26.0	22.3	21.5	22.4	21.0
2018/01/18 16:52:58	58.3	24.4	24.4	39.9	39.9	50.4	50.4	50.8	50.8	49.7	50.6	50.3	46.1	49.5	48.2	48.7	49.5	48.4	46.7	46.3	48.4	48.3	47.7	45.1	46.9	46.9	43.6	37.4	30.0	23.3	21.5	22.2	20.8
2018/01/18 16:52:59	59.6	26.0	26.0	42.5	42.5	51.1	51.1	51.9	51.9	49.5	49.7	50.6	46.4	51.9	50.9	50.6	50.6	49.0	48.3	47.4	48.9	49.3	48.2	46.2	48.7	48.6	46.0	41.2	35.2	27.5	23.4	23.1	21.3
2018/01/18 16:53:00	68.9	30.1	30.1	43.0	43.0	55.0	55.0	56.5	56.5	55.7	59.8	61.8	57.5	60.2	58.4	59.0	58.2	57.7	55.1	54.2	56.3	59.1	57.9	56.3	58.1	60.3	56.2	53.5	47.5	39.6	33.8	31.7	30.2
2018/01/18 16:53:01	72.4	33.9	33.9	50.1	50.1	58.7	58.7	61.9	61.9	62.8	63.7	63.5	59.1	62.6	61.1	61.9	61.5	62.0	59.5	57.7	61.7	62.4	61.5	59.3	61.0	63.6	59.6	57.3	51.6	45.7	39.8	36.8	33.9
2018/01/18 16:53:02	67.6	34.2	34.2	49.2	49.2	60.9	60.9	66.0	66.0	64.9	64.1	62.2	57.4	60.8	58.1	61.6	59.6	57.8	54.1	55.4	57.7	56.9	54.3	51.6	55.7	56.6	53.5	52.2	46.0	39.3	33.2	28.9	25.4
2018/01/18 16:53:03	63.6	33.9	33.9	53.1	53.1	62.9	62.9	65.5	65.5	67.1	66.3	65.7	59.3	60.3	55.7	54.6	53.5	54.1	51.7	49.6	53.5	53.0	48.9	46.6	50.4	50.5	46.3	44.2	39.3	32.5	26.3	23.8	21.5
2018/01/18 16:53:04	59.4	35.8	35.8	54.5	54.5	62.9	62.9	64.9	64.9	62.7	60.9	61.8	55.0	55.6	54.1	49.5	48.7	48.9	47.6	46.9	49.7	49.7	45.6	42.2	45.0	43.8	39.6	36.4	29.4	24.4	21.7	22.1	20.6
2018/01/18 16:53:05	58.5	34.1	34.1	51.2	51.2	61.5	61.5	64.0	64.0	63.2	62.4	60.8	53.2	55.7	51.3	49.0	47.1	46.3	47.7	46.9	49.0	48.9	45.1	43.2	43.1	41.4	36.0	33.2	26.1	22.0	21.2	22.1	21.0
2018/01/18 16:53:06	60.2	32.9	32.9	51.7	51.7	61.2	61.2	64.0	64.0	63.7	62.4	62.4	57.2	59.7	54.3	50.4	47.0	47.7	48.8	49.4	50.2	50.4	46.7	44.7	43.0	42.2	37.8	32.1	24.7	21.0	21.0	21.7	20.7
2018/01/18 16:53:07	62.9	34.2	34.2	52.6	52.6	62.5	62.5	66.2	66.2	67.3	64.6	65.5	61.0	62.9	56.0	51.8	49.8	47.9	50.3	51.3	51.6	53.6	50.2	47.7	47.8	46.8	43.3	37.7	31.6	22.3	21.4	21.9	20.7
2018/01/18 16:53:08	65.1	36.1	36.1	53.8	53.8	63.9	63.9	66.0	66.0	63.6	62.1	62.0	58.0	58.5	56.5	53.7	54.0	52.0	54.4	56.5	56.2	56.0	53.9	51.1	50.1	50.5	48.0	42.7	35.1	28.5	23.7	23.0	21.6
2018/01/18 16:53:09	66.3	36.6	36.6	52.6	52.6	63.8	63.8	65.5	65.5	63.4	60.9	61.8	55.0	59.1	56.8	53.1	56.2	56.7	56.2	59.0	58.3	56.7	53.8	49.5	49.5	50.7	48.2	44.6	35.8	29.9	25.0	23.9	22.7
2018/01/18 16:53:10	64.5	38.7	38.7	53.1	53.1	63.4	63.4	66.4	66.4	65.4	63.5	67.0	61.1	65.7	59.9	55.7	56.1	52.0	52.4	54.5	53.6	52.4	49.4	45.8	46.6	47.2	43.6	40.3	31.9	25.9	22.6	22.4	21.2
2018/01/18 16:53:11	61.8	35.1	35.1	53.0	53.0	61.8	61.8	65.8	65.8	67.6	66.5	65.4	58.3	62.2	59.3	51.1	49.8	50.1	48.9	51.5	49.9	48.5	45.7	42.9	42.6	41.4	38.2	34.2	27.2	21.3	21.0	21.9	20.5
2018/01/18 16:53:12	58.9	37.7	37.7	53.2	53.2	63.5	63.5	67.0	67.0	66.0	63.4	62.5	55.8	57.3	52.0	47.8	46.8	46.6	47.3	49.0	48.8	47.2	43.4	40.6	40.8	38.9	35.6	31.5	22.9	20.8	21.0	22.0	20.8
2018/01/18 16:53:13	60.7	37.0	37.0	55.3	55.3	65.5	65.5	67.7	67.7	66.3	65.7	66.8	59.1	62.1	56.4	51.8	48.6	44.8	45.3	48.1	48.3	46.9	42.7	40.7	40.8	39.5	34.4	30.2	21.9	20.9	20.9	22.1	20.9
2018/01/18 16:53:14	60.4	36.0	36.0	52.1	52.1	61.2	61.2	63.2	63.2	60.9	58.6	59.6	53.3	54.9	49.3	49.5	50.9	49.1	48.8	52.1	52.2	51.1	47.1	44.7	45.6	43.6	40.8	37.4	27.4	22.6	21.3	22.0	20.8
2018/01/18 16:53:15	64.7	33.2	33.2	51.3	51.3	59.9	59.9	60.8	60.8	57.9	55.1	56.8	50.2	52.4	52.9	50.6	54.7	53.8	55.0	56.4	56.6	56.2	52.4	50.6	51.2	50.1	47.9	43.4	35.3	28.0	25.0	23.8	21.8
2018/01/18 16:53:16	69.8	34.3	34.3	49.2	49.2	61.0	61.0	65.5	65.5	60.7	58.1	58.9	52.6	58.3	55.6	54.7	59.2	58.4	57.7	62.1	61.8	61.3	57.9	56.2	56.4	54.9	53.6	48.8	41.1	33.8	30.1	28.0	25.1
2018/01/18 16:53:17	62.7	34.3	34.3	52.3	52.3	62.4	62.4	66.1	66.1	62.9	61.4	62.1	55.1	55.8	53.2	49.0	54.5	50.5	50.2	53.5	54.5	53.7	50.6	48.7	47.3	46.6	44.9	39.4	30.7	24.5	22.6	22.6	21.0
2018/01/18 16:53:18	65.2	35.9	35.9	55.0	55.0	67.6	67.6	70.5	70.5	66.3	70.2	71.3	66.3	66.0	62.5	59.9	53.3	50.3	48.1	49.6	51.2	50.0	46.3	43.6	41.8	40.7	36.5	30.5	23.4	21.1	21.0	22.2	20.7
2018/01/18 16:53:19	65.7	36.5	36.5	53.7	53.7	65.1	65.1	69.6	69.6	70.0	69.2	71.2	66.1	69.2	62.0	59.5	57.4	52.0	48.4	49.1	48.4	46.4	42.6	40.6	39.5	38.1	34.7	29.4	22.1	20.4	21.1	21.9	20.9
2018/01/18 16:53:20	59.6	35.9	35.9	54.8	54.8	64.2	64.2	66.7	66.7	67.1	65.8	66.7	59.6	58.5	55.6	48.8	46.7	45.0	46.3	46.4	46.6	44.4	41.7	39.9	37.8	35.8	32.2	27.0	21.2	20.5	21.0	22.0	21.0
2018/01/18 16:53:21	61.9	36.4	36.4	54.5	54.5	64.9	64.9	67.9	67.9	68.1	68.6	68.2	62.7	62.3	59.6	51.4	51.5	46.1	46.5	47.0	47.3	45.1	40.6	37.9	36.6	35.4	31.5	26.3	20.7	20.5	21.0	22.1	20.7
2018/01/18 16:53:22	55.6	32.4	32.4	50.3	50.3	59.1	59.1	59.1	59.1	56.2	56.2	54.6	50.0	51.1	46.9	44.3	44.0	45.7	46.3	46.7	47.4	47.2	42.0	38.2	36.9	35.6	30.8	26.8	21.3	20.5	21.0	22.2	20.7
2018/01/18 16:53:23	57.0	31.9	31.9	49.2	49.2	58.8	58.8	59.4	59.4	59.5	58.4	57.2	51.9	51.1	49.1	44.5	45.5	46.0	47.3	49.0	48.6	48.1	43.4	39.0	37.7	37.4	33.7	28.4	21.8	20.3	20.9	21.8	20.7
2018/01/18 16:53:24	57.5	29.7	29.7	49.1	49.1	58.5	58.5	60.3	60.3	58.5	54.4	56.0	49.8	49.9	49.5	45.3	44.9	45.9	49.5	49.7	48.5	49.1	44.6	40.5	39.5	39.4	35.5	30.5	23.5	20.5	21.2	22.1	20.8
2018/01/18 16:53:25	59.7	29.4	29.4	48.8	48.8	57.4	57.4	57.8	57.8	54.1	51.1	50.8	47.2	51.1	54.3	48.4	48.2	48.5	50.7	52.3	50.3	51.8	47.5	44.0	42.1	42.4	39.0	35.0	28.0	22.9	21.9	22.4	20.7
2018/01/18 16:53:26	62.5	33.9	33.9	55.5	55.5	63.2	63.2	59.7	59.7	56.6	54.7	55.2	50.9	53.4	56.3	51.7	52.5	52.9	52.8	54.2	52.9	53.0	50.7	47.4	48.3	48.1	45.7	42.9	34.7	26.2	23.7	23.1	21.7
2018/01/18 16:53:27	63.5	31.0	31.0	54.3	54.3	61.1	61.1	57.5	57.5	54.3	52.5	56.9	51.9	55.5	58.0	53.5	55.3	55.2	54.5	55.1	54.0	53.7	48.7	46.5	48.8	46.9	46.8	43.5	35.3	28.5	25.0	23.4	21.7
2018/01/18 16:53:28	60.9	28.6	28.6	50.6	50.6	58.9	58.9	56.9	56.9	54.0	52.6	54.6	50.8	56.6	53.0	51.6	51.8	52.6	52.0	52.6	51.9	50.5	45.5	43.5	47.1	44.0	43.4	40.9	31.4	24.9	22.8	22.3	21.0
2018/01/18 16:53:29	59.1	27.0	27.0	46.1	46.1	56.0	56.0	59.3	59.3	54.2	51.3	56.4	52.1	53.5	51.2	48.9	49.3	50.0	50.6	51.7	49.5	49.0	44.0	42.3	44.2	41.7	39.8	38.0	27.1	22.4	21.5	22.2	20.8
2018/01/18 16:53:30	57.6	26.1	26.1	47.7	47.7	55.1	55.1	55.3	55.3	52.3	48.2	51.1	48.4	52.5	50.2	48.1	47.1	47.1	49.3	50.5	49.3	47.2	42.5	41.0	42.2	40.0	36.3	32.6	23.7	21.1	21.0	22.0	20.6
2018/01/18 16:53:31	59.7	26.1	26.1	41.7	41.7	52.6	52.6	56.1	56.1	54.8	49.6	53.2	52.8	53.2	50.0	50.3	48.1	50.2	52.5	52.0	51.1	49.6	45.5	43.7	43.3	42.7	38.0	35.1	25.1	21.9	21.1	22.4	20.9
2018/01/18 16:53:32	64.8	27.3	27.3	49.1	49.1	56.0	56.0	58.7	58.7	56.4	51.5	56.8	53.6	56.5	53.4	54.3	52.7	54.2	58.3	57.9	56.7	55.0	49.0	47.9	47.9	46.9	44.3	40.9	31.6	25.4	22.2	22.5	21.0
2018/01/18 16:53:33	68.8	28.7	28.7	53.5	53.5	60.0	60.0	62.6	62.6	61.8	56.2	60.3	59.0	60.4	57.8	59.8	59.1	58.6	62.3	61.4	60.3	58.5	53.3	52.3	52.0	51.7	50.0	47.0	38.9	31.8	26.7	25.1	22.7
2018/01/18 16:53:34	73.2	36.3	36.3	54.4	54.4	65.1	65.1	66.5	66.5	67.0	64.7	66.7	63.8	68.5	66.1	64.7	65.1	63.2	64.0	64.3	63.7	62.0	58.9	56.6	60.1	59.2	58.4	56.0	48.5	41.9	38.3	36.0	34.5
2018/01/18 16:53:35	75.0	39.3	39.3	62.4	62.4	70.6	70.6	67.8	67.8	71.0	68.8	72.7	64.7	70.5	67.0	66.5	67.7	61.9	62.1	64.3	62.2	63.7	61.4	61.5	64.0	63.5	63.5	59.6	51.7	46.0	42.4	41.1	40.8
2018/01/18 16:53:36	66.7	32.9	32.9	50.1	50.1	58.9	58.9	59.4	59.4	61.7	59.3	62.3	60.6	63.2	56.4	59.3	57.6	55.2	57.3	58.0	55.0	56.4	51.9	53.0	54.1	53.6	52.2	47.2	39.2	31.8	27.9	26.2	24.8
2018/01/18 16:53:37	65.6	30.1	30.1	49.5	49.5	58.0	58.0	57.6	57.6	56.9	55.4	59.8	53.1	58.7	57.3	55.9	53.9	54.0	57.9	57.1	55.2	55.8	51.1	51.5	53.7	52.4	50.5	45.3	35.5	27.1	23.1	22.6	21.3
2018/01/18 16:53:38	62.8	29.8	29.8	47.2	47.2	55.4	55.4	54.8	54.8	52.4	50.7	56.2	51.8	55.7	52.2	54.1	52.5	52.1	55.0	54.3	53.4	52.3	49.2	48.2	49.8	49.0	46.6	41.2	31.9	24.5	21.6	22.1	20.9
2018/01/18 16:53:39	62.3	27.6	27.6	44.7	44.7	54.4	54.4	54.1	54.1	50.1	48.1	55.7	51.1	55.8	51.7	51.1	51.3	52.8	53.5	53.6	53.0	52.9	50.6	48.1	48.1	47.8	45.9	41.2	33.1	26.3	23.0	22.9	21.4
2018/01/18 16:53:40	65.1	27.5	27.5	43.8	43.8	54.6	54.6	55.2	55.2	52.4	52.6	54.6	50.1	55.9	55.1	53.8	53.0	54.0	55.4	56.7	57.8	56.1	53.3	50.7	50.5	49.7	49.2	44.3	38.4	31.2	27.1	26.5	23.5
2018/01/18 16:53:41	66.9	34.6	34.6	47.9	47.9	60.8	60.8	61.4	61.4	54.1	52.5	54.3	52.1	57.5	56.5	57.5	55.4	57.1	59.0	58.4	59.2	57.5	54.3	52.0	51.1	50.4	48.4	43.9	36.8	30.6	27.2	25.7	23.5
2018/01/18 16:53:42	59.7	35.0	35.0	47.7	47.7	58.9	58.9	59.2	59.2	49.9	46.0	48.8	46.0	52.7	50.6	49.5	48.1	50.5	50.9	51.9	51.8	51.1	47.7	43.6	41.7	41.1	38.4	33.2	26.2	21.9	21.5	22.1	20.9
2018/01/18 16:53:43	55.4	31.6	31.6	51.8	51.8	59.7	59.7	57.4	57.4	49.1	47.9	49.1	47.3	49.0	46.5	43.7	44.6	44.3	46.4	47.1	47.9	47.1	42.3	38.9	37.5	36.2	33.7	29.1	23.1	21.2	21.1	22.1	20.8
2018/01/18 16:53:44	52.8	29.1	29.1	43.1	43.1	58.2	58.2	61.3	61.3	54.7	49.3	52.4	48.3	49.9	46.0	42.2	42.5	43.2	43.6	44.4	43.4	42.3	37.6	35.3	36.0	32.4	29.6	25.3	20.8	20.2	20.7	21.9	20.4
2018/01/18 16:53:45	52.3	30.4	30.4	43.2	43.2	58.0	58.0	65.2	65.2	62.1	51.5	53.8	50.5	49.3	45.3	41.5	41.5	42.4	41.0	41.2	41.6	39.3	36.0	32.9	33.1	35.2	31.1	29.0	24.1	22.6	22.3	22.9	21.6
