DataTime                     	dB(A)	16	20	25	31.5	40	50	63	80	100	125	160	200	250	315	400	500	630	800	1000	1250	1600	2000	2500	3150	4000	5000	6300	8000	10000	12500	16000	20000
2018/01/18 16:58:31	70.6	29.9	29.9	45.9	45.9	61.9	61.9	69.9	69.9	66.1	58.8	65.5	61.5	65.0	63.9	59.2	62.0	60.7	64.0	63.8	62.8	57.5	53.3	50.7	50.9	52.2	50.0	45.8	39.0	35.0	29.0	28.1	26.2
2018/01/18 16:58:32	65.2	30.2	30.2	45.4	45.4	59.0	59.0	67.2	67.2	63.9	49.8	57.9	52.6	59.0	57.7	53.1	54.6	54.2	55.5	58.5	58.2	55.1	50.3	47.4	47.0	48.1	44.4	40.9	34.2	30.4	24.9	24.2	23.3
2018/01/18 16:58:33	60.9	27.2	27.2	43.8	43.8	51.6	51.6	57.2	57.2	55.9	47.3	51.0	47.5	54.0	50.8	47.4	50.1	50.3	50.7	54.0	54.8	51.9	45.0	41.1	41.7	42.3	38.5	37.2	27.8	25.4	22.8	22.7	21.4
2018/01/18 16:58:34	57.9	25.8	25.8	41.7	41.7	52.7	52.7	54.5	54.5	49.6	47.0	48.1	45.5	49.0	47.1	43.7	45.9	46.6	48.0	50.6	51.9	50.1	43.7	38.7	37.1	37.5	33.4	30.6	23.1	21.8	21.3	22.0	20.8
2018/01/18 16:58:35	56.6	28.5	28.5	40.9	40.9	52.1	52.1	54.7	54.7	50.3	46.9	49.8	43.9	50.0	44.9	42.2	46.3	46.9	46.1	49.0	50.1	48.7	43.2	39.0	36.4	35.3	31.5	28.4	21.6	21.3	20.9	22.1	21.0
2018/01/18 16:58:36	55.9	25.1	25.1	40.6	40.6	51.2	51.2	53.2	53.2	48.3	47.6	49.4	42.5	49.5	46.7	42.4	44.9	45.3	44.9	48.1	49.5	47.8	42.8	38.3	37.1	35.4	31.6	28.1	22.0	21.1	21.1	22.0	20.9
2018/01/18 16:58:37	55.5	27.6	27.6	41.7	41.7	52.2	52.2	53.9	53.9	48.2	45.3	50.1	45.5	48.9	45.1	41.8	45.6	45.2	45.3	47.8	48.9	46.8	42.3	38.3	35.3	37.5	30.9	27.2	21.3	20.7	21.1	22.0	20.9
2018/01/18 16:58:38	54.3	26.2	26.2	42.3	42.3	49.3	49.3	50.4	50.4	47.1	44.8	47.5	41.5	49.1	46.2	45.6	47.6	47.8	44.7	46.3	46.8	43.5	38.2	33.6	33.7	32.5	29.4	25.5	20.9	21.0	21.2	22.1	20.8
2018/01/18 16:58:39	53.3	25.0	25.0	42.2	42.2	50.2	50.2	50.4	50.4	47.2	45.1	47.6	41.3	45.7	44.0	43.4	48.1	46.0	44.0	45.7	44.6	41.8	37.5	34.6	34.8	34.2	32.1	28.5	23.9	21.3	21.6	22.5	21.2
2018/01/18 16:58:40	52.3	26.4	26.4	39.5	39.5	49.5	49.5	52.3	52.3	49.1	45.0	46.9	42.0	45.5	43.8	42.6	43.3	43.4	40.8	43.0	43.1	41.0	37.5	37.1	38.3	40.3	39.7	36.5	30.8	24.0	23.1	23.8	22.4
2018/01/18 16:58:41	50.9	26.0	26.0	41.3	41.3	50.1	50.1	50.6	50.6	46.3	45.4	48.0	41.5	45.5	43.6	42.0	44.0	44.2	41.1	42.8	41.9	39.1	34.4	33.1	33.8	34.5	33.0	30.8	24.7	21.6	21.1	22.1	20.8
2018/01/18 16:58:42	50.5	27.6	27.6	41.0	41.0	49.0	49.0	48.9	48.9	45.3	44.6	47.6	42.7	46.9	43.0	40.3	43.3	42.8	41.7	41.2	40.9	38.6	34.9	33.4	34.5	35.9	33.9	30.9	24.9	21.8	21.6	22.2	21.1
2018/01/18 16:58:43	52.9	26.9	26.9	46.5	46.5	55.1	55.1	55.9	55.9	54.5	51.6	57.1	50.3	52.3	48.3	44.0	45.0	43.2	44.0	42.1	40.3	38.4	35.0	33.3	34.5	37.9	34.0	33.1	26.7	24.6	22.8	22.7	21.2
2018/01/18 16:58:44	49.7	24.8	24.8	38.0	38.0	47.4	47.4	49.4	49.4	45.5	45.2	47.4	41.4	44.6	43.3	40.0	43.0	42.2	40.9	41.4	40.3	37.0	34.0	32.1	32.8	33.4	31.0	29.1	23.4	21.3	21.3	22.1	20.8
2018/01/18 16:58:45	49.4	26.7	26.7	39.2	39.2	48.4	48.4	48.9	48.9	45.3	45.2	46.6	42.8	46.2	43.0	40.7	43.3	41.0	40.5	41.2	39.5	36.5	33.3	31.9	32.8	34.2	30.4	28.1	22.3	21.1	21.2	22.2	21.0
2018/01/18 16:58:46	51.4	28.6	28.6	42.9	42.9	49.2	49.2	50.4	50.4	47.9	44.2	47.0	44.9	47.1	44.1	42.8	44.6	42.9	43.1	43.9	41.1	38.2	35.5	33.7	35.4	36.6	32.6	31.0	23.7	22.3	21.5	22.6	20.7
2018/01/18 16:58:47	52.7	24.4	24.4	42.0	42.0	50.9	50.9	51.4	51.4	47.4	46.2	47.5	44.8	47.9	44.1	43.0	44.9	44.4	43.9	44.4	42.6	39.8	37.8	36.3	38.1	40.6	36.2	33.8	27.0	23.6	22.6	22.6	21.1
2018/01/18 16:58:48	52.7	25.0	25.0	44.1	44.1	52.3	52.3	51.1	51.1	47.1	45.4	47.5	46.3	48.0	43.8	42.8	44.0	43.7	43.6	44.9	44.2	40.7	37.9	35.6	37.6	39.3	34.7	33.2	25.2	22.9	22.4	22.3	21.0
2018/01/18 16:58:49	54.4	25.3	25.3	42.6	42.6	51.2	51.2	51.6	51.6	47.3	46.6	49.0	46.9	48.9	46.4	43.9	45.6	44.5	45.9	47.0	46.4	41.6	39.0	36.8	38.8	40.7	35.4	33.7	25.8	23.4	22.2	22.3	21.1
2018/01/18 16:58:50	55.2	25.6	25.6	39.6	39.6	51.2	51.2	52.2	52.2	47.6	47.6	48.8	45.0	48.9	45.4	43.1	45.7	44.5	46.7	48.8	47.2	44.1	40.6	38.6	39.3	40.8	35.8	33.9	26.3	24.1	22.4	22.2	20.9
2018/01/18 16:58:51	57.8	25.0	25.0	44.6	44.6	53.3	53.3	52.1	52.1	47.9	46.9	49.9	46.8	50.0	48.1	45.6	47.1	48.1	48.2	51.4	50.6	46.9	44.0	41.1	42.3	42.6	37.0	35.0	27.5	24.5	22.9	22.5	21.5
2018/01/18 16:58:52	63.0	29.7	29.7	47.5	47.5	56.1	56.1	55.9	55.9	52.3	50.8	53.3	49.6	52.9	51.2	49.1	50.9	51.6	53.3	56.1	56.8	52.1	49.8	46.5	47.8	48.8	42.4	42.8	34.0	30.1	25.1	23.0	21.4
2018/01/18 16:58:53	70.1	30.7	30.7	49.2	49.2	59.2	59.2	59.3	59.3	55.9	56.2	57.7	57.3	60.7	56.9	57.8	57.2	60.3	59.6	63.8	64.4	59.0	55.4	52.6	53.1	54.1	50.1	48.2	40.0	36.6	30.6	27.9	25.8
2018/01/18 16:58:54	67.8	29.4	29.4	47.4	47.4	58.0	58.0	59.4	59.4	55.0	53.4	57.5	55.0	58.7	56.0	55.5	57.9	57.7	59.0	60.7	60.7	56.9	54.1	51.2	52.3	53.7	50.4	47.7	41.8	37.4	31.1	27.3	25.4
2018/01/18 16:58:55	66.0	28.2	28.2	46.1	46.1	53.5	53.5	54.5	54.5	51.0	51.6	57.0	56.0	55.6	55.0	55.0	55.6	54.3	56.3	58.4	57.3	56.0	51.8	49.2	53.4	54.9	49.8	50.1	45.2	40.8	34.8	30.4	28.0
2018/01/18 16:58:56	70.7	33.6	33.6	52.8	52.8	61.9	61.9	60.0	60.0	56.7	56.2	60.7	57.4	60.5	57.2	57.6	58.0	60.1	60.4	63.7	60.6	60.4	55.8	54.5	60.1	59.7	55.9	56.2	49.9	46.4	40.0	35.3	34.1
2018/01/18 16:58:57	73.2	42.6	42.6	55.3	55.3	68.7	68.7	68.7	68.7	60.1	63.5	69.7	68.3	64.6	59.5	61.3	61.4	63.9	63.5	63.8	62.5	62.1	58.0	56.6	61.2	63.2	60.3	59.1	52.5	47.7	42.4	38.7	37.3
2018/01/18 16:58:58	68.7	37.1	37.1	50.4	50.4	64.1	64.1	64.8	64.8	55.5	57.8	64.9	63.9	60.3	56.9	54.9	55.0	57.5	56.7	61.5	59.6	57.9	53.8	54.4	56.5	56.5	56.0	51.5	45.1	37.6	32.8	29.9	27.5
2018/01/18 16:58:59	64.1	29.9	29.9	44.2	44.2	58.7	58.7	60.1	60.1	51.6	52.3	53.7	52.3	54.9	52.6	51.4	52.1	52.3	55.2	56.2	55.8	52.6	49.4	49.4	51.9	52.3	50.9	46.3	39.5	31.6	25.9	23.7	21.8
2018/01/18 16:59:00	59.9	28.6	28.6	41.7	41.7	55.1	55.1	58.2	58.2	52.3	48.4	50.5	49.0	52.5	50.3	51.1	50.1	50.1	51.4	51.9	51.6	49.3	45.9	44.1	45.8	44.8	43.2	39.5	32.6	26.4	23.0	22.3	21.0
2018/01/18 16:59:01	57.1	24.9	24.9	41.1	41.1	55.2	55.2	58.2	58.2	51.2	48.6	48.7	47.6	50.9	48.2	47.0	47.1	49.4	48.7	49.7	48.5	45.2	42.2	40.2	42.1	41.4	39.3	34.4	28.4	23.4	21.9	22.2	21.1
2018/01/18 16:59:02	54.3	24.5	24.5	39.4	39.4	51.2	51.2	53.1	53.1	48.5	45.3	46.9	43.8	47.9	45.6	45.0	43.0	46.1	45.8	47.0	46.1	43.6	40.0	37.5	38.4	38.1	35.0	30.5	24.6	21.4	21.1	32.1	23.5
2018/01/18 16:59:03	52.4	24.5	24.5	39.0	39.0	49.9	49.9	51.5	51.5	47.4	46.3	47.2	43.1	47.1	43.6	41.8	44.0	44.6	44.5	44.4	43.6	40.9	38.0	36.0	36.4	35.9	33.2	29.3	24.1	21.0	21.4	32.8	21.5
2018/01/18 16:59:04	50.9	24.8	24.8	37.1	37.1	48.1	48.1	49.5	49.5	46.4	45.7	45.0	40.7	43.5	41.7	39.5	42.5	42.0	42.5	42.9	41.3	39.3	35.8	33.8	33.9	33.9	30.5	27.1	22.0	21.2	21.3	49.3	22.7
2018/01/18 16:59:05	49.3	23.6	23.6	36.2	36.2	45.4	45.4	46.9	46.9	44.1	43.7	44.2	39.9	42.7	40.8	40.3	38.8	41.6	40.9	41.8	41.1	37.7	35.4	32.0	32.3	32.3	29.8	27.0	22.4	21.2	21.2	22.2	21.0
2018/01/18 16:59:06	49.4	23.5	23.5	36.4	36.4	45.6	45.6	46.9	46.9	44.0	45.1	44.9	40.9	40.9	42.2	41.2	40.3	40.9	41.4	42.0	40.1	37.1	34.1	31.7	31.6	31.7	28.4	25.2	21.1	20.9	21.0	45.2	20.8
2018/01/18 16:59:07	50.2	24.5	24.5	37.7	37.7	47.0	47.0	49.6	49.6	48.2	47.0	46.3	42.2	43.5	43.7	44.2	40.5	41.4	42.2	42.2	40.3	38.1	34.3	33.3	33.9	35.5	30.9	28.6	22.6	21.4	21.3	22.1	20.8
2018/01/18 16:59:08	52.0	24.8	24.8	39.6	39.6	48.6	48.6	49.6	49.6	47.5	46.9	48.3	42.3	46.1	43.3	41.0	40.9	43.0	43.4	43.3	42.9	40.2	37.7	36.4	37.8	40.3	37.0	34.8	26.9	22.8	21.9	22.4	21.1
2018/01/18 16:59:09	51.0	25.8	25.8	42.7	42.7	51.5	51.5	49.4	49.4	45.5	46.4	46.0	40.1	44.4	41.3	39.8	40.0	41.6	42.1	43.3	42.7	40.1	37.1	34.0	36.3	37.9	34.1	31.3	24.1	21.6	21.4	22.2	20.9
2018/01/18 16:59:10	52.9	24.7	24.7	41.1	41.1	50.4	50.4	51.4	51.4	49.4	48.5	47.1	41.9	46.0	44.0	42.3	42.3	44.4	44.4	45.3	44.0	40.1	38.7	36.3	37.1	38.9	38.7	36.2	30.1	24.1	22.7	23.4	23.1
2018/01/18 16:59:11	53.5	25.8	25.8	43.2	43.2	49.2	49.2	49.7	49.7	50.0	49.7	48.1	41.8	46.1	43.5	42.8	43.4	44.6	44.9	45.7	45.4	42.6	40.1	36.7	37.0	38.1	37.2	34.3	29.3	23.0	22.6	23.0	21.6
2018/01/18 16:59:12	54.1	27.8	27.8	45.6	45.6	53.7	53.7	53.0	53.0	50.6	50.8	47.7	40.9	46.6	44.6	41.4	43.0	44.2	45.9	47.0	46.6	43.0	42.0	37.3	37.3	35.9	31.7	27.2	21.7	21.4	21.3	22.2	20.9
2018/01/18 16:59:13	55.1	27.6	27.6	41.4	41.4	49.9	49.9	50.4	50.4	50.0	48.4	47.9	41.6	46.6	45.9	41.6	43.4	44.9	46.3	48.2	47.7	45.7	42.8	39.5	38.4	36.1	33.1	28.1	22.2	21.5	21.5	22.1	20.9
2018/01/18 16:59:14	55.7	25.0	25.0	46.4	46.4	52.5	52.5	50.4	50.4	50.0	48.6	46.9	40.4	46.2	45.2	42.7	44.0	44.2	46.7	48.7	48.2	46.8	44.3	40.0	38.3	36.0	33.5	29.0	22.7	21.3	21.1	21.8	20.7
2018/01/18 16:59:15	58.2	26.2	26.2	44.2	44.2	51.4	51.4	52.0	52.0	51.8	48.7	48.7	44.1	50.1	48.7	45.4	44.6	47.6	49.3	51.0	51.0	49.3	46.8	42.7	40.9	39.2	36.0	29.2	23.3	21.4	21.1	21.9	20.5
2018/01/18 16:59:16	63.9	26.5	26.5	44.0	44.0	52.7	52.7	54.5	54.5	57.3	57.3	55.0	49.5	55.0	53.9	49.3	51.9	52.4	55.0	58.4	56.2	53.6	51.1	47.9	45.9	45.2	42.0	36.0	29.5	26.0	23.5	22.9	21.5
2018/01/18 16:59:17	68.2	27.8	27.8	41.7	41.7	53.4	53.4	57.5	57.5	57.0	56.1	57.5	54.7	59.0	58.1	56.3	57.5	57.8	58.6	62.4	60.9	57.3	55.4	52.7	50.5	50.0	47.9	41.9	33.7	29.7	25.9	25.0	23.1
2018/01/18 16:59:18	68.5	30.3	30.3	44.6	44.6	55.9	55.9	59.3	59.3	57.0	57.0	57.8	52.8	60.5	59.5	56.3	55.5	57.2	57.2	62.2	62.3	59.2	54.5	50.8	50.6	50.5	45.6	42.8	34.1	31.8	26.5	25.3	23.3
2018/01/18 16:59:19	62.9	28.0	28.0	44.3	44.3	53.8	53.8	56.0	56.0	55.9	54.2	52.9	49.4	53.1	54.6	52.4	51.0	51.8	52.5	56.3	56.5	52.9	48.6	45.6	46.6	47.0	40.8	38.6	29.0	26.1	23.4	22.7	21.2
2018/01/18 16:59:20	61.8	29.0	29.0	46.8	46.8	54.6	54.6	58.1	58.1	56.7	53.2	55.8	48.8	51.9	52.2	52.5	50.8	51.7	53.4	54.7	52.4	51.7	48.1	45.7	48.2	48.4	43.2	42.6	33.4	29.8	26.0	23.7	22.2
2018/01/18 16:59:21	65.6	32.9	32.9	49.8	49.8	56.9	56.9	60.8	60.8	58.5	57.5	59.2	52.0	55.4	55.7	54.5	53.8	55.3	56.5	59.3	58.1	54.5	51.5	48.2	51.3	50.5	45.3	45.5	36.3	33.0	28.3	25.1	23.4
2018/01/18 16:59:22	67.8	39.1	39.1	53.6	53.6	59.3	59.3	63.1	63.1	61.5	58.1	60.4	53.7	58.2	57.5	56.2	56.3	58.6	59.7	61.3	59.6	57.2	53.7	51.8	53.2	50.8	46.7	44.6	35.1	31.4	26.9	24.5	22.8
2018/01/18 16:59:23	66.9	42.2	42.2	57.2	57.2	62.5	62.5	63.5	63.5	61.5	57.8	60.8	54.9	59.3	58.6	56.3	56.4	55.8	59.0	60.8	58.0	56.0	53.0	50.6	51.6	51.1	46.9	44.8	36.6	32.5	28.4	27.7	25.5
2018/01/18 16:59:24	68.7	39.2	39.2	57.2	57.2	63.0	63.0	63.9	63.9	62.5	58.4	60.5	58.9	63.1	59.6	60.5	59.0	58.2	60.4	61.6	60.1	57.4	54.4	52.8	53.4	53.8	50.1	48.3	39.7	36.7	34.5	34.2	31.1
2018/01/18 16:59:25	69.9	36.8	36.8	52.7	52.7	60.7	60.7	66.1	66.1	64.8	61.3	63.0	61.9	65.1	59.5	62.7	59.3	57.9	58.7	62.2	61.6	58.9	55.9	53.5	55.8	57.7	53.9	53.5	45.5	43.2	40.2	39.7	38.8
2018/01/18 16:59:26	71.4	40.6	40.6	54.0	54.0	61.8	61.8	71.2	71.2	69.3	64.2	67.3	63.5	67.3	61.7	63.4	59.9	59.4	60.6	60.5	60.6	60.7	58.9	56.8	58.5	61.0	58.6	55.1	48.5	45.2	41.7	41.3	40.8
2018/01/18 16:59:27	70.0	38.3	38.3	49.3	49.3	59.6	59.6	65.3	65.3	62.9	62.8	67.2	63.1	63.5	60.8	58.4	58.3	59.4	58.0	59.5	60.1	59.9	57.8	56.1	57.2	59.7	57.2	52.6	45.1	40.3	36.5	34.6	33.7
2018/01/18 16:59:28	66.1	31.4	31.4	44.4	44.4	53.8	53.8	58.2	58.2	57.6	57.5	63.1	58.5	57.2	57.1	56.2	54.7	55.5	54.2	54.6	55.2	56.2	54.7	53.9	53.8	54.5	53.4	50.2	41.2	33.9	30.4	29.1	27.7
2018/01/18 16:59:29	59.1	32.7	32.7	45.7	45.7	57.1	57.1	59.7	59.7	55.0	51.6	56.3	51.9	52.4	52.2	48.3	46.4	48.2	49.5	48.9	50.6	48.1	47.1	45.8	45.5	45.7	44.8	39.4	32.2	27.2	24.4	24.1	22.5
2018/01/18 16:59:30	56.7	26.3	26.3	39.4	39.4	50.3	50.3	54.6	54.6	52.3	48.8	53.6	48.6	49.0	49.5	46.7	45.9	46.8	47.9	48.0	47.6	46.2	43.6	42.3	42.2	43.0	41.1	35.6	28.8	24.5	22.4	22.6	21.0
2018/01/18 16:59:31	54.9	24.6	24.6	38.9	38.9	48.5	48.5	52.4	52.4	50.3	48.0	50.6	45.4	46.5	47.9	43.3	43.0	45.1	45.3	46.4	47.6	44.4	41.9	39.8	39.7	40.3	38.7	33.6	26.6	22.8	21.9	22.5	21.3
2018/01/18 16:59:32	53.7	25.6	25.6	40.4	40.4	49.2	49.2	51.0	51.0	48.6	46.8	48.2	42.6	46.0	45.3	44.8	42.3	43.3	45.1	45.2	45.6	43.4	41.5	38.4	38.4	38.4	36.8	32.1	25.1	22.0	21.5	22.3	21.0
2018/01/18 16:59:33	53.5	26.5	26.5	41.8	41.8	49.9	49.9	51.9	51.9	51.8	48.6	49.2	44.0	48.4	46.3	43.5	43.1	43.2	44.3	44.4	44.6	43.6	40.7	38.8	39.0	39.2	36.3	32.3	24.0	21.7	21.1	22.2	20.8
2018/01/18 16:59:34	53.7	25.1	25.1	40.3	40.3	49.1	49.1	51.0	51.0	53.1	50.3	49.7	42.4	48.4	45.5	43.1	43.0	44.0	45.6	45.1	44.1	43.2	40.5	38.9	39.7	39.2	36.7	32.8	24.8	21.8	21.2	22.1	20.9
2018/01/18 16:59:35	53.8	25.0	25.0	43.0	43.0	51.5	51.5	51.8	51.8	49.8	45.6	48.0	41.5	47.4	45.0	42.6	42.0	43.5	44.9	44.0	44.2	44.7	41.7	40.2	40.5	40.1	37.9	32.7	25.4	21.5	21.0	22.1	20.8
2018/01/18 16:59:36	53.6	25.8	25.8	41.5	41.5	50.5	50.5	50.7	50.7	47.8	46.4	51.6	46.6	46.0	46.2	42.6	42.4	42.4	44.4	45.3	44.7	43.2	41.8	38.9	39.7	38.9	36.0	30.7	23.7	21.0	21.0	21.9	20.7
2018/01/18 16:59:37	53.3	24.2	24.2	37.1	37.1	46.7	46.7	49.6	49.6	48.3	47.5	51.6	44.6	47.9	45.9	41.7	42.4	43.7	43.9	45.9	44.9	42.9	39.3	37.6	37.8	37.3	33.8	28.5	21.9	20.7	21.0	22.1	20.7
2018/01/18 16:59:38	53.2	24.1	24.1	39.9	39.9	48.8	48.8	49.9	49.9	47.8	48.8	49.5	41.5	46.2	45.3	41.6	42.1	43.8	43.5	46.2	45.2	42.9	39.8	36.9	36.8	36.8	34.1	29.4	23.1	20.9	21.1	21.9	20.5
2018/01/18 16:59:39	53.7	25.0	25.0	40.8	40.8	48.1	48.1	47.8	47.8	47.3	45.9	46.8	43.6	46.7	44.5	40.9	43.3	46.8	44.1	46.3	45.7	43.6	40.7	37.7	36.9	35.8	33.3	28.4	22.6	20.5	21.0	21.8	20.7
2018/01/18 16:59:40	53.7	25.4	25.4	39.0	39.0	47.5	47.5	48.0	48.0	46.0	42.6	45.5	43.5	44.7	44.3	40.9	43.5	44.4	44.9	46.7	46.1	43.8	41.3	38.1	36.9	35.4	32.6	27.3	22.1	20.7	21.1	21.9	20.6
2018/01/18 16:59:41	54.7	25.6	25.6	39.0	39.0	45.0	45.0	46.4	46.4	45.6	44.0	45.6	40.9	43.9	43.5	38.9	42.7	44.7	46.4	46.9	46.9	46.4	42.4	39.4	38.4	36.4	33.8	29.2	23.4	21.0	21.0	21.9	20.7
2018/01/18 16:59:42	56.2	25.2	25.2	39.1	39.1	45.2	45.2	46.8	46.8	45.7	42.6	44.8	39.2	45.2	44.5	42.5	44.7	46.3	48.9	48.8	48.1	47.8	43.0	40.4	39.1	37.1	33.9	28.8	23.5	21.0	21.3	22.0	21.0
2018/01/18 16:59:43	58.6	25.1	25.1	40.9	40.9	48.0	48.0	47.3	47.3	47.5	44.7	45.5	41.0	48.2	46.2	43.8	47.5	49.7	52.0	51.2	50.4	49.1	45.6	42.5	41.1	38.8	36.0	29.1	22.6	21.1	20.9	21.6	20.7
2018/01/18 16:59:44	63.9	24.3	24.3	40.0	40.0	48.9	48.9	51.0	51.0	49.6	48.5	51.0	49.4	53.5	53.4	50.8	52.5	55.0	56.2	57.8	56.4	54.3	49.6	46.5	45.5	44.1	41.5	34.7	28.8	24.1	21.8	22.6	21.0
2018/01/18 16:59:45	70.1	31.6	31.6	46.8	46.8	54.0	54.0	57.8	57.8	56.4	54.1	58.7	55.4	60.1	58.5	57.5	60.8	61.6	62.9	63.4	62.3	59.6	56.6	53.3	52.4	52.0	49.1	43.3	36.8	30.0	25.0	24.1	22.6
2018/01/18 16:59:46	67.9	29.1	29.1	44.6	44.6	50.1	50.1	51.8	51.8	53.4	55.3	57.3	54.4	60.5	56.2	56.6	56.8	57.1	58.8	60.7	61.5	58.9	52.9	49.3	49.4	50.5	44.8	44.0	35.5	30.7	25.4	24.1	22.1
2018/01/18 16:59:47	60.2	28.4	28.4	40.6	40.6	50.0	50.0	50.8	50.8	47.8	47.7	49.3	48.6	54.4	52.3	50.0	49.6	49.3	52.8	53.5	52.0	50.4	45.6	41.6	42.5	43.8	38.2	34.5	25.8	23.0	21.7	22.5	21.0
2018/01/18 16:59:48	57.3	23.6	23.6	39.5	39.5	49.0	49.0	50.2	50.2	48.0	47.5	48.2	43.1	49.9	47.3	47.8	46.6	46.0	50.5	49.2	49.2	48.3	44.3	40.1	39.6	39.5	35.2	30.7	23.6	21.4	21.3	22.2	20.9
2018/01/18 16:59:49	55.3	26.3	26.3	44.0	44.0	54.6	54.6	54.8	54.8	47.7	46.9	49.8	44.5	47.1	44.0	42.7	44.7	44.3	46.4	48.7	47.7	46.2	42.0	38.6	38.1	37.9	33.7	29.7	22.5	20.8	21.2	22.2	20.9
2018/01/18 16:59:50	57.3	24.4	24.4	40.4	40.4	50.8	50.8	53.9	53.9	50.9	49.8	51.6	46.0	49.7	47.7	46.0	49.1	45.8	49.5	50.9	48.7	47.7	43.2	39.5	39.2	39.6	34.9	30.3	22.4	20.9	21.0	21.8	20.6
2018/01/18 16:59:51	62.9	25.3	25.3	41.0	41.0	52.8	52.8	56.1	56.1	53.0	52.4	53.8	50.8	58.0	54.3	53.5	55.2	51.7	54.8	56.5	54.4	51.8	48.0	44.6	45.3	46.4	41.2	38.8	28.5	24.4	22.3	22.3	21.0
2018/01/18 16:59:52	69.4	30.0	30.0	48.0	48.0	59.0	59.0	61.0	61.0	58.1	57.8	60.5	56.5	62.9	58.0	57.4	57.9	59.0	61.0	64.3	61.9	58.0	54.7	49.9	49.7	50.0	45.3	42.2	32.6	28.2	25.5	24.3	22.9
2018/01/18 16:59:53	65.4	28.1	28.1	48.6	48.6	57.4	57.4	57.5	57.5	53.8	52.5	56.5	52.6	56.3	56.2	52.3	53.5	53.7	56.5	59.1	58.5	56.4	52.0	48.1	46.7	46.9	42.6	38.3	28.6	24.1	22.4	22.5	21.0
2018/01/18 16:59:54	64.1	29.0	29.0	44.5	44.5	53.1	53.1	54.8	54.8	52.9	53.2	55.5	49.8	56.6	54.7	50.8	51.6	52.2	55.2	56.7	56.8	54.6	50.2	46.8	49.3	51.1	46.1	45.2	33.9	30.4	27.2	25.3	23.2
2018/01/18 16:59:55	67.8	29.1	29.1	46.4	46.4	56.5	56.5	57.3	57.3	56.8	58.7	61.2	55.3	58.3	57.2	56.1	55.5	57.7	58.6	60.1	61.6	57.2	53.1	50.6	52.3	53.7	48.8	46.9	37.5	33.5	29.5	27.8	26.2
2018/01/18 16:59:56	62.6	30.2	30.2	44.7	44.7	56.9	56.9	59.3	59.3	54.2	53.4	57.3	52.8	55.6	54.6	49.9	51.5	51.7	53.1	54.1	55.9	53.3	49.1	45.8	45.8	46.6	43.2	38.2	29.5	23.7	22.2	22.3	21.2
2018/01/18 16:59:57	57.9	29.4	29.4	43.5	43.5	52.5	52.5	54.7	54.7	52.0	48.3	50.9	45.9	51.7	48.1	46.8	47.6	48.5	49.5	50.6	50.0	48.3	45.2	41.6	40.5	39.9	36.7	31.4	23.7	21.3	21.1	21.8	20.6
2018/01/18 16:59:58	57.1	27.9	27.9	45.0	45.0	53.2	53.2	53.4	53.4	50.6	48.4	49.2	42.6	48.7	46.9	45.3	45.6	47.3	48.6	50.2	49.1	47.8	44.3	42.0	40.6	38.7	35.6	29.7	22.3	21.0	21.0	21.9	20.8
2018/01/18 16:59:59	57.2	26.9	26.9	44.0	44.0	51.7	51.7	52.7	52.7	49.6	47.7	49.1	43.4	48.6	45.8	42.4	44.8	46.2	48.1	50.9	50.0	48.5	44.1	41.1	39.2	37.9	35.1	29.8	22.3	20.6	21.1	21.9	20.7
2018/01/18 17:00:00	57.5	26.1	26.1	40.7	40.7	49.4	49.4	52.4	52.4	49.4	46.3	48.2	43.9	47.8	45.6	43.8	45.1	47.2	48.8	51.1	49.9	48.1	45.3	41.9	40.3	38.9	35.6	30.3	23.5	21.1	21.3	22.2	20.9
2018/01/18 17:00:01	60.1	23.2	23.2	40.0	40.0	49.7	49.7	51.3	51.3	49.5	48.5	50.3	46.5	51.5	49.8	46.8	47.2	48.6	51.9	54.2	51.6	50.7	47.4	44.3	43.8	43.1	40.8	35.6	28.5	23.3	22.0	22.3	21.0
2018/01/18 17:00:02	64.5	25.5	25.5	41.3	41.3	51.1	51.1	55.7	55.7	54.9	51.8	55.0	49.0	56.7	56.2	52.0	52.5	52.5	55.1	58.6	55.4	53.4	51.7	49.8	49.7	50.6	48.1	43.6	35.8	28.0	24.4	24.3	23.7
2018/01/18 17:00:03	66.4	27.4	27.4	45.4	45.4	54.5	54.5	59.3	59.3	59.7	55.3	57.4	55.7	59.2	55.9	53.7	57.8	57.2	57.8	59.8	58.1	55.2	51.6	50.5	51.0	51.3	49.6	45.3	37.3	32.1	27.1	27.9	24.1
2018/01/18 17:00:04	63.3	25.5	25.5	39.9	39.9	49.6	49.6	54.2	54.2	53.5	53.0	54.2	52.3	57.5	54.6	50.8	53.1	53.5	51.9	56.6	56.5	53.0	48.8	45.5	46.6	48.1	43.6	43.1	33.6	29.4	25.5	24.5	22.3
2018/01/18 17:00:05	58.8	26.3	26.3	45.5	45.5	52.2	52.2	54.3	54.3	54.6	50.1	51.6	50.5	54.9	50.6	47.6	49.6	50.5	50.5	51.5	50.4	47.6	44.1	41.3	42.0	42.4	37.2	35.9	25.9	23.2	22.2	23.5	21.9
2018/01/18 17:00:06	56.4	25.1	25.1	39.8	39.8	49.7	49.7	51.8	51.8	48.8	49.0	50.0	47.1	49.5	48.0	44.9	46.7	46.2	47.4	48.9	48.8	46.1	43.0	39.5	40.5	40.9	34.3	31.7	23.2	21.4	21.1	22.1	20.8
2018/01/18 17:00:07	56.0	24.8	24.8	39.8	39.8	50.4	50.4	53.8	53.8	50.7	46.6	49.5	47.9	52.6	45.6	47.3	46.4	47.5	47.9	47.3	47.7	44.9	42.5	40.2	40.7	40.1	33.8	30.1	22.6	21.2	21.1	21.8	20.8
2018/01/18 17:00:08	56.2	25.3	25.3	38.4	38.4	47.7	47.7	52.0	52.0	49.8	44.2	51.1	47.1	52.6	47.2	45.9	45.8	46.7	46.6	46.6	48.1	46.7	44.5	41.3	41.3	40.3	34.6	30.5	23.1	22.4	21.1	22.1	20.9
2018/01/18 17:00:09	57.6	24.1	24.1	40.2	40.2	48.9	48.9	50.4	50.4	48.8	45.5	55.5	54.1	53.3	48.3	46.5	47.0	47.1	47.6	49.2	49.4	47.5	44.8	42.7	42.6	42.4	37.0	33.2	24.8	22.4	21.4	22.0	20.7
2018/01/18 17:00:10	59.6	30.2	30.2	48.4	48.4	58.6	58.6	57.5	57.5	52.1	49.8	52.5	49.1	53.4	51.7	46.8	47.4	49.3	50.8	52.3	51.8	49.2	46.0	42.6	45.6	45.4	38.6	37.6	27.8	26.8	23.4	22.6	20.9
2018/01/18 17:00:11	67.8	36.1	36.1	50.6	50.6	62.0	62.0	61.9	61.9	56.8	56.9	60.6	57.7	62.4	57.6	55.3	54.1	56.3	58.7	61.6	60.1	57.5	53.3	51.0	53.7	53.0	46.6	48.3	38.5	37.4	31.0	27.4	25.5
2018/01/18 17:00:12	72.1	40.6	40.6	58.0	58.0	69.1	69.1	68.6	68.6	62.4	64.0	68.1	65.7	66.2	62.1	59.8	62.2	61.7	62.0	64.9	65.4	62.3	57.0	54.1	54.4	53.6	49.3	47.8	39.0	37.7	30.7	28.5	27.0
2018/01/18 17:00:13	65.1	31.6	31.6	48.8	48.8	58.3	58.3	57.1	57.1	53.1	51.7	59.9	55.5	57.7	56.2	52.0	53.0	52.2	54.3	57.0	58.9	56.3	52.6	48.8	48.7	49.0	43.2	38.6	29.8	24.7	22.4	22.9	21.7
2018/01/18 17:00:14	61.7	25.8	25.8	45.7	45.7	52.6	52.6	53.1	53.1	51.4	48.8	53.4	48.7	53.4	52.4	50.2	50.2	50.0	53.4	55.4	54.0	50.1	46.9	45.1	46.7	48.5	41.9	41.5	32.7	27.6	24.9	23.7	21.4
2018/01/18 17:00:15	69.0	31.0	31.0	49.1	49.1	57.7	57.7	59.1	59.1	58.0	56.4	57.0	57.1	60.9	59.5	55.4	55.7	56.4	59.3	62.9	60.7	55.9	51.8	51.4	56.1	60.0	50.7	51.4	43.8	39.2	33.5	30.1	26.5
2018/01/18 17:00:16	69.3	29.5	29.5	47.3	47.3	58.9	58.9	59.5	59.5	56.0	55.6	60.1	57.7	61.5	58.5	57.4	59.0	59.6	61.6	62.4	60.8	56.3	52.7	53.0	55.4	58.5	51.7	47.7	40.5	34.0	29.0	26.8	24.5
2018/01/18 17:00:17	60.9	29.1	29.1	44.0	44.0	55.2	55.2	55.0	55.0	49.4	48.6	53.3	49.9	54.1	52.3	47.6	47.5	49.9	50.6	53.2	53.6	51.6	47.4	44.9	46.4	47.7	42.0	36.0	28.5	23.0	21.8	22.1	20.9
2018/01/18 17:00:18	56.6	28.2	28.2	44.0	44.0	53.4	53.4	53.2	53.2	49.9	47.9	50.0	46.9	50.7	48.6	44.1	44.6	45.8	47.2	48.6	50.1	47.0	44.2	39.1	38.4	39.3	35.7	29.6	22.3	21.3	21.2	22.1	20.9
2018/01/18 17:00:19	55.9	27.5	27.5	47.3	47.3	55.3	55.3	56.4	56.4	55.0	52.8	50.5	44.5	50.8	48.0	43.8	44.4	46.7	46.3	48.0	47.3	46.3	44.3	38.8	38.9	41.0	36.0	30.6	23.4	21.1	21.6	22.0	21.0
2018/01/18 17:00:20	55.8	28.4	28.4	41.1	41.1	54.2	54.2	55.9	55.9	49.9	47.4	48.3	44.5	49.5	45.7	43.6	44.6	45.9	48.1	48.6	47.6	45.5	44.0	38.4	38.9	39.6	35.3	30.9	23.2	21.7	21.4	22.0	20.7
2018/01/18 17:00:21	56.5	29.1	29.1	45.8	45.8	57.4	57.4	57.6	57.6	50.8	51.2	49.5	45.5	50.1	46.5	45.3	46.4	46.8	49.8	49.1	47.8	45.2	42.8	39.2	39.6	41.4	35.8	34.3	25.3	23.1	21.8	22.3	20.9
2018/01/18 17:00:22	59.6	32.4	32.4	49.3	49.3	59.9	59.9	59.4	59.4	53.2	51.8	52.4	50.0	52.7	48.5	47.8	48.0	50.9	52.8	52.8	50.9	47.8	43.8	41.8	42.2	45.9	39.3	39.0	29.9	27.0	23.9	23.2	22.1
2018/01/18 17:00:23	64.0	40.3	40.3	59.5	59.5	69.0	69.0	66.5	66.5	56.7	55.4	58.0	51.7	57.4	54.0	50.9	52.6	54.3	56.4	58.2	55.8	51.8	49.0	46.1	46.1	49.3	43.1	43.3	34.8	31.7	26.7	25.2	23.3
2018/01/18 17:00:24	65.1	41.0	41.0	61.1	61.1	69.9	69.9	67.6	67.6	60.0	56.3	57.2	56.1	57.6	55.2	54.1	56.2	56.1	57.1	58.2	56.6	54.0	50.1	47.3	47.6	49.9	46.5	42.6	35.0	30.8	26.4	25.3	22.9
2018/01/18 17:00:25	65.5	32.2	32.2	49.7	49.7	58.5	58.5	59.9	59.9	59.8	57.6	56.3	53.1	58.5	55.4	51.8	52.6	54.0	56.4	59.6	57.3	56.0	51.5	47.7	49.4	51.1	46.4	47.3	39.0	35.7	31.1	28.7	24.1
2018/01/18 17:00:26	67.2	35.4	35.4	49.8	49.8	60.1	60.1	62.9	62.9	61.3	58.6	58.7	55.9	63.0	59.2	53.9	56.0	55.8	58.1	59.4	59.2	57.0	54.4	50.8	51.3	53.0	51.2	50.5	41.8	38.0	33.6	31.7	26.6
2018/01/18 17:00:27	69.6	32.7	32.7	51.8	51.8	61.0	61.0	63.3	63.3	62.1	59.5	60.1	56.5	61.2	59.1	54.1	55.3	56.5	57.2	58.8	59.6	61.5	60.4	55.0	56.2	59.9	54.6	50.9	45.1	41.4	35.8	33.4	30.0
2018/01/18 17:00:28	67.8	34.5	34.5	49.7	49.7	59.9	59.9	61.9	61.9	59.5	56.1	57.7	54.3	58.5	56.9	54.7	53.5	54.7	55.6	57.6	57.2	60.2	60.8	51.8	52.9	54.4	50.9	45.9	40.3	33.8	28.5	26.9	26.0
2018/01/18 17:00:29	64.4	39.6	39.6	52.4	52.4	56.4	56.4	59.4	59.4	57.9	54.2	55.6	52.1	56.2	55.7	51.2	52.8	52.9	52.1	55.5	55.9	55.8	54.8	49.2	50.3	51.5	47.7	43.8	37.6	33.8	29.0	27.1	26.3
2018/01/18 17:00:30	63.1	45.2	45.2	61.0	61.0	63.9	63.9	66.4	66.4	64.9	56.7	58.1	53.6	55.9	54.4	52.0	53.9	54.1	52.8	54.7	54.8	52.4	50.1	47.5	48.0	48.0	46.2	42.3	36.4	31.0	26.1	25.6	24.4
2018/01/18 17:00:31	60.6	38.2	38.2	56.3	56.3	60.4	60.4	62.6	62.6	63.3	55.3	54.1	50.5	52.7	51.9	46.2	49.7	49.1	51.0	51.5	52.9	49.9	48.9	46.2	47.7	46.4	43.7	40.2	35.1	29.2	24.0	23.4	21.8
2018/01/18 17:00:32	57.3	27.4	27.4	48.9	48.9	59.6	59.6	61.7	61.7	58.5	55.9	54.5	47.0	50.0	48.1	49.9	48.0	47.5	47.7	48.8	48.9	46.9	44.5	41.7	40.9	41.7	37.4	32.1	25.9	21.7	21.1	22.1	20.8
2018/01/18 17:00:33	54.1	26.5	26.5	43.6	43.6	50.2	50.2	50.6	50.6	50.3	48.0	47.9	40.5	46.7	45.8	41.4	43.5	43.9	45.7	46.8	47.0	44.5	41.3	37.1	35.5	34.6	31.5	25.8	21.2	20.8	21.1	22.1	20.9
2018/01/18 17:00:34	53.4	24.5	24.5	42.8	42.8	49.0	49.0	48.4	48.4	48.3	46.5	46.9	42.1	45.2	44.6	40.4	41.8	42.9	43.2	45.4	46.9	44.9	40.3	37.1	35.8	34.9	31.5	26.6	20.9	20.8	21.1	22.1	20.7
2018/01/18 17:00:35	52.6	27.8	27.8	42.3	42.3	48.2	48.2	50.1	50.1	49.5	48.9	48.7	40.5	46.1	43.3	41.1	41.4	42.6	42.6	45.3	45.2	43.4	39.7	35.7	34.6	34.4	31.6	28.5	23.0	21.7	22.2	22.9	21.2
2018/01/18 17:00:36	52.4	27.2	27.2	45.4	45.4	53.2	53.2	54.3	54.3	52.0	50.5	49.8	43.6	46.5	43.9	40.9	41.2	41.9	42.8	44.4	45.0	43.0	39.4	36.4	34.8	33.8	30.1	26.0	21.5	21.3	21.8	22.5	21.3
2018/01/18 17:00:37	52.3	27.1	27.1	42.4	42.4	52.0	52.0	52.6	52.6	48.1	45.9	45.9	41.7	45.0	42.3	40.5	41.3	42.5	43.3	43.7	46.1	42.7	39.0	35.3	33.7	32.3	29.5	24.7	21.3	20.9	21.5	22.2	21.0
2018/01/18 17:00:38	50.5	27.9	27.9	46.4	46.4	53.9	53.9	53.0	53.0	48.8	47.1	45.3	39.4	45.7	42.0	40.4	41.5	41.4	42.3	42.6	42.8	40.4	36.5	32.6	30.7	29.2	26.4	22.5	20.3	20.2	20.8	22.0	20.6
2018/01/18 17:00:39	50.1	26.9	26.9	41.9	41.9	51.2	51.2	51.9	51.9	48.8	45.5	45.7	38.8	44.1	42.3	39.4	40.4	40.9	41.6	42.9	42.3	39.4	36.4	32.7	30.5	29.2	26.0	22.6	19.9	20.8	21.1	22.2	20.7
2018/01/18 17:00:40	51.3	29.8	29.8	44.8	44.8	55.6	55.6	56.2	56.2	50.9	51.2	53.5	44.5	46.5	43.7	41.9	44.4	41.7	43.0	42.1	41.8	40.1	36.3	33.7	31.7	31.2	29.9	24.9	20.9	20.6	21.2	22.3	20.8
2018/01/18 17:00:41	49.2	23.7	23.7	39.4	39.4	48.6	48.6	48.6	48.6	45.2	45.1	45.6	38.6	42.0	41.4	38.4	40.7	39.6	41.6	42.0	40.5	38.4	35.5	32.6	31.4	29.7	27.2	23.4	20.4	20.8	21.1	22.2	20.7
2018/01/18 17:00:42	50.2	24.2	24.2	37.9	37.9	46.9	46.9	48.3	48.3	45.4	43.6	43.9	39.5	42.3	40.8	36.2	40.5	41.2	42.3	43.8	41.2	39.9	36.1	34.3	32.7	31.5	30.1	24.2	20.3	20.5	20.9	21.9	20.6
2018/01/18 17:00:43	52.1	24.4	24.4	39.2	39.2	48.1	48.1	49.0	49.0	45.7	45.6	43.8	39.2	43.6	41.9	40.3	42.9	42.5	44.9	45.3	43.9	41.4	38.5	36.2	33.9	34.5	31.2	25.3	21.2	20.4	21.3	21.9	20.5
2018/01/18 17:00:44	53.0	24.1	24.1	38.7	38.7	48.2	48.2	49.5	49.5	45.9	45.6	45.2	39.2	44.3	42.7	40.0	41.5	42.6	45.0	46.7	45.2	43.5	39.4	36.3	34.6	33.9	32.5	26.2	24.4	21.5	21.3	22.2	20.8
2018/01/18 17:00:45	54.4	23.5	23.5	37.8	37.8	45.2	45.2	47.1	47.1	45.3	46.3	45.7	39.2	44.4	43.5	42.7	44.6	44.1	47.0	48.2	46.1	44.6	40.9	37.8	36.1	34.4	32.7	25.7	20.6	20.4	20.9	21.8	20.4
2018/01/18 17:00:46	58.2	25.3	25.3	40.2	40.2	47.5	47.5	48.1	48.1	46.1	47.1	47.3	42.1	48.5	45.7	42.5	47.6	47.1	50.1	52.3	49.9	49.4	44.4	42.5	40.9	38.9	37.8	29.9	23.2	21.2	21.3	21.8	20.7
2018/01/18 17:00:47	63.9	27.7	27.7	42.1	42.1	49.8	49.8	50.7	50.7	49.3	50.6	51.6	47.3	54.7	53.7	50.5	52.1	52.5	56.8	59.6	54.7	52.9	47.9	46.5	44.5	43.3	42.3	35.8	30.3	26.5	22.7	22.5	21.1
2018/01/18 17:00:48	68.9	26.4	26.4	47.9	47.9	53.6	53.6	52.5	52.5	51.6	53.0	56.9	53.6	59.3	58.4	55.8	58.6	59.9	60.3	64.2	61.2	56.9	53.0	50.3	48.5	49.1	48.2	42.2	35.3	31.6	26.3	25.1	23.9
2018/01/18 17:00:49	67.5	28.3	28.3	48.8	48.8	54.4	54.4	53.0	53.0	49.8	50.0	54.6	53.4	59.2	57.8	54.1	57.3	56.4	57.1	63.4	60.7	55.4	49.4	46.1	46.9	49.0	43.9	41.5	34.1	33.0	26.6	24.4	23.3
2018/01/18 17:00:50	59.7	26.2	26.2	42.2	42.2	47.6	47.6	48.7	48.7	48.6	46.3	47.9	47.6	51.6	52.5	48.7	46.8	47.6	49.4	53.3	54.3	49.4	42.9	40.0	40.2	42.4	36.2	34.2	25.3	24.6	22.0	22.2	20.8
2018/01/18 17:00:51	55.4	25.0	25.0	38.4	38.4	47.3	47.3	49.2	49.2	48.5	48.4	47.8	43.9	49.0	50.0	44.6	43.4	44.1	47.7	49.6	47.5	43.9	39.9	37.6	35.8	36.5	31.6	28.9	22.0	21.3	21.2	22.0	20.7
2018/01/18 17:00:52	53.9	26.0	26.0	37.6	37.6	48.5	48.5	51.0	51.0	48.3	45.1	45.4	43.1	47.2	46.0	43.3	42.9	43.3	44.7	46.8	47.3	43.7	40.6	37.0	34.9	33.3	28.8	25.4	20.3	20.2	20.8	21.8	20.7
2018/01/18 17:00:53	53.3	24.2	24.2	38.8	38.8	48.7	48.7	49.3	49.3	46.4	45.3	45.2	39.1	45.3	44.2	41.6	42.0	43.1	43.7	45.6	46.2	43.8	41.7	38.8	35.3	33.2	29.5	24.4	19.9	20.5	20.9	21.9	20.8
2018/01/18 17:00:54	53.6	24.2	24.2	39.9	39.9	50.3	50.3	50.7	50.7	46.3	45.3	44.3	40.4	44.3	43.9	42.4	41.6	42.8	44.5	44.4	46.2	44.5	43.6	40.5	36.9	34.6	31.0	24.8	20.4	20.6	21.2	22.2	20.8
2018/01/18 17:00:55	58.9	25.5	25.5	39.6	39.6	49.0	49.0	50.5	50.5	47.6	47.7	48.1	43.3	48.5	45.9	44.1	45.9	46.4	46.3	48.1	50.4	49.8	48.8	47.3	46.0	47.2	46.0	41.1	33.3	27.8	24.5	24.5	22.6
2018/01/18 17:00:56	61.0	27.6	27.6	44.0	44.0	54.3	54.3	54.2	54.2	50.1	50.3	50.4	46.4	51.5	50.7	48.1	48.1	49.5	50.7	51.4	53.3	52.5	51.0	48.5	46.3	44.9	42.7	37.0	29.2	24.2	21.9	22.5	21.0
2018/01/18 17:00:57	66.3	30.9	30.9	47.4	47.4	58.2	58.2	57.5	57.5	52.2	50.7	53.0	50.5	55.5	55.5	52.1	53.1	54.8	54.0	57.6	58.2	58.8	56.2	53.8	50.9	50.2	50.0	43.1	34.7	27.5	24.6	24.9	22.5
2018/01/18 17:00:58	67.2	31.0	31.0	47.9	47.9	58.9	58.9	59.0	59.0	55.1	53.4	55.1	52.3	57.6	55.9	53.1	55.1	57.6	56.4	57.1	59.5	59.6	56.5	53.3	51.5	52.7	49.5	44.9	36.7	32.7	28.3	28.0	25.0
2018/01/18 17:00:59	61.3	30.5	30.5	48.5	48.5	58.0	58.0	55.9	55.9	50.0	49.5	51.9	49.1	51.3	51.2	48.9	49.7	50.6	50.8	52.8	52.6	52.8	49.7	48.1	47.6	47.3	42.7	41.7	31.0	26.5	23.9	23.6	21.6
2018/01/18 17:01:00	57.6	29.2	29.2	46.9	46.9	55.5	55.5	53.8	53.8	50.4	49.1	50.0	44.7	48.4	49.2	47.6	47.7	47.6	48.1	48.4	48.8	48.2	46.5	44.5	42.7	42.4	38.6	37.9	27.9	22.7	21.7	22.4	20.9
2018/01/18 17:01:01	55.5	26.9	26.9	44.2	44.2	54.3	54.3	54.4	54.4	50.3	53.5	52.2	46.1	47.9	47.5	46.4	47.6	47.0	46.7	45.6	45.9	45.2	42.8	41.0	40.7	39.7	36.5	37.1	27.6	22.4	21.4	22.6	21.0
2018/01/18 17:01:02	54.9	27.6	27.6	44.7	44.7	54.1	54.1	55.0	55.0	50.8	46.9	51.0	45.0	49.0	45.4	46.5	46.4	46.5	46.6	46.4	45.8	43.8	41.5	38.9	39.5	38.0	36.3	36.1	27.0	21.4	21.2	22.3	21.0
2018/01/18 17:01:03	55.6	25.4	25.4	41.6	41.6	51.3	51.3	56.0	56.0	54.6	46.4	49.3	44.5	49.2	47.0	46.8	47.5	46.8	45.9	48.4	46.7	44.3	42.0	39.3	40.3	39.4	37.5	37.0	27.7	22.0	21.3	22.2	21.0
2018/01/18 17:01:04	55.7	28.1	28.1	46.5	46.5	56.3	56.3	57.0	57.0	53.2	49.2	51.0	45.7	50.2	47.2	46.8	46.8	47.0	46.5	48.1	47.5	44.6	40.7	39.0	39.3	38.7	37.1	36.7	27.3	22.3	21.3	22.8	21.0
2018/01/18 17:01:05	58.2	31.3	31.3	51.7	51.7	60.6	60.6	58.3	58.3	54.5	53.8	53.9	47.0	50.1	47.6	48.9	47.7	47.6	49.3	51.4	50.2	47.6	43.7	41.7	42.4	42.6	39.0	38.5	28.5	24.0	21.9	22.8	21.3
2018/01/18 17:01:06	64.2	35.2	35.2	55.1	55.1	64.0	64.0	61.6	61.6	59.3	59.0	59.6	53.1	56.4	55.3	52.8	53.3	54.0	55.3	57.1	56.2	52.7	49.1	48.0	49.5	51.3	45.5	46.7	36.4	32.0	26.6	24.5	22.4
2018/01/18 17:01:07	71.6	41.0	41.0	59.6	59.6	69.5	69.5	67.6	67.6	65.8	65.7	65.0	58.1	64.5	61.2	58.7	59.4	60.7	63.8	66.2	64.7	59.1	54.7	53.0	53.4	54.7	51.6	50.2	41.2	37.1	30.3	27.5	24.8
2018/01/18 17:01:08	66.9	35.6	35.6	57.4	57.4	65.8	65.8	62.6	62.6	58.6	57.6	59.7	56.5	61.3	58.7	54.8	55.0	56.9	58.3	60.5	59.6	55.6	53.1	49.3	49.0	49.2	48.8	44.6	35.3	30.4	27.6	27.7	23.6
2018/01/18 17:01:09	63.4	32.3	32.3	53.1	53.1	62.4	62.4	60.3	60.3	55.5	57.0	57.3	54.2	56.8	55.4	52.1	51.8	52.8	53.4	56.4	55.2	53.0	50.2	47.2	48.6	49.6	45.4	44.7	36.9	32.5	29.0	28.8	25.4
2018/01/18 17:01:10	60.0	26.6	26.6	47.7	47.7	54.0	54.0	57.1	57.1	57.3	55.1	56.2	49.3	55.8	51.8	49.8	51.1	52.9	50.0	51.6	50.3	48.4	45.1	43.4	45.7	45.7	41.6	43.5	34.5	32.0	27.1	25.9	23.7
2018/01/18 17:01:11	59.5	27.2	27.2	49.5	49.5	55.8	55.8	54.8	54.8	55.0	51.3	53.6	48.8	52.3	51.4	47.2	48.7	51.7	51.4	53.0	51.0	47.9	43.6	42.6	43.1	43.7	40.3	38.4	29.6	27.2	24.1	23.0	21.7
2018/01/18 17:01:12	60.5	30.7	30.7	46.1	46.1	56.7	56.7	57.8	57.8	55.6	50.3	52.4	47.2	53.8	49.1	48.5	48.5	51.1	54.4	53.7	52.4	49.9	45.3	42.1	42.3	42.7	40.0	34.9	26.4	23.9	22.2	22.2	20.7
2018/01/18 17:01:13	65.0	31.1	31.1	47.3	47.3	57.4	57.4	58.0	58.0	53.9	50.5	55.0	51.3	57.0	52.8	50.5	52.4	55.5	58.7	59.7	56.1	54.0	49.2	46.4	46.7	47.4	45.6	38.8	31.6	25.9	22.5	22.3	20.8
2018/01/18 17:01:14	68.0	29.5	29.5	46.3	46.3	54.2	54.2	57.7	57.7	57.2	57.8	60.2	57.0	60.9	57.5	55.1	56.8	58.9	62.2	62.8	58.7	55.5	51.2	48.8	49.1	49.6	47.3	41.2	34.2	28.3	24.7	24.7	24.0
2018/01/18 17:01:15	65.9	28.1	28.1	42.8	42.8	51.7	51.7	54.4	54.4	53.6	52.3	58.5	59.0	60.8	53.7	53.7	53.0	55.2	58.5	61.7	57.9	52.6	47.1	43.4	45.2	46.4	41.2	39.7	31.8	28.5	24.5	24.1	23.1
2018/01/18 17:01:16	60.1	27.8	27.8	42.6	42.6	52.5	52.5	54.4	54.4	51.1	50.4	53.8	53.4	55.8	49.8	48.2	46.8	49.5	52.9	55.0	51.8	48.0	42.0	39.9	40.9	43.1	37.4	34.4	25.5	23.0	21.7	22.0	20.9
2018/01/18 17:01:17	59.1	26.8	26.8	44.9	44.9	53.8	53.8	54.4	54.4	51.3	50.7	51.9	48.7	52.8	48.0	47.4	48.2	49.6	54.1	51.8	49.2	46.6	43.0	41.7	43.0	45.0	40.3	37.6	28.6	25.1	22.2	22.3	20.8
2018/01/18 17:01:18	63.2	26.5	26.5	43.0	43.0	53.1	53.1	55.4	55.4	52.6	53.1	54.8	51.8	55.5	54.1	52.8	52.0	54.6	57.2	55.0	50.7	49.8	47.2	47.3	49.4	53.3	47.5	45.8	36.8	32.6	27.2	24.5	21.8
2018/01/18 17:01:19	69.9	28.3	28.3	41.2	41.2	54.0	54.0	58.8	58.8	58.2	59.5	60.0	57.0	63.8	60.7	60.3	58.9	62.1	64.2	62.3	58.7	56.8	53.0	52.1	55.1	57.0	51.7	52.7	42.7	38.5	33.0	30.4	26.3
2018/01/18 17:01:20	71.1	28.9	28.9	48.2	48.2	60.0	60.0	63.4	63.4	60.9	60.6	61.8	59.9	64.7	64.0	61.7	62.0	64.6	65.5	62.7	60.4	57.1	55.0	52.9	54.8	56.2	52.4	49.3	40.7	36.2	30.8	28.0	24.7
2018/01/18 17:01:21	68.6	33.8	33.8	44.6	44.6	62.0	62.0	64.8	64.8	59.4	59.6	62.6	61.2	61.4	58.7	54.4	56.6	58.7	60.8	63.0	59.2	57.0	52.5	51.9	53.7	54.3	49.6	48.8	40.9	37.6	31.0	27.9	25.3
2018/01/18 17:01:22	67.0	34.2	34.2	46.4	46.4	63.7	63.7	66.1	66.1	59.4	59.3	60.3	58.6	58.8	55.9	54.6	55.8	56.8	59.4	59.8	58.4	55.0	53.0	52.1	53.1	53.6	51.1	47.3	39.9	32.5	26.3	25.3	22.7
2018/01/18 17:01:23	62.4	28.4	28.4	40.2	40.2	57.4	57.4	60.9	60.9	56.1	54.4	58.2	53.9	55.1	52.1	49.0	50.2	50.8	53.8	55.5	54.2	51.7	48.1	47.8	48.9	48.1	44.6	40.4	32.0	24.3	22.1	22.4	20.7
2018/01/18 17:01:24	62.2	26.6	26.6	41.2	41.2	51.6	51.6	56.3	56.3	53.4	50.8	54.3	51.1	55.1	52.6	47.1	50.3	51.6	54.6	57.0	53.7	52.2	46.5	44.3	44.9	44.8	40.1	37.8	29.3	26.1	23.0	22.7	20.9
2018/01/18 17:01:25	70.3	27.9	27.9	43.4	43.4	55.1	55.1	58.7	58.7	58.5	57.4	62.9	56.2	63.5	61.0	60.2	57.8	59.2	62.1	65.7	61.9	58.9	53.2	49.2	51.3	52.4	47.8	47.2	38.3	35.4	30.0	27.4	25.1
2018/01/18 17:01:26	71.8	31.8	31.8	49.1	49.1	59.2	59.2	64.2	64.2	64.0	63.4	70.0	61.2	65.9	63.0	58.0	60.1	61.6	63.4	67.3	63.0	60.1	54.9	51.9	51.6	51.2	48.3	44.2	36.4	33.7	28.4	26.6	25.5
2018/01/18 17:01:27	63.8	30.8	30.8	46.1	46.1	54.8	54.8	57.5	57.5	56.1	55.6	62.7	54.7	56.1	54.9	47.9	51.2	52.7	54.0	57.9	56.9	53.8	50.0	45.5	44.3	43.7	40.9	35.3	28.4	23.4	21.6	22.2	20.8
2018/01/18 17:01:28	58.9	25.9	25.9	42.9	42.9	52.3	52.3	53.1	53.1	49.4	49.8	56.6	47.4	52.9	49.5	44.3	45.8	47.9	51.2	53.3	51.9	48.1	42.8	39.3	38.1	36.0	33.2	27.2	21.5	20.3	21.0	21.9	20.9
2018/01/18 17:01:29	55.8	26.7	26.7	43.3	43.3	53.0	53.0	54.2	54.2	49.8	48.3	50.4	44.0	48.6	46.5	41.3	43.4	45.6	46.8	48.8	49.8	46.3	40.8	37.4	35.0	33.2	30.2	24.7	20.4	20.3	20.9	21.6	20.5
2018/01/18 17:01:30	53.5	28.5	28.5	45.9	45.9	54.5	54.5	56.0	56.0	53.9	52.2	53.4	47.6	48.5	46.0	42.8	42.7	43.2	44.8	46.7	45.7	42.6	38.4	34.4	33.0	31.0	27.3	22.8	20.0	20.4	21.1	21.8	20.7
2018/01/18 17:01:31	51.2	28.1	28.1	43.0	43.0	53.3	53.3	54.6	54.6	51.2	46.9	48.6	44.3	48.8	44.9	41.1	42.5	41.9	42.8	43.8	42.3	39.8	36.5	32.7	30.8	30.3	26.1	22.0	19.8	20.4	21.0	22.0	20.7
2018/01/18 17:01:32	50.8	30.9	30.9	45.1	45.1	54.4	54.4	54.5	54.5	50.3	48.0	49.7	46.2	47.7	42.4	40.1	41.3	40.9	43.3	43.5	41.0	39.4	36.5	32.7	31.5	30.6	27.4	22.8	19.9	20.3	20.8	21.9	20.7
2018/01/18 17:01:33	51.0	30.0	30.0	46.1	46.1	55.9	55.9	57.7	57.7	55.1	50.3	48.4	46.2	48.1	42.2	40.1	41.1	40.3	43.2	43.4	41.7	39.5	36.4	33.2	31.3	30.9	27.8	22.9	20.1	20.3	20.9	22.0	20.8
2018/01/18 17:01:34	51.7	29.0	29.0	46.0	46.0	56.1	56.1	57.1	57.1	52.6	49.8	49.3	44.7	46.9	42.6	41.5	41.6	42.7	44.4	44.4	42.8	41.0	36.7	33.2	32.4	32.5	28.4	23.3	20.2	20.4	20.9	21.8	20.7
2018/01/18 17:01:35	50.7	28.8	28.8	45.5	45.5	54.1	54.1	53.8	53.8	51.1	49.7	49.8	43.9	46.7	42.8	40.3	41.9	42.3	42.9	42.2	40.6	39.9	36.4	33.3	32.6	32.2	28.8	24.2	20.4	20.6	21.0	22.1	20.9
2018/01/18 17:01:36	49.9	26.7	26.7	45.9	45.9	52.8	52.8	50.2	50.2	47.6	47.4	47.2	42.9	46.8	40.9	39.9	41.5	40.4	41.9	42.0	41.0	39.1	35.7	32.8	31.4	32.5	28.3	24.2	20.2	20.4	20.6	21.9	20.4
2018/01/18 17:01:37	49.6	27.8	27.8	42.2	42.2	49.8	49.8	49.6	49.6	48.2	48.4	47.7	43.4	46.2	41.6	41.0	40.9	40.3	41.6	41.9	39.9	38.2	34.7	31.9	30.7	31.9	28.2	25.1	20.3	20.6	21.0	21.9	20.9
2018/01/18 17:01:38	49.6	24.1	24.1	40.0	40.0	47.5	47.5	48.1	48.1	45.7	42.4	44.1	42.9	45.9	41.5	39.2	39.6	41.0	39.8	43.0	40.5	38.4	35.6	33.5	32.9	33.7	29.1	28.4	21.0	20.7	21.0	21.9	20.7
2018/01/18 17:01:39	50.0	25.4	25.4	43.4	43.4	51.0	51.0	49.3	49.3	47.7	45.9	46.4	40.7	45.3	42.9	41.8	41.1	41.2	40.6	42.8	40.2	39.0	36.7	33.2	33.2	34.6	28.8	28.4	21.2	20.4	20.9	21.9	20.4
2018/01/18 17:01:40	50.3	23.7	23.7	40.2	40.2	48.1	48.1	49.0	49.0	46.4	42.8	45.2	42.3	46.4	43.2	40.8	40.4	40.8	41.3	43.3	41.4	39.5	37.2	32.6	33.1	34.0	28.7	27.3	20.8	20.7	21.0	22.3	20.8
2018/01/18 17:01:41	50.9	23.9	23.9	38.9	38.9	47.5	47.5	50.2	50.2	48.3	44.8	45.8	43.7	47.5	45.1	42.5	41.7	41.0	42.1	43.2	41.1	39.9	37.6	34.0	34.5	35.9	29.7	28.5	21.0	20.9	21.2	22.1	20.9
2018/01/18 17:01:42	53.0	24.9	24.9	42.8	42.8	50.3	50.3	51.0	51.0	48.7	45.9	48.2	42.7	48.8	44.5	43.6	43.4	42.5	44.5	45.3	42.5	42.0	39.8	38.6	38.6	40.3	34.2	31.5	22.6	21.3	20.9	21.9	20.8
2018/01/18 17:01:43	52.4	25.3	25.3	39.1	39.1	47.1	47.1	49.1	49.1	47.3	44.7	47.2	46.2	48.6	45.1	43.8	42.2	42.0	43.9	45.0	43.1	41.4	39.3	35.7	36.9	37.3	30.9	27.2	21.0	20.2	20.8	21.7	20.7
2018/01/18 17:01:44	53.8	25.0	25.0	42.0	42.0	49.7	49.7	50.5	50.5	48.9	46.7	48.2	45.1	49.3	46.4	42.9	44.7	42.8	45.1	47.1	45.3	42.7	39.6	37.9	37.4	38.4	32.6	27.6	21.5	21.1	21.2	22.2	20.9
2018/01/18 17:01:45	54.9	26.6	26.6	44.4	44.4	53.2	53.2	51.1	51.1	49.0	47.3	46.7	45.7	50.5	45.7	42.7	44.9	45.0	46.4	48.1	47.3	43.9	41.0	38.2	37.7	38.3	32.5	28.6	22.3	21.0	21.1	22.3	20.9
2018/01/18 17:01:46	54.1	24.5	24.5	40.5	40.5	49.9	49.9	50.8	50.8	49.4	47.2	47.4	45.5	47.9	44.4	44.6	42.5	43.8	45.8	47.6	46.1	43.2	40.3	37.7	37.2	36.2	31.3	27.6	21.2	20.4	21.0	21.9	20.7
2018/01/18 17:01:47	54.3	25.4	25.4	41.4	41.4	50.6	50.6	51.5	51.5	49.9	46.5	47.6	44.1	48.6	45.4	43.9	43.1	44.2	45.6	47.6	45.4	44.2	40.7	39.0	38.5	38.1	32.5	29.6	22.2	20.9	21.1	21.8	20.4
2018/01/18 17:01:48	57.6	26.7	26.7	43.8	43.8	52.6	52.6	52.4	52.4	51.2	50.1	50.4	47.0	50.3	49.8	46.0	47.1	45.0	49.7	50.6	49.3	47.1	44.2	42.2	43.0	43.4	37.1	36.3	26.2	23.6	22.3	22.5	20.9
2018/01/18 17:01:49	63.3	27.2	27.2	44.4	44.4	52.4	52.4	53.4	53.4	51.6	50.5	51.9	50.8	54.8	55.1	52.5	50.2	50.4	53.5	58.4	54.8	51.6	48.9	46.8	49.4	49.4	42.6	43.2	32.4	29.7	26.1	25.1	22.4
2018/01/18 17:01:50	69.0	27.3	27.3	44.8	44.8	53.6	53.6	56.4	56.4	57.2	61.2	62.3	54.9	60.9	59.8	57.2	55.7	59.0	59.4	63.5	61.0	57.1	55.2	53.6	54.3	53.9	48.1	47.8	38.0	35.0	30.5	29.0	26.5
2018/01/18 17:01:51	66.8	29.6	29.6	45.5	45.5	59.5	59.5	62.8	62.8	58.3	58.9	61.0	56.9	60.5	59.6	54.2	56.4	56.3	58.1	59.6	58.6	55.8	55.1	52.4	50.6	49.7	47.1	41.3	33.0	26.5	24.5	24.2	22.4
2018/01/18 17:01:52	60.6	26.4	26.4	44.2	44.2	54.0	54.0	55.6	55.6	52.0	51.6	52.8	51.0	54.5	53.8	46.3	47.9	49.4	50.7	53.0	53.6	51.0	48.3	45.7	44.0	43.4	39.4	34.0	27.2	21.8	21.4	22.1	20.8
2018/01/18 17:01:53	56.9	24.8	24.8	45.8	45.8	53.0	53.0	51.7	51.7	48.9	48.4	48.3	44.4	50.4	48.6	43.4	43.9	47.5	47.8	50.6	49.1	46.9	44.6	40.4	39.1	37.7	33.6	28.8	22.5	21.1	21.2	22.1	20.8
2018/01/18 17:01:54	57.2	25.4	25.4	46.9	46.9	54.7	54.7	53.0	53.0	49.0	46.7	47.9	45.1	48.7	46.1	43.2	45.1	45.9	49.6	51.3	49.5	47.2	43.8	40.8	39.6	38.5	34.1	31.0	23.7	21.6	21.1	22.1	20.8
2018/01/18 17:01:55	60.1	24.1	24.1	52.6	52.6	58.9	58.9	54.5	54.5	51.0	48.0	49.7	46.2	49.6	48.6	46.1	46.0	48.8	52.5	54.4	52.0	50.3	47.4	43.4	42.5	43.0	36.8	37.3	29.6	24.7	21.7	21.9	20.7
2018/01/18 17:01:56	64.8	28.5	28.5	56.2	56.2	62.3	62.3	57.9	57.9	53.5	53.0	55.0	51.1	54.6	53.0	50.8	51.5	54.5	56.2	58.9	56.6	54.8	50.7	48.2	48.8	50.9	45.6	47.6	39.3	33.0	27.2	24.4	22.2
2018/01/18 17:01:57	69.5	32.2	32.2	60.9	60.9	68.0	68.0	64.2	64.2	59.6	58.4	60.5	56.1	61.1	58.0	57.0	55.7	59.9	61.3	64.5	61.1	57.9	55.9	51.9	51.6	51.4	47.1	47.5	39.0	33.3	28.5	25.4	23.0
2018/01/18 17:01:58	67.2	31.5	31.5	58.0	58.0	63.4	63.4	58.3	58.3	58.9	56.3	59.2	56.6	58.9	55.3	54.6	56.8	57.1	58.5	60.9	58.6	57.0	55.5	52.7	50.1	49.2	46.6	42.7	34.7	27.9	24.4	23.7	21.7
2018/01/18 17:01:59	67.4	33.3	33.3	55.0	55.0	60.2	60.2	58.4	58.4	59.4	54.4	57.1	54.2	58.1	55.8	53.0	56.8	56.6	58.9	60.8	60.0	57.4	55.3	52.6	50.1	49.0	45.6	39.9	32.6	29.7	27.1	25.8	24.2
2018/01/18 17:02:00	65.4	32.2	32.2	50.1	50.1	55.3	55.3	55.6	55.6	53.2	48.8	53.0	49.6	56.3	55.3	51.3	53.4	53.5	54.5	59.2	58.9	56.2	52.4	49.2	48.8	47.8	41.4	38.8	31.4	28.5	25.8	24.0	22.6
2018/01/18 17:02:01	63.6	32.0	32.0	46.9	46.9	53.7	53.7	55.6	55.6	54.3	48.5	50.6	48.2	52.6	52.3	50.1	49.6	51.7	54.3	58.7	55.6	53.5	50.5	47.6	46.3	47.5	42.1	37.4	29.9	25.2	22.9	23.2	21.8
2018/01/18 17:02:02	65.2	34.6	34.6	49.6	49.6	58.8	58.8	60.0	60.0	58.7	56.0	53.8	50.3	55.7	52.8	50.3	52.5	53.2	56.1	59.8	56.9	55.0	53.6	50.2	49.0	48.7	45.3	40.1	32.4	25.4	22.3	22.2	21.0
2018/01/18 17:02:03	66.2	32.3	32.3	49.2	49.2	57.2	57.2	59.3	59.3	58.0	54.1	53.6	52.6	55.5	53.9	53.1	55.3	55.0	57.8	59.1	59.0	56.1	53.7	51.6	49.6	50.0	48.1	42.1	35.8	29.1	24.3	23.4	21.9
2018/01/18 17:02:04	66.1	31.3	31.3	48.1	48.1	57.3	57.3	57.4	57.4	54.2	55.1	55.3	52.4	56.5	55.2	53.5	53.8	52.8	56.1	60.4	59.0	56.3	53.0	50.1	50.1	49.8	45.5	42.7	35.3	29.8	24.4	23.3	21.6
2018/01/18 17:02:05	64.5	35.0	35.0	49.8	49.8	61.6	61.6	61.3	61.3	54.6	55.0	55.5	51.9	55.7	52.7	51.9	52.2	53.5	53.9	58.5	56.5	54.5	51.8	49.2	49.7	49.7	47.0	42.2	33.3	27.9	24.9	24.2	22.5
2018/01/18 17:02:06	64.6	32.5	32.5	47.6	47.6	59.1	59.1	59.3	59.3	53.5	55.3	55.1	51.5	56.6	52.8	50.5	52.3	54.1	54.9	58.4	57.2	55.3	50.3	47.2	48.6	49.9	45.0	42.5	34.7	30.8	27.5	25.5	23.6
2018/01/18 17:02:07	64.0	30.1	30.1	45.0	45.0	55.8	55.8	55.9	55.9	52.3	52.2	53.7	50.8	55.9	53.3	50.0	51.8	53.2	54.7	58.8	56.1	53.4	48.8	46.0	47.8	48.6	44.6	42.5	33.6	30.6	26.6	24.8	23.1
2018/01/18 17:02:08	63.3	30.3	30.3	46.6	46.6	58.7	58.7	59.3	59.3	55.3	52.8	55.4	51.9	56.3	53.4	51.0	52.9	53.8	54.9	56.9	54.5	53.1	49.1	46.6	46.8	47.5	46.8	42.0	33.6	30.0	27.3	25.9	23.8
2018/01/18 17:02:09	63.2	30.2	30.2	47.3	47.3	58.9	58.9	59.4	59.4	54.2	51.6	55.8	51.3	56.7	53.1	49.9	52.5	53.9	53.8	56.9	56.1	52.6	47.8	45.3	46.0	47.5	44.2	43.2	34.0	31.7	28.2	25.7	23.9
2018/01/18 17:02:10	60.9	33.3	33.3	52.5	52.5	62.0	62.0	60.3	60.3	53.1	51.8	54.7	49.6	53.3	52.6	48.1	48.5	51.0	51.8	54.5	53.1	50.4	47.0	44.5	44.3	45.6	42.7	40.7	31.7	27.1	25.1	24.1	23.1
2018/01/18 17:02:11	62.1	35.3	35.3	59.3	59.3	67.0	67.0	63.6	63.6	57.3	55.7	56.5	52.1	56.8	52.2	48.8	52.5	52.7	53.8	54.8	53.0	50.4	48.9	46.2	45.7	48.8	44.6	41.4	32.6	27.4	24.8	24.5	23.1
2018/01/18 17:02:12	63.8	30.3	30.3	54.0	54.0	61.2	61.2	59.8	59.8	56.6	55.0	57.2	53.1	57.1	52.3	50.4	53.5	54.9	55.2	57.1	54.8	52.2	50.4	47.4	48.8	51.2	47.8	43.9	37.1	31.8	28.9	26.8	24.5
2018/01/18 17:02:13	65.3	37.6	37.6	55.6	55.6	64.6	64.6	64.1	64.1	61.1	62.7	62.1	54.5	58.3	53.6	52.1	55.1	55.2	56.9	56.6	54.9	53.7	52.3	51.2	52.4	53.2	51.6	47.1	39.5	33.3	30.5	28.8	27.0
2018/01/18 17:02:14	64.4	33.2	33.2	54.8	54.8	63.4	63.4	62.4	62.4	60.1	62.8	59.8	53.4	58.2	52.8	49.6	53.6	53.2	56.3	56.4	55.5	53.4	50.8	49.5	50.7	52.4	49.0	45.6	39.6	35.0	30.6	28.6	28.2
2018/01/18 17:02:15	63.0	32.2	32.2	52.1	52.1	60.5	60.5	57.4	57.4	54.3	55.1	55.7	50.3	55.6	52.9	49.0	50.0	51.7	52.2	54.8	56.0	53.6	50.9	48.0	48.0	49.9	45.2	45.0	36.9	33.2	28.6	26.5	26.2
2018/01/18 17:02:16	64.0	27.9	27.9	52.8	52.8	59.8	59.8	57.2	57.2	54.2	53.0	53.3	50.4	54.6	53.7	49.8	51.4	54.4	55.3	56.3	56.2	55.2	52.4	49.0	47.3	47.3	44.9	41.4	32.3	27.5	25.6	24.8	24.0
2018/01/18 17:02:17	64.3	29.4	29.4	52.4	52.4	58.3	58.3	57.6	57.6	57.1	52.8	55.7	51.9	56.8	55.6	51.7	53.4	53.8	54.2	56.7	56.3	55.8	52.3	49.3	47.9	47.8	44.7	41.7	33.4	28.7	25.5	24.7	23.7
2018/01/18 17:02:18	62.9	34.2	34.2	56.2	56.2	61.2	61.2	57.9	57.9	55.1	50.5	54.3	50.0	56.4	55.0	51.9	52.9	52.9	53.7	55.4	55.0	52.6	50.2	48.1	46.4	46.9	45.6	41.8	33.8	29.3	26.8	27.0	23.8
2018/01/18 17:02:19	63.6	36.9	36.9	55.9	55.9	60.1	60.1	56.8	56.8	54.1	52.1	55.8	52.7	57.4	54.9	50.5	52.0	53.5	53.1	56.6	56.8	54.0	49.1	46.6	46.1	47.8	45.9	43.3	36.6	32.7	30.9	27.9	25.5
2018/01/18 17:02:20	63.3	35.7	35.7	54.2	54.2	58.6	58.6	55.9	55.9	54.8	53.6	55.6	50.0	54.8	53.4	50.5	51.4	51.2	53.0	56.1	55.7	52.2	49.9	48.2	49.8	50.5	49.7	46.0	39.7	33.5	30.4	31.5	26.6
2018/01/18 17:02:21	63.8	44.2	44.2	59.6	59.6	62.4	62.4	60.2	60.2	58.4	53.2	57.8	51.1	56.6	54.5	51.6	52.8	53.5	53.0	56.0	55.4	53.5	50.7	48.7	48.7	51.0	50.3	45.8	39.2	35.6	31.7	31.3	28.7
2018/01/18 17:02:22	63.7	42.0	42.0	56.5	56.5	58.8	58.8	55.6	55.6	53.9	52.7	56.0	52.1	55.3	54.9	51.5	51.9	53.4	53.6	55.4	56.8	54.5	50.2	46.9	48.1	49.7	46.6	46.2	38.6	35.8	31.3	28.0	27.4
2018/01/18 17:02:23	64.8	33.7	33.7	48.0	48.0	56.0	56.0	55.0	55.0	52.6	51.5	53.8	50.1	55.4	55.7	51.8	53.7	53.9	54.9	56.8	58.0	55.3	51.9	48.3	48.7	49.7	48.7	46.6	37.2	33.1	28.8	26.9	25.3
2018/01/18 17:02:24	66.0	33.4	33.4	50.9	50.9	58.5	58.5	57.0	57.0	54.5	53.2	56.5	52.6	59.2	55.5	53.0	53.8	56.6	57.0	59.1	57.9	57.3	52.8	48.1	47.8	48.4	47.8	44.9	36.6	32.3	30.1	28.9	25.9
2018/01/18 17:02:25	67.1	32.9	32.9	55.1	55.1	61.3	61.3	58.0	58.0	55.2	51.7	56.8	53.8	59.8	57.4	55.5	55.0	56.2	58.9	60.7	59.9	57.2	53.1	49.3	49.1	49.7	48.2	46.4	37.9	33.5	32.4	30.8	27.1
2018/01/18 17:02:26	66.4	37.7	37.7	53.6	53.6	57.5	57.5	57.6	57.6	57.0	53.2	57.6	56.3	61.8	57.3	54.9	56.7	56.8	57.9	60.3	58.4	55.8	51.2	47.4	47.5	49.2	47.9	47.3	38.3	35.2	33.5	32.3	28.5
2018/01/18 17:02:27	63.0	37.6	37.6	51.6	51.6	55.8	55.8	55.7	55.7	54.4	52.0	53.7	51.5	56.1	52.1	49.0	51.7	51.9	53.0	56.8	56.2	53.1	46.3	44.0	45.1	47.6	46.0	47.2	37.3	35.2	33.0	33.2	28.8
2018/01/18 17:02:28	59.5	28.3	28.3	47.4	47.4	54.8	54.8	54.8	54.8	50.2	48.1	53.4	45.2	53.1	49.8	48.6	47.6	48.5	50.3	51.5	51.0	49.4	45.0	41.9	43.4	47.6	45.7	45.9	36.8	35.9	33.2	32.2	29.0
2018/01/18 17:02:29	59.7	30.4	30.4	49.2	49.2	57.5	57.5	56.4	56.4	52.2	48.4	53.9	48.0	52.3	49.8	51.7	52.8	49.4	51.7	49.7	49.6	47.9	45.2	41.3	43.5	47.9	45.5	47.9	34.9	32.8	29.7	27.9	25.8
2018/01/18 17:02:30	64.9	32.7	32.7	46.5	46.5	57.3	57.3	59.4	59.4	55.7	55.4	60.9	54.1	58.3	54.5	54.6	55.3	53.8	54.8	55.5	54.9	52.3	50.7	48.9	51.0	53.4	52.1	56.0	42.1	41.7	37.6	35.6	30.5
2018/01/18 17:02:31	67.7	30.7	30.7	46.9	46.9	61.4	61.4	66.4	66.4	62.1	55.0	64.2	58.6	62.3	58.5	56.9	59.5	58.3	58.7	57.2	57.9	55.7	54.0	52.6	54.2	56.5	53.7	52.5	43.2	41.8	40.1	35.6	32.9
2018/01/18 17:02:32	63.5	30.3	30.3	47.2	47.2	60.8	60.8	64.3	64.3	58.2	58.0	62.5	56.0	60.8	55.6	53.8	54.0	52.5	54.5	54.2	54.2	51.6	49.9	48.2	49.2	48.9	48.2	45.5	35.9	31.4	31.1	25.1	23.4
2018/01/18 17:02:33	61.1	31.1	31.1	55.0	55.0	60.4	60.4	59.7	59.7	55.9	49.3	55.3	50.3	56.7	51.7	48.5	51.0	51.5	53.5	53.6	52.8	49.7	47.1	45.4	45.2	44.2	43.2	39.4	31.4	27.6	23.8	23.2	21.8
2018/01/18 17:02:34	63.4	30.0	30.0	57.6	57.6	63.2	63.2	57.8	57.8	52.7	50.8	53.1	51.4	56.5	54.7	50.2	54.9	54.2	55.7	55.5	55.2	52.2	51.0	48.0	48.3	47.0	44.8	41.3	35.1	28.4	24.5	23.5	22.2
2018/01/18 17:02:35	65.1	30.7	30.7	57.9	57.9	64.5	64.5	61.4	61.4	55.2	53.0	57.2	56.8	60.1	53.2	54.5	56.2	56.1	59.0	57.9	55.8	53.3	51.0	48.1	48.2	47.6	46.1	43.4	37.6	31.5	27.7	26.0	24.2
2018/01/18 17:02:36	63.9	30.2	30.2	49.7	49.7	55.7	55.7	57.4	57.4	54.9	53.3	57.6	52.9	57.4	51.9	50.2	51.5	52.6	55.5	58.0	55.8	54.6	50.6	46.8	45.9	45.7	41.8	39.9	31.3	28.2	25.0	23.5	22.3
2018/01/18 17:02:37	65.8	33.0	33.0	48.5	48.5	56.6	56.6	62.6	62.6	60.0	56.5	58.7	51.4	58.1	52.9	51.7	55.7	55.4	58.3	58.8	56.9	56.2	54.2	50.8	49.3	49.3	45.9	41.7	34.5	27.9	24.4	23.6	22.4
2018/01/18 17:02:38	66.2	34.5	34.5	51.4	51.4	57.6	57.6	59.4	59.4	56.6	53.3	57.1	54.0	59.4	56.5	54.3	56.2	56.5	57.8	59.4	58.6	56.5	52.8	48.8	48.0	49.3	45.3	41.4	34.3	30.6	27.9	27.0	24.7
2018/01/18 17:02:39	62.7	36.2	36.2	54.4	54.4	58.4	58.4	56.2	56.2	52.8	51.4	54.5	50.8	54.8	54.5	50.5	49.7	52.2	53.9	56.4	55.3	53.1	49.1	45.3	45.5	45.8	41.5	38.1	31.3	26.7	25.3	23.8	22.7
2018/01/18 17:02:40	61.6	38.8	38.8	55.6	55.6	59.2	59.2	57.0	57.0	54.4	52.5	56.3	52.7	55.4	52.8	49.3	51.6	51.8	54.2	55.6	52.0	50.4	47.4	44.9	44.5	45.1	42.6	37.7	31.0	25.2	24.0	23.1	21.8
2018/01/18 17:02:41	61.8	39.5	39.5	53.4	53.4	55.8	55.8	57.1	57.1	56.5	52.9	58.8	58.0	57.2	51.7	51.5	53.8	53.2	55.2	54.0	52.6	48.4	46.1	42.9	43.2	45.5	43.3	39.0	32.7	28.1	25.0	24.0	22.4
2018/01/18 17:02:42	59.4	30.8	30.8	43.9	43.9	51.1	51.1	54.2	54.2	53.1	51.6	54.5	52.4	54.0	49.4	49.6	49.5	48.5	50.0	53.8	51.6	47.7	42.8	39.5	41.4	43.2	40.2	39.6	31.8	28.1	25.5	24.3	22.9
2018/01/18 17:02:43	58.3	30.2	30.2	44.8	44.8	53.5	53.5	55.3	55.3	51.7	50.1	54.1	50.8	51.4	46.0	47.9	47.9	50.4	52.1	51.5	49.0	44.2	42.1	39.6	41.5	43.1	40.3	38.7	29.5	25.2	23.9	23.5	22.3
2018/01/18 17:02:44	53.3	26.8	26.8	44.5	44.5	52.1	52.1	51.3	51.3	47.5	47.0	49.3	46.5	48.7	44.3	42.2	41.4	42.3	44.0	45.8	44.4	41.8	38.5	37.3	37.5	39.6	41.0	37.8	29.8	24.4	24.8	24.5	22.8
2018/01/18 17:02:45	53.0	27.0	27.0	40.3	40.3	49.6	49.6	51.1	51.1	49.1	47.2	50.4	45.3	47.5	44.0	41.9	42.4	43.2	44.5	44.7	43.1	40.9	38.6	36.7	36.8	39.5	41.3	38.0	30.0	25.1	25.0	24.4	23.0
2018/01/18 17:02:46	51.5	23.8	23.8	40.9	40.9	50.9	50.9	52.2	52.2	49.1	44.2	47.2	43.5	47.0	43.0	41.4	41.6	41.8	42.4	42.2	42.2	41.2	38.4	36.7	36.5	37.3	36.3	32.6	25.6	21.8	22.2	22.6	21.8
2018/01/18 17:02:47	53.0	24.9	24.9	43.3	43.3	51.7	51.7	51.6	51.6	48.5	45.1	47.0	46.2	48.2	45.1	42.3	42.5	45.0	44.4	43.5	43.2	41.7	41.7	38.5	38.1	38.8	36.6	32.6	25.4	22.1	22.2	22.6	21.5
2018/01/18 17:02:48	55.3	28.6	28.6	45.4	45.4	54.5	54.5	54.8	54.8	52.3	49.3	49.8	46.8	51.3	46.7	44.3	43.1	47.4	46.2	46.6	45.7	43.7	43.9	42.5	39.3	40.2	37.3	33.1	25.6	21.6	21.8	22.2	21.0
2018/01/18 17:02:49	56.7	27.7	27.7	43.3	43.3	50.0	50.0	49.6	49.6	50.2	47.5	47.6	46.3	49.3	45.4	45.1	45.7	47.6	49.8	48.5	47.1	46.2	43.1	42.9	42.5	42.0	39.5	35.0	27.3	23.4	22.2	22.3	21.7
2018/01/18 17:02:50	59.8	27.7	27.7	45.8	45.8	52.6	52.6	50.0	50.0	50.0	47.7	49.4	50.3	54.2	49.3	47.9	48.4	51.2	52.8	52.2	50.1	48.9	45.4	45.9	45.5	44.5	40.6	36.3	27.5	23.2	21.8	22.2	21.3
2018/01/18 17:02:51	63.3	27.8	27.8	47.2	47.2	55.9	55.9	54.5	54.5	53.6	51.8	52.2	52.4	57.3	51.6	48.8	50.0	53.9	57.8	55.0	53.3	52.8	48.8	49.4	48.8	48.7	44.2	41.9	31.6	27.1	23.5	23.1	21.3
2018/01/18 17:02:52	70.0	31.6	31.6	51.2	51.2	60.0	60.0	58.2	58.2	57.6	56.6	59.1	59.2	65.2	58.9	56.9	57.0	59.6	62.0	60.6	59.6	59.5	56.8	57.6	57.9	58.2	54.5	54.0	44.5	39.6	35.6	33.8	31.2
2018/01/18 17:02:53	75.7	34.2	34.2	57.7	57.7	65.5	65.5	62.7	62.7	64.0	62.4	67.0	66.1	68.0	64.1	62.7	62.3	65.2	65.2	65.9	66.7	65.7	63.9	64.6	63.3	63.7	61.7	58.2	49.7	44.4	40.8	39.5	39.8
2018/01/18 17:02:54	71.8	24.9	24.9	49.3	49.3	56.9	56.9	57.8	57.8	56.7	56.1	63.3	63.0	63.0	59.3	60.7	59.9	63.6	64.3	64.3	63.1	59.8	57.5	59.2	57.5	56.0	54.3	50.6	42.1	34.6	30.2	29.1	29.2
2018/01/18 17:02:55	66.8	25.0	25.0	45.7	45.7	52.6	52.6	54.2	54.2	55.1	49.8	57.1	57.6	58.6	54.2	55.3	53.1	57.2	60.3	60.9	59.2	55.1	50.5	50.2	48.4	48.5	44.8	40.9	32.6	27.2	23.3	23.2	21.5
2018/01/18 17:02:56	66.7	28.0	28.0	43.4	43.4	51.6	51.6	60.4	60.4	61.5	53.7	55.3	53.3	57.9	56.0	52.7	54.9	55.8	58.5	59.2	58.9	56.6	53.9	52.4	52.1	51.9	48.4	44.0	37.6	31.1	25.7	25.6	25.5
2018/01/18 17:02:57	67.1	29.0	29.0	43.3	43.3	55.7	55.7	63.3	63.3	62.3	55.9	59.4	55.6	60.5	57.6	55.0	56.5	58.1	58.5	59.5	59.1	56.1	53.0	52.4	52.0	52.8	49.9	46.1	38.8	34.8	29.6	28.6	27.4
2018/01/18 17:02:58	61.4	23.7	23.7	41.1	41.1	52.8	52.8	57.4	57.4	54.6	50.0	54.3	52.9	53.3	51.6	49.3	50.5	52.5	51.4	52.8	53.8	51.2	47.4	48.2	47.2	47.2	42.4	41.9	32.4	29.5	25.1	23.4	21.9
2018/01/18 17:02:59	56.6	24.9	24.9	42.2	42.2	52.5	52.5	55.8	55.8	51.0	48.9	52.2	49.1	49.8	45.6	45.3	44.8	47.3	48.0	48.0	48.9	46.0	44.0	43.5	41.9	41.4	36.3	33.5	25.4	23.0	21.5	22.1	20.7
2018/01/18 17:03:00	52.8	24.9	24.9	39.7	39.7	48.2	48.2	51.7	51.7	48.7	46.1	48.1	45.2	47.1	43.2	42.6	41.7	43.5	44.9	44.9	44.2	41.4	39.0	38.6	39.3	37.7	31.8	29.1	22.2	21.1	21.0	21.9	20.9
2018/01/18 17:03:01	50.3	25.4	25.4	42.2	42.2	49.3	49.3	50.2	50.2	47.6	46.7	46.8	41.9	43.5	40.8	40.3	39.3	40.5	42.8	42.8	42.0	38.9	37.2	33.6	36.4	32.3	28.0	25.0	20.5	20.6	21.0	22.0	20.6
2018/01/18 17:03:02	49.5	25.9	25.9	39.6	39.6	48.1	48.1	49.6	49.6	46.0	47.5	46.5	40.6	45.0	40.1	40.2	40.3	40.9	41.0	41.8	40.8	39.2	35.7	32.1	31.7	29.9	25.9	22.7	20.1	20.5	21.0	22.1	20.9
2018/01/18 17:03:03	49.4	23.9	23.9	40.1	40.1	47.5	47.5	47.4	47.4	46.9	48.0	47.4	41.7	45.4	40.4	38.3	40.3	40.4	40.1	42.2	41.2	38.6	35.8	32.2	31.0	29.6	25.9	22.6	20.1	20.6	21.3	22.2	20.7
2018/01/18 17:03:04	49.1	24.4	24.4	39.6	39.6	48.1	48.1	48.7	48.7	45.3	46.0	46.1	41.3	45.6	40.7	38.9	38.4	39.1	39.6	41.4	41.1	39.2	35.7	32.0	31.5	31.8	26.5	23.1	19.9	20.2	21.0	21.9	20.8
2018/01/18 17:03:05	51.7	27.0	27.0	39.1	39.1	48.2	48.2	48.5	48.5	47.5	48.6	49.1	43.8	48.5	42.0	40.5	41.6	41.6	42.2	43.6	43.5	41.2	38.6	35.9	35.7	36.3	30.6	26.6	20.9	20.1	20.8	21.8	20.6
2018/01/18 17:03:06	55.6	26.4	26.4	40.1	40.1	47.8	47.8	49.4	49.4	49.0	47.4	48.3	45.9	51.3	48.9	42.9	43.0	44.6	46.1	47.1	47.3	46.2	43.2	40.0	40.6	41.8	35.8	32.9	24.1	21.2	21.0	22.0	20.6
2018/01/18 17:03:07	56.4	23.9	23.9	37.9	37.9	46.6	46.6	49.6	49.6	50.3	47.9	47.0	44.4	49.7	50.0	45.3	44.5	46.0	48.8	49.4	47.0	45.8	43.1	41.5	40.6	41.8	36.2	34.4	24.4	21.7	21.1	22.0	20.6
2018/01/18 17:03:08	58.5	26.3	26.3	41.3	41.3	47.8	47.8	52.4	52.4	50.4	47.2	51.2	46.5	52.0	51.0	46.6	47.3	48.0	51.3	51.6	48.9	47.0	45.3	42.8	43.5	45.5	39.3	37.6	28.2	25.6	21.8	22.6	21.2
2018/01/18 17:03:09	67.9	29.7	29.7	44.0	44.0	52.5	52.5	60.3	60.3	59.1	52.4	60.0	53.9	61.1	59.8	55.1	56.5	56.2	61.0	62.9	56.6	54.8	52.4	50.1	53.0	55.6	48.8	50.6	39.5	36.9	30.9	28.9	26.4
2018/01/18 17:03:10	72.9	30.5	30.5	45.8	45.8	56.2	56.2	61.3	61.3	61.8	58.9	64.1	62.7	68.4	62.9	60.9	62.9	64.3	67.8	66.3	63.1	59.6	56.4	54.0	53.7	55.8	51.2	50.8	41.0	37.5	31.3	29.6	28.2
2018/01/18 17:03:11	62.6	25.1	25.1	43.1	43.1	51.2	51.2	53.0	53.0	51.5	53.0	56.7	54.7	58.4	52.7	48.6	52.0	53.9	55.6	57.3	53.3	49.4	46.8	46.1	44.1	43.2	40.5	36.6	28.2	22.7	21.6	22.2	20.7
2018/01/18 17:03:12	56.4	24.4	24.4	42.3	42.3	50.5	50.5	51.3	51.3	46.7	47.0	50.3	46.4	51.0	46.7	43.6	46.8	48.2	50.1	51.2	47.1	42.0	39.3	37.5	36.3	36.1	33.2	29.9	22.8	21.7	21.5	22.2	20.7
2018/01/18 17:03:13	55.2	23.6	23.6	40.5	40.5	49.4	49.4	50.1	50.1	46.3	44.9	48.8	43.2	46.7	45.2	42.1	44.4	45.1	47.5	50.1	47.1	41.9	39.1	37.2	37.3	39.9	34.4	34.1	25.0	23.5	22.2	22.6	21.0
2018/01/18 17:03:14	55.9	27.5	27.5	44.4	44.4	53.8	53.8	54.4	54.4	50.0	47.9	48.8	43.8	46.7	44.0	42.8	42.1	44.3	46.6	50.6	47.8	44.2	41.1	39.5	41.2	43.1	37.8	38.2	27.2	25.4	23.2	22.7	21.2
2018/01/18 17:03:15	54.9	28.1	28.1	44.7	44.7	50.7	50.7	49.9	49.9	48.1	46.7	47.0	42.9	45.1	43.0	43.6	41.9	44.2	45.9	48.0	47.5	43.9	41.6	37.9	40.7	42.1	36.6	36.6	27.5	25.7	24.1	22.9	21.0
2018/01/18 17:03:16	59.2	29.3	29.3	42.0	42.0	52.1	52.1	53.4	53.4	51.2	49.1	52.9	47.5	51.2	48.3	47.6	47.5	48.0	47.8	52.7	52.7	48.5	45.5	42.0	43.1	43.9	40.4	41.5	33.4	31.7	27.8	25.8	23.5
2018/01/18 17:03:17	64.4	30.0	30.0	45.7	45.7	53.2	53.2	54.9	54.9	55.5	55.0	58.0	54.3	54.7	51.1	52.7	51.7	52.8	54.4	57.8	58.6	53.2	51.4	47.4	47.4	48.4	44.2	44.0	35.8	34.1	29.6	26.8	25.5
2018/01/18 17:03:18	64.1	35.6	35.6	51.9	51.9	56.4	56.4	56.8	56.8	54.0	55.7	57.1	52.1	54.2	53.7	51.9	52.0	53.5	53.9	56.7	58.0	54.2	51.6	47.9	46.6	45.8	43.9	39.4	31.0	25.3	23.0	22.9	21.3
2018/01/18 17:03:19	62.3	30.7	30.7	49.0	49.0	57.1	57.1	57.3	57.3	53.0	53.4	54.5	46.8	53.0	54.2	51.3	50.3	51.9	52.6	53.9	54.8	54.1	51.0	47.2	44.7	42.7	40.1	34.5	26.7	22.1	21.3	21.9	20.7
2018/01/18 17:03:20	60.5	28.7	28.7	44.6	44.6	55.1	55.1	55.5	55.5	49.9	47.7	49.6	43.8	51.7	52.3	49.1	47.8	49.5	51.9	53.1	52.8	51.6	48.9	45.5	42.2	40.5	36.7	31.1	23.0	21.0	20.9	21.9	20.6
2018/01/18 17:03:21	61.4	30.2	30.2	45.4	45.4	57.1	57.1	57.0	57.0	49.9	47.2	48.7	46.0	52.5	49.9	48.9	48.1	50.4	53.2	55.4	54.0	52.1	48.7	44.5	42.3	40.7	37.5	31.9	24.2	21.4	21.3	21.9	20.8
2018/01/18 17:03:22	65.8	37.1	37.1	49.8	49.8	62.4	62.4	62.3	62.3	53.4	51.5	55.1	50.4	56.0	55.4	52.3	53.7	55.3	57.4	60.9	57.5	55.8	52.5	48.3	47.0	45.5	42.7	37.8	30.5	25.1	23.2	22.7	21.1
2018/01/18 17:03:23	69.3	38.3	38.3	55.4	55.4	65.0	65.0	63.8	63.8	58.0	56.5	60.5	54.6	60.8	60.2	55.5	59.1	59.6	62.3	63.7	60.7	58.6	55.1	51.4	50.3	49.1	46.6	41.4	33.9	28.0	25.4	24.5	23.2
2018/01/18 17:03:24	70.3	28.6	28.6	50.2	50.2	56.4	56.4	55.9	55.9	56.4	55.1	57.9	54.9	60.2	59.9	56.7	57.2	58.7	61.7	65.7	63.0	59.9	55.8	50.3	49.9	49.7	45.0	42.8	33.4	29.1	25.9	24.6	23.0
2018/01/18 17:03:25	69.7	33.0	33.0	50.2	50.2	56.6	56.6	56.8	56.8	57.5	56.6	60.0	54.8	59.2	59.5	57.4	59.2	59.7	62.1	64.6	61.1	59.1	56.3	52.7	50.2	50.1	46.3	42.0	33.4	28.1	24.3	23.6	22.7
2018/01/18 17:03:26	69.4	29.5	29.5	49.2	49.2	55.5	55.5	57.2	57.2	57.5	56.1	58.3	55.9	60.3	59.0	56.8	56.2	57.2	60.8	64.1	62.1	59.0	55.5	52.3	51.5	52.7	49.7	45.5	36.9	31.8	25.9	24.6	22.8
2018/01/18 17:03:27	70.5	30.2	30.2	50.7	50.7	59.6	59.6	61.8	61.8	61.8	60.5	61.5	56.2	61.4	59.4	56.4	57.5	60.7	64.3	64.6	62.1	59.2	56.3	52.6	53.2	54.1	51.3	48.9	40.3	36.2	29.5	27.8	25.5
2018/01/18 17:03:28	70.5	33.3	33.3	49.1	49.1	55.9	55.9	59.5	59.5	59.5	55.3	59.1	58.7	61.2	60.4	60.2	59.2	63.5	64.5	64.1	61.2	59.2	54.7	51.1	50.7	51.9	49.0	45.6	36.0	31.9	26.1	25.5	23.0
2018/01/18 17:03:29	64.2	26.2	26.2	40.1	40.1	51.7	51.7	55.2	55.2	52.6	50.9	55.4	55.1	56.1	53.7	50.6	52.9	55.0	57.4	58.5	56.0	52.8	49.1	46.0	45.2	46.2	42.5	37.1	28.3	24.9	22.1	22.5	20.9
2018/01/18 17:03:30	58.7	26.0	26.0	42.4	42.4	51.0	51.0	52.8	52.8	52.6	51.2	52.7	49.6	52.8	50.7	44.5	48.1	50.8	53.0	51.8	49.9	47.1	42.9	39.4	39.3	38.4	35.7	29.1	22.5	21.1	20.9	21.9	20.6
2018/01/18 17:03:31	57.1	27.7	27.7	44.2	44.2	52.9	52.9	52.2	52.2	50.8	51.9	50.1	46.2	53.8	45.9	43.8	46.2	47.9	51.8	50.3	48.0	44.8	40.6	38.4	38.0	37.7	34.6	27.4	21.6	20.6	20.9	22.1	20.6
2018/01/18 17:03:32	56.5	27.0	27.0	43.3	43.3	53.0	53.0	53.0	53.0	49.2	52.3	49.7	45.9	52.2	46.1	44.3	47.6	46.0	50.0	49.2	48.9	44.7	41.3	39.3	38.6	38.8	36.0	29.2	22.3	20.6	20.9	22.3	20.9
2018/01/18 17:03:33	56.9	26.8	26.8	40.4	40.4	51.9	51.9	53.3	53.3	51.1	55.4	51.9	47.4	51.5	47.2	45.1	44.7	46.2	49.4	49.8	48.9	46.3	42.9	40.2	40.3	39.7	36.4	30.8	24.0	22.4	21.6	22.4	20.9
2018/01/18 17:03:34	58.3	31.5	31.5	45.0	45.0	56.8	56.8	57.0	57.0	54.2	56.6	52.9	47.7	55.7	47.6	47.0	46.3	47.1	49.0	50.7	50.2	48.5	44.9	42.8	43.2	42.0	39.2	33.5	27.3	23.3	22.2	22.7	21.4
