DataTime                     	dB(A)	16	20	25	31.5	40	50	63	80	100	125	160	200	250	315	400	500	630	800	1000	1250	1600	2000	2500	3150	4000	5000	6300	8000	10000	12500	16000	20000
2018/01/24 14:26:22	52.7	34.3	34.3	43.5	43.5	58.3	58.3	60.3	60.3	52.1	44.2	44.2	43.8	45.6	39.8	38.0	40.8	41.9	41.4	46.0	44.1	45.0	40.5	37.3	33.8	32.0	29.5	24.3	21.3	21.0	21.4	22.1	20.8
2018/01/24 14:26:23	54.2	33.8	33.8	48.4	48.4	60.3	60.3	60.0	60.0	49.1	43.4	42.1	37.6	41.4	39.5	40.4	44.6	44.6	41.8	45.0	47.9	45.8	41.2	38.5	37.5	38.2	37.8	33.6	28.5	25.2	23.9	24.1	23.1
2018/01/24 14:26:24	55.7	35.8	35.8	48.6	48.6	61.7	61.7	61.6	61.6	50.0	43.8	42.5	38.2	41.9	39.0	40.5	44.8	44.5	43.8	47.7	49.8	47.7	41.7	40.2	40.0	38.7	36.8	30.6	24.4	22.3	21.8	22.3	20.8
2018/01/24 14:26:25	57.3	33.2	33.2	48.8	48.8	62.1	62.1	61.8	61.8	49.2	42.8	43.6	39.4	45.5	42.0	41.9	48.6	48.5	46.5	50.2	48.8	46.6	46.2	44.7	43.9	39.9	37.7	31.2	23.4	20.9	21.2	21.7	20.6
2018/01/24 14:26:26	61.5	33.7	33.7	48.3	48.3	60.6	60.6	61.1	61.1	52.2	44.2	46.2	44.8	48.6	45.6	46.3	50.4	48.3	47.0	49.0	51.7	55.4	53.2	49.5	46.0	46.6	44.5	38.4	28.2	23.1	21.8	22.1	20.7
2018/01/24 14:26:27	68.3	36.4	36.4	55.4	55.4	64.5	64.5	62.3	62.3	55.5	51.1	49.5	49.3	51.6	48.2	48.8	52.6	55.7	54.0	59.6	61.5	60.9	58.5	55.2	53.4	52.8	51.0	45.8	35.7	29.0	24.7	24.3	23.0
2018/01/24 14:26:28	69.0	39.5	39.5	54.9	54.9	68.3	68.3	69.3	69.3	58.9	52.5	52.5	47.3	52.8	52.8	53.0	57.5	54.9	54.9	60.1	61.4	60.6	59.1	57.1	55.8	54.7	53.1	47.9	40.3	35.3	31.4	30.5	29.5
2018/01/24 14:26:29	61.0	31.6	31.6	47.3	47.3	62.1	62.1	68.6	68.6	64.1	55.7	59.1	51.4	56.4	49.6	49.2	49.8	48.8	49.1	51.8	50.7	51.5	50.7	50.8	45.7	43.2	43.4	37.0	27.7	22.2	21.3	21.8	20.8
2018/01/24 14:26:30	55.8	33.3	33.3	48.7	48.7	61.2	61.2	70.6	70.6	69.3	56.5	54.6	51.3	49.3	47.2	43.1	46.8	43.9	42.7	42.3	43.9	42.2	40.8	37.5	36.3	35.5	31.2	25.7	20.9	20.4	20.9	21.8	20.6
2018/01/24 14:26:31	55.1	33.3	33.3	44.8	44.8	58.3	58.3	67.4	67.4	66.8	55.9	56.4	54.0	51.8	48.5	43.6	45.5	45.0	43.3	42.8	43.1	42.3	38.8	36.9	35.5	34.4	30.4	25.5	20.6	20.7	21.0	21.8	20.7
2018/01/24 14:26:32	58.5	29.4	29.4	50.1	50.1	59.8	59.8	68.8	68.8	71.0	63.0	57.4	56.2	56.5	45.9	48.4	47.3	48.5	47.0	46.1	47.6	45.7	43.6	38.8	37.8	36.3	33.9	28.8	21.9	20.9	21.5	22.0	20.9
2018/01/24 14:26:33	56.4	35.3	35.3	49.8	49.8	61.8	61.8	70.2	70.2	69.2	58.7	56.8	53.2	52.4	46.3	46.2	47.9	46.9	44.4	42.6	43.1	42.6	40.4	37.0	36.0	35.8	33.1	28.3	22.0	20.9	21.0	21.8	20.9
2018/01/24 14:26:34	55.2	32.4	32.4	48.9	48.9	63.0	63.0	67.1	67.1	61.0	56.3	58.7	50.3	53.3	48.1	44.9	47.5	47.5	44.8	43.2	43.3	42.5	40.4	36.5	35.6	35.6	33.3	29.0	22.4	20.9	21.5	22.0	20.9
2018/01/24 14:26:35	59.0	33.2	33.2	48.7	48.7	67.3	67.3	73.8	73.8	69.1	57.4	59.7	50.6	55.2	54.5	50.3	50.6	50.0	46.0	45.5	46.9	44.8	42.2	39.1	40.8	41.2	38.9	37.2	28.3	24.9	23.8	23.8	22.5
2018/01/24 14:26:36	62.8	36.2	36.2	50.0	50.0	69.9	69.9	77.3	77.3	73.2	61.3	61.4	57.0	58.5	57.1	54.5	53.5	53.2	51.4	50.6	51.0	49.3	46.4	45.7	45.6	45.3	44.6	41.3	32.9	29.0	26.7	25.5	23.9
2018/01/24 14:26:37	64.3	38.5	38.5	55.4	55.4	69.4	69.4	77.5	77.5	73.8	60.2	65.6	59.3	61.7	57.3	56.0	53.2	53.6	53.5	51.3	54.3	51.9	47.2	47.9	47.3	48.1	46.2	42.6	36.0	30.1	26.5	25.6	23.9
2018/01/24 14:26:38	64.9	42.4	42.4	54.9	54.9	72.8	72.8	80.4	80.4	76.7	61.4	63.9	53.5	59.2	56.0	53.6	52.5	54.7	52.5	53.2	53.2	51.7	50.1	49.1	48.5	48.8	46.3	41.0	34.5	28.9	26.1	24.1	23.2
2018/01/24 14:26:39	68.4	46.6	46.6	58.7	58.7	75.4	75.4	83.9	83.9	80.6	67.5	71.1	59.8	58.9	58.8	57.6	58.5	59.5	54.7	55.1	55.2	54.5	53.6	51.2	50.0	51.2	48.0	43.6	34.7	29.1	25.2	23.4	21.6
2018/01/24 14:26:40	72.7	50.7	50.7	62.0	62.0	80.6	80.6	89.3	89.3	86.1	67.9	66.9	53.3	61.3	66.6	64.3	60.8	60.8	59.7	56.9	60.4	57.6	55.2	53.5	53.2	55.8	57.2	53.4	47.1	47.4	45.6	44.4	45.1
2018/01/24 14:26:41	72.5	49.9	49.9	61.5	61.5	79.4	79.4	88.1	88.1	84.7	65.3	67.8	55.0	59.9	66.8	66.5	60.8	58.0	58.7	58.1	62.4	57.6	56.0	54.4	54.6	58.5	56.8	52.9	43.9	39.5	36.0	35.4	34.0
2018/01/24 14:26:42	70.9	48.9	48.9	59.1	59.1	76.9	76.9	86.1	86.1	83.4	67.1	71.1	61.3	62.9	60.9	59.0	57.2	60.2	57.1	57.0	58.0	57.8	56.7	54.6	54.5	56.4	56.6	51.5	42.2	36.5	31.9	29.4	26.8
2018/01/24 14:26:43	70.6	48.6	48.6	60.4	60.4	72.0	72.0	82.7	82.7	81.6	69.6	73.6	64.4	64.5	61.6	56.4	54.9	58.3	60.1	59.8	58.3	58.4	58.0	54.6	53.3	54.6	53.6	49.4	39.4	35.3	28.6	27.7	24.4
2018/01/24 14:26:44	70.5	43.0	43.0	58.1	58.1	68.4	68.4	76.9	76.9	76.7	70.0	75.9	70.5	65.6	62.6	57.4	56.1	56.1	57.4	60.4	60.0	59.6	57.6	54.9	53.0	52.9	52.3	47.0	37.5	31.5	26.4	24.9	22.4
2018/01/24 14:26:45	68.5	38.3	38.3	58.1	58.1	65.3	65.3	73.7	73.7	75.7	68.1	68.0	65.5	62.4	58.5	56.4	55.2	55.3	57.5	59.7	58.9	58.6	57.0	54.7	52.8	52.1	51.1	45.6	37.0	32.5	26.4	24.9	23.2
2018/01/24 14:26:46	66.4	33.3	33.3	57.8	57.8	64.4	64.4	69.4	69.4	73.0	66.2	64.3	63.1	59.0	56.6	54.0	54.9	53.7	54.5	57.1	56.2	58.3	54.6	53.0	50.4	50.5	48.6	43.7	33.1	27.6	23.6	23.2	21.3
2018/01/24 14:26:47	63.9	31.4	31.4	53.5	53.5	63.0	63.0	68.2	68.2	68.4	61.6	62.6	60.2	58.2	58.4	54.3	52.2	53.9	53.1	52.2	54.2	53.4	52.3	51.8	48.7	47.4	46.4	39.9	28.7	23.7	21.9	22.2	20.8
2018/01/24 14:26:48	61.4	39.0	39.0	52.7	52.7	71.2	71.2	74.6	74.6	67.3	59.8	60.1	50.9	53.2	52.9	50.9	51.2	50.3	49.4	52.9	52.4	50.2	49.7	46.6	43.5	41.4	39.7	33.9	24.3	21.6	21.2	22.2	20.8
2018/01/24 14:26:49	59.1	34.0	34.0	48.5	48.5	64.7	64.7	67.9	67.9	60.7	55.6	58.5	50.3	52.4	49.4	48.8	48.6	49.3	47.1	49.8	51.5	50.1	45.6	44.1	42.9	39.9	38.7	31.4	23.6	21.4	21.4	21.9	20.7
2018/01/24 14:26:50	59.9	30.1	30.1	52.5	52.5	61.0	61.0	62.4	62.4	60.4	59.8	59.9	52.2	53.6	49.9	49.9	49.4	50.0	49.9	51.9	51.1	49.7	47.6	45.2	44.2	42.3	40.1	32.9	25.1	21.3	21.5	22.0	20.5
2018/01/24 14:26:51	62.5	37.2	37.2	55.0	55.0	67.0	67.0	67.6	67.6	59.5	59.1	56.7	51.2	56.5	48.9	49.4	52.9	54.1	53.4	55.2	53.3	51.6	48.4	48.1	47.9	47.9	46.1	39.3	31.1	25.3	22.9	25.0	21.2
2018/01/24 14:26:52	65.8	41.0	41.0	54.1	54.1	69.5	69.5	70.7	70.7	61.0	60.2	58.2	51.8	56.2	52.6	54.6	57.4	56.7	55.5	56.9	55.2	54.9	52.0	53.5	54.8	53.6	51.3	46.2	38.2	32.5	28.6	31.4	30.7
2018/01/24 14:26:53	65.7	39.7	39.7	57.9	57.9	66.7	66.7	65.7	65.7	60.8	56.0	55.0	50.5	55.2	56.8	55.3	55.2	55.1	57.2	54.2	54.3	55.4	54.0	52.9	52.9	55.3	53.6	48.1	39.6	32.6	29.6	28.4	24.8
2018/01/24 14:26:54	69.3	33.4	33.4	51.9	51.9	57.9	57.9	64.2	64.2	64.5	59.1	62.0	50.8	54.9	56.5	58.1	57.6	58.1	57.9	58.5	56.5	58.6	58.2	58.0	58.1	59.3	58.1	52.7	46.1	38.7	36.5	33.5	30.4
2018/01/24 14:26:55	73.1	35.2	35.2	57.8	57.8	64.4	64.4	66.5	66.5	67.9	65.5	66.9	61.4	59.2	59.6	62.7	64.7	62.5	62.7	60.2	60.9	60.8	61.2	62.6	61.6	62.8	61.9	58.6	52.1	48.2	44.2	43.9	42.2
2018/01/24 14:26:56	67.7	33.5	33.5	58.3	58.3	65.8	65.8	61.6	61.6	63.3	61.6	63.4	66.3	66.4	54.5	58.2	62.6	60.0	54.9	56.6	57.0	55.4	52.1	53.0	52.3	54.0	53.0	49.2	42.7	38.6	31.6	29.7	25.9
2018/01/24 14:26:57	61.6	31.9	31.9	54.8	54.8	62.6	62.6	59.8	59.8	58.5	56.0	58.3	61.0	60.8	51.7	54.4	57.5	52.1	48.5	49.3	50.9	50.2	46.6	45.4	46.3	44.4	43.5	36.5	29.6	24.7	22.0	22.1	20.8
2018/01/24 14:26:58	57.8	31.3	31.3	49.8	49.8	58.8	58.8	58.2	58.2	57.0	53.1	55.4	56.0	56.7	47.5	51.5	53.1	47.9	45.8	45.5	47.1	47.5	43.9	41.9	41.1	40.3	37.6	31.8	24.7	21.4	21.2	21.8	20.6
2018/01/24 14:26:59	56.8	28.5	28.5	50.1	50.1	59.0	59.0	58.4	58.4	55.5	52.7	54.1	52.7	54.9	47.6	49.5	50.5	47.2	48.1	46.9	45.6	44.8	43.7	41.9	41.0	39.6	37.2	32.8	25.9	23.2	21.6	22.2	20.7
2018/01/24 14:27:00	56.8	27.0	27.0	48.4	48.4	56.9	56.9	57.8	57.8	55.3	51.2	52.0	53.2	54.3	47.7	49.5	50.3	47.5	46.5	46.6	46.1	46.6	42.5	42.7	41.8	41.5	37.7	32.0	24.4	21.7	21.4	22.1	21.1
2018/01/24 14:27:01	55.7	27.7	27.7	44.4	44.4	55.2	55.2	58.7	58.7	56.6	50.5	53.3	53.5	52.3	45.7	48.1	48.7	45.6	46.5	46.4	46.0	44.6	40.7	40.4	40.0	38.1	35.2	29.5	24.3	21.8	21.7	22.1	21.0
2018/01/24 14:27:02	53.2	23.4	23.4	43.0	43.0	54.8	54.8	59.2	59.2	55.7	49.1	49.8	40.0	46.3	45.0	48.5	44.6	44.6	44.6	44.1	42.6	43.0	39.9	37.6	36.2	34.1	32.4	27.6	22.6	21.3	21.1	22.0	20.8
2018/01/24 14:27:03	54.0	27.0	27.0	41.0	41.0	53.6	53.6	60.4	60.4	58.1	48.8	47.1	43.7	46.5	47.1	49.5	46.2	45.7	44.7	44.6	43.5	42.6	40.3	37.9	37.5	37.1	35.2	28.9	22.5	21.3	21.0	21.9	20.7
2018/01/24 14:27:04	55.0	27.2	27.2	42.9	42.9	53.2	53.2	56.3	56.3	54.3	49.4	47.6	45.6	48.2	47.0	50.4	48.0	46.8	45.0	45.6	44.8	43.8	40.6	39.1	38.3	39.8	38.7	34.8	26.1	22.4	21.0	21.7	20.5
2018/01/24 14:27:05	55.3	29.0	29.0	47.0	47.0	57.0	57.0	57.7	57.7	55.1	49.7	47.4	45.8	47.6	48.1	49.1	48.3	46.0	46.2	46.4	44.1	43.6	40.9	39.5	40.0	42.1	40.3	35.0	26.3	22.1	21.1	21.9	20.6
2018/01/24 14:27:06	54.0	28.4	28.4	45.8	45.8	55.4	55.4	54.8	54.8	52.0	49.7	47.3	44.6	49.3	46.9	49.2	46.4	44.3	43.3	44.4	42.3	42.9	40.1	39.4	39.3	41.3	38.5	31.9	25.7	21.7	21.1	22.1	20.8
2018/01/24 14:27:07	52.7	29.1	29.1	44.6	44.6	55.3	55.3	57.8	57.8	54.9	52.3	49.2	39.4	46.9	46.9	48.1	44.0	44.7	40.6	42.8	41.3	42.5	37.8	38.1	37.4	36.6	34.7	29.5	23.7	21.8	21.3	22.1	20.6
2018/01/24 14:27:08	57.3	30.0	30.0	43.3	43.3	57.0	57.0	58.2	58.2	53.7	52.3	51.0	47.1	49.2	49.4	51.4	50.0	53.5	46.2	44.8	45.9	45.5	42.7	42.6	42.0	39.4	38.8	35.4	28.1	23.4	22.1	22.2	20.8
2018/01/24 14:27:09	58.4	31.4	31.4	44.8	44.8	55.7	55.7	57.7	57.7	55.4	50.7	53.9	51.2	54.5	51.9	54.4	49.4	48.7	48.7	49.7	47.3	46.5	44.7	45.1	42.3	41.1	40.2	35.5	28.0	24.5	22.3	22.7	20.9
2018/01/24 14:27:10	59.4	34.2	34.2	47.9	47.9	61.0	61.0	62.7	62.7	58.0	55.0	59.2	51.2	55.0	53.1	57.7	51.5	49.4	47.9	48.2	48.4	46.9	44.3	44.5	43.0	42.0	41.2	35.7	27.4	23.6	21.4	22.5	20.9
2018/01/24 14:27:11	59.7	35.6	35.6	53.7	53.7	63.9	63.9	65.2	65.2	62.0	58.9	59.5	53.2	56.8	54.6	56.2	51.1	49.6	49.4	47.9	47.6	47.1	45.6	44.6	43.4	42.0	41.7	36.6	27.0	24.1	21.6	22.9	20.9
2018/01/24 14:27:12	59.6	37.3	37.3	54.3	54.3	65.3	65.3	66.1	66.1	63.0	62.0	62.3	57.0	57.6	54.5	55.6	49.6	49.0	48.8	48.5	47.0	46.4	43.6	43.0	42.1	39.8	39.3	32.6	25.1	23.8	22.0	22.6	21.1
2018/01/24 14:27:13	62.7	39.7	39.7	58.8	58.8	68.6	68.6	70.8	70.8	69.7	69.0	66.7	57.9	60.1	56.5	57.2	52.2	53.1	51.4	49.8	50.1	47.9	47.0	48.0	45.8	41.9	40.9	34.6	27.1	24.0	22.6	23.2	21.2
2018/01/24 14:27:14	64.9	42.6	42.6	56.3	56.3	66.5	66.5	69.9	69.9	68.7	67.5	68.2	64.6	65.3	60.2	58.5	54.5	54.3	54.6	51.0	48.3	51.7	51.0	49.3	48.3	44.8	43.4	38.4	30.6	25.7	22.7	22.7	21.5
2018/01/24 14:27:15	62.7	33.0	33.0	52.4	52.4	59.9	59.9	62.2	62.2	63.5	61.9	60.4	55.9	64.0	57.4	55.2	52.2	53.3	52.3	51.3	50.4	50.8	49.1	48.2	48.2	47.0	46.3	40.1	33.7	29.5	24.9	24.5	22.9
2018/01/24 14:27:16	62.6	36.4	36.4	51.8	51.8	60.7	60.7	63.5	63.5	63.3	62.5	60.4	54.4	62.1	55.4	54.6	55.1	54.6	51.9	50.4	49.0	51.8	49.3	48.1	48.9	47.5	46.4	41.4	33.8	30.2	26.7	28.1	27.7
2018/01/24 14:27:17	63.4	35.5	35.5	50.8	50.8	59.8	59.8	61.2	61.2	61.2	60.9	60.2	56.3	59.9	55.5	54.3	56.1	55.0	53.4	52.9	51.7	52.7	50.0	50.1	49.3	48.9	48.8	43.5	37.4	32.8	31.9	32.7	32.2
2018/01/24 14:27:18	68.7	35.0	35.0	51.9	51.9	59.6	59.6	62.3	62.3	64.6	64.9	64.2	59.5	62.1	59.8	57.8	60.9	62.3	60.3	57.4	57.4	56.7	55.5	54.9	56.5	55.1	54.4	48.6	39.2	37.4	37.0	34.5	34.3
2018/01/24 14:27:19	73.7	39.4	39.4	56.8	56.8	64.9	64.9	66.4	66.4	67.8	67.7	67.5	64.2	66.1	64.6	63.0	66.1	65.1	63.7	62.0	61.4	61.1	60.3	62.3	62.2	62.2	61.5	55.8	47.2	46.0	43.4	40.5	37.7
2018/01/24 14:27:20	76.3	41.7	41.7	57.8	57.8	66.8	66.8	68.5	68.5	65.3	63.5	66.2	63.4	64.9	67.0	65.0	64.8	63.4	65.2	63.6	64.8	65.2	64.5	66.1	66.5	65.6	64.7	58.7	49.0	49.5	48.9	45.4	41.0
2018/01/24 14:27:21	72.4	40.6	40.6	60.4	60.4	66.5	66.5	67.1	67.1	67.3	64.8	65.8	61.2	62.0	63.4	62.2	61.6	61.1	62.1	61.4	61.0	62.6	60.3	59.9	61.5	60.3	60.8	56.1	48.0	43.2	40.5	38.3	35.8
2018/01/24 14:27:22	69.1	36.4	36.4	56.1	56.1	61.9	61.9	64.9	64.9	65.6	64.1	65.8	59.5	63.9	58.7	61.4	60.1	60.2	61.5	58.9	57.5	56.6	55.8	56.3	56.9	54.6	54.4	49.5	43.4	38.3	34.9	31.7	29.8
2018/01/24 14:27:23	63.9	32.7	32.7	51.9	51.9	58.8	58.8	61.2	61.2	61.9	58.2	60.4	55.2	57.6	54.0	52.3	54.2	55.7	55.2	55.8	53.7	52.8	51.3	51.2	49.3	47.3	46.6	41.4	34.7	29.3	27.7	26.7	24.8
2018/01/24 14:27:24	61.5	35.3	35.3	54.6	54.6	60.2	60.2	63.0	63.0	64.5	60.8	62.3	57.1	59.1	56.7	51.4	52.3	51.8	51.4	50.7	49.9	49.1	48.5	47.6	46.1	45.3	45.7	41.5	35.7	31.5	32.2	31.3	29.9
2018/01/24 14:27:25	60.2	41.0	41.0	57.5	57.5	66.1	66.1	67.8	67.8	67.1	65.3	65.1	57.3	56.8	54.6	50.3	50.3	48.3	49.2	48.6	48.3	46.0	44.2	44.8	44.7	42.4	41.7	37.5	32.1	28.3	26.9	26.4	24.5
2018/01/24 14:27:26	60.1	43.6	43.6	55.7	55.7	67.5	67.5	69.1	69.1	67.3	65.9	65.6	55.7	61.0	55.4	49.9	49.2	49.6	47.7	45.9	45.2	45.4	43.4	41.0	42.2	39.5	37.6	32.2	26.3	24.1	22.8	22.6	21.1
2018/01/24 14:27:27	59.7	41.1	41.1	54.9	54.9	64.9	64.9	67.9	67.9	66.5	61.5	62.8	59.0	60.6	55.1	51.6	50.0	50.7	49.8	46.0	44.9	43.8	43.6	41.6	42.0	37.4	34.9	28.3	22.5	20.8	21.0	21.8	20.5
2018/01/24 14:27:28	57.2	41.3	41.3	56.4	56.4	64.8	64.8	66.0	66.0	64.6	61.8	61.0	55.5	56.6	51.5	47.1	49.2	47.2	46.1	44.8	44.6	41.6	40.3	40.6	39.0	35.9	34.1	26.7	22.3	21.2	21.1	21.9	20.6
2018/01/24 14:27:29	60.9	38.7	38.7	56.7	56.7	65.6	65.6	67.1	67.1	66.3	64.5	66.1	63.2	63.3	58.2	49.8	49.5	46.6	45.7	46.1	45.5	42.5	41.9	42.1	40.4	37.7	35.9	29.6	24.7	23.2	21.8	22.5	21.1
2018/01/24 14:27:30	62.5	39.5	39.5	55.9	55.9	66.0	66.0	69.6	69.6	69.1	66.1	68.3	60.6	63.6	60.8	56.8	54.3	50.0	47.0	44.2	44.6	42.5	41.2	40.8	39.9	39.6	36.5	30.9	35.1	23.7	21.8	22.4	20.8
2018/01/24 14:27:31	68.9	41.6	41.6	61.9	61.9	71.0	71.0	74.0	74.0	72.5	70.2	74.5	66.4	72.3	67.0	64.7	61.8	52.7	49.3	47.3	45.8	44.0	42.0	41.0	40.2	38.3	35.4	29.6	23.9	20.8	21.1	22.0	20.7
2018/01/24 14:27:32	57.2	37.3	37.3	55.9	55.9	64.2	64.2	65.1	65.1	65.3	62.3	61.6	54.7	55.1	49.0	45.9	47.1	47.6	44.7	45.3	45.0	44.5	42.6	41.4	39.7	39.3	36.8	30.7	31.1	21.8	21.2	21.9	20.6
2018/01/24 14:27:33	57.0	33.3	33.3	54.0	54.0	62.1	62.1	63.0	63.0	61.7	58.0	57.5	48.8	51.6	49.2	50.1	49.5	49.3	45.6	45.6	46.7	44.4	43.3	42.8	41.4	42.2	40.6	33.2	25.2	22.0	21.3	22.2	20.7
2018/01/24 14:27:34	58.9	32.6	32.6	51.8	51.8	59.8	59.8	59.7	59.7	56.5	54.7	52.4	48.0	53.8	48.2	50.7	53.0	51.8	47.4	47.3	47.3	45.1	45.8	47.7	46.2	46.3	42.7	39.3	29.2	22.8	21.5	22.0	20.8
2018/01/24 14:27:35	61.2	30.9	30.9	50.5	50.5	60.0	60.0	59.8	59.8	55.0	53.0	53.9	50.9	57.2	50.9	50.9	54.3	53.9	48.4	48.1	47.5	49.2	49.2	51.9	48.3	48.3	48.2	41.6	32.3	24.3	22.0	22.1	20.9
2018/01/24 14:27:36	65.7	31.2	31.2	48.9	48.9	59.9	59.9	61.3	61.3	56.5	54.0	56.3	55.8	61.4	55.0	53.7	56.2	51.3	49.1	51.5	52.3	54.3	54.3	54.1	54.4	56.9	55.9	51.1	40.6	32.5	29.2	27.5	24.8
2018/01/24 14:27:37	75.6	37.4	37.4	55.1	55.1	68.6	68.6	68.8	68.8	61.0	63.0	61.1	55.9	64.1	64.3	64.1	62.9	59.4	60.4	57.3	59.3	63.3	66.6	65.7	64.8	67.4	65.2	61.7	54.1	49.3	47.2	46.7	46.9
2018/01/24 14:27:38	67.7	37.3	37.3	54.4	54.4	65.6	65.6	65.5	65.5	61.1	64.1	60.3	51.7	61.9	55.4	58.6	57.7	52.2	53.2	52.1	53.4	55.0	57.1	57.3	58.4	58.2	56.7	52.7	45.1	41.2	38.4	36.8	35.4
2018/01/24 14:27:39	61.0	33.0	33.0	51.3	51.3	60.2	60.2	60.8	60.8	59.3	58.8	55.7	49.5	55.5	51.1	53.2	51.1	50.8	50.5	51.4	50.7	51.3	50.9	47.5	46.8	46.3	44.6	39.1	31.6	26.1	23.1	22.9	21.5
2018/01/24 14:27:40	65.9	33.4	33.4	51.1	51.1	60.0	60.0	61.6	61.6	59.0	55.8	54.9	49.7	53.6	52.3	52.0	55.2	55.6	54.3	58.7	58.1	56.0	54.3	52.5	51.9	51.9	49.6	45.1	39.8	33.7	27.9	25.4	23.3
2018/01/24 14:27:41	68.0	35.9	35.9	50.5	50.5	61.5	61.5	64.5	64.5	59.8	56.9	56.5	50.2	56.4	57.6	55.9	56.0	55.2	58.9	59.7	60.0	57.5	57.0	54.2	53.9	55.8	53.0	48.7	42.2	35.7	32.7	31.6	27.7
2018/01/24 14:27:42	65.8	37.6	37.6	52.1	52.1	61.6	61.6	63.4	63.4	60.3	57.5	55.0	49.1	55.6	52.8	53.4	54.5	53.5	53.1	57.1	57.4	56.7	55.6	53.3	52.1	53.1	51.6	46.1	39.3	32.5	29.6	27.2	25.5
2018/01/24 14:27:43	62.1	35.0	35.0	48.7	48.7	59.8	59.8	61.3	61.3	58.4	57.4	54.9	46.7	54.6	51.1	49.9	50.6	49.6	51.9	54.2	53.2	52.4	51.0	48.6	47.2	48.6	47.5	42.5	35.2	30.8	27.4	25.8	22.6
2018/01/24 14:27:44	60.5	35.2	35.2	50.3	50.3	60.4	60.4	60.9	60.9	58.1	56.9	54.6	48.0	52.2	52.2	48.4	49.6	50.4	51.3	51.1	52.5	52.4	48.0	44.3	44.1	43.8	44.2	38.8	32.0	26.8	29.3	24.2	21.6
2018/01/24 14:27:45	59.3	35.0	35.0	51.2	51.2	60.3	60.3	61.2	61.2	60.6	57.2	55.9	48.8	52.6	52.5	46.6	49.1	49.3	51.4	51.1	50.5	49.1	46.6	43.7	41.6	41.4	39.7	32.6	24.5	21.3	35.3	21.9	20.7
2018/01/24 14:27:46	58.5	33.4	33.4	51.0	51.0	60.4	60.4	60.3	60.3	58.2	57.7	55.5	47.4	50.6	50.9	46.1	48.1	49.1	52.1	50.4	49.6	47.3	44.0	43.6	42.1	40.1	37.7	31.8	24.1	21.3	21.3	21.7	20.7
2018/01/24 14:27:47	59.4	31.8	31.8	48.9	48.9	58.5	58.5	58.2	58.2	55.8	57.3	54.2	47.3	52.4	52.0	49.1	48.3	51.4	53.9	50.2	49.0	46.6	46.3	45.5	43.6	41.2	40.1	33.7	25.1	22.7	21.2	22.0	20.7
2018/01/24 14:27:48	62.3	31.9	31.9	51.4	51.4	59.7	59.7	59.5	59.5	57.6	54.5	52.9	50.8	54.1	50.5	52.5	50.6	51.4	53.6	51.3	55.0	54.5	50.3	47.2	45.7	44.9	44.1	38.2	29.8	27.0	21.4	22.0	20.8
2018/01/24 14:27:49	66.7	30.4	30.4	49.8	49.8	57.3	57.3	56.5	56.5	56.3	56.6	55.2	52.1	56.4	52.1	54.0	52.5	56.9	60.5	59.3	59.5	56.0	52.6	51.4	49.9	48.9	49.3	44.2	35.7	31.3	24.6	23.9	24.1
2018/01/24 14:27:50	67.6	30.1	30.1	50.4	50.4	58.7	58.7	59.5	59.5	56.0	55.8	55.5	50.3	58.5	58.6	54.5	55.9	58.3	59.2	59.0	58.9	57.9	55.2	54.3	53.3	53.4	52.7	47.8	40.5	37.5	31.5	31.5	32.3
2018/01/24 14:27:51	63.4	34.1	34.1	49.3	49.3	56.9	56.9	57.6	57.6	56.8	54.3	53.0	51.8	55.2	52.9	51.7	52.8	54.8	54.9	55.1	53.3	53.9	52.5	50.6	48.0	47.3	45.9	39.8	34.2	29.3	24.4	23.6	22.0
2018/01/24 14:27:52	63.1	35.6	35.6	55.3	55.3	60.7	60.7	58.1	58.1	58.4	52.9	52.2	51.6	59.4	52.8	52.1	53.2	52.9	51.0	52.9	54.1	55.6	52.8	49.9	47.7	46.1	44.5	37.2	27.8	22.5	21.2	22.0	20.7
2018/01/24 14:27:53	64.3	40.0	40.0	61.3	61.3	69.7	69.7	66.6	66.6	58.4	54.9	54.3	54.0	60.4	53.3	53.0	53.9	52.4	52.1	56.6	55.7	55.0	52.7	52.2	48.8	48.2	47.0	40.5	31.1	25.5	22.9	23.0	21.9
2018/01/24 14:27:54	63.7	41.3	41.3	59.7	59.7	69.6	69.6	67.3	67.3	57.6	55.6	56.6	50.4	56.1	54.9	52.8	52.2	52.1	53.4	54.4	54.8	54.0	53.0	52.1	49.7	49.2	47.7	42.0	35.5	32.2	30.9	29.8	30.5
2018/01/24 14:27:55	63.3	40.2	40.2	57.6	57.6	68.8	68.8	67.7	67.7	59.5	56.3	54.3	49.3	57.2	56.6	52.2	52.3	50.6	52.8	53.1	53.1	52.4	51.3	51.2	50.6	50.8	50.9	45.7	40.2	35.9	33.4	33.1	32.8
2018/01/24 14:27:56	59.7	33.5	33.5	53.2	53.2	62.6	62.6	61.7	61.7	58.7	53.2	55.1	52.2	55.0	50.4	48.7	49.1	49.3	48.2	50.5	50.3	49.5	47.8	47.2	46.0	45.3	44.4	40.1	33.7	29.6	26.3	25.6	24.6
2018/01/24 14:27:57	62.9	28.5	28.5	52.1	52.1	59.5	59.5	60.0	60.0	58.9	53.9	51.5	50.2	53.5	50.5	49.5	50.9	49.8	51.7	55.5	55.4	54.1	51.1	50.3	48.8	47.8	45.3	40.0	33.7	28.1	24.7	23.5	22.4
2018/01/24 14:27:58	63.7	30.0	30.0	54.7	54.7	61.1	61.1	58.7	58.7	57.4	52.9	51.1	48.5	54.5	55.3	51.4	50.8	50.3	55.2	56.2	55.5	53.6	51.6	50.5	49.3	49.3	47.2	42.4	34.8	29.2	26.7	25.8	23.4
2018/01/24 14:27:59	62.0	30.3	30.3	56.0	56.0	62.9	62.9	60.1	60.1	58.1	52.9	51.0	50.7	51.3	49.6	49.7	50.7	50.9	51.6	53.5	53.4	52.3	51.0	50.2	49.0	47.4	45.1	40.0	32.1	26.3	24.5	23.2	21.7
2018/01/24 14:28:00	61.8	34.1	34.1	57.2	57.2	64.6	64.6	62.2	62.2	56.4	52.5	52.2	48.9	50.4	50.9	49.8	49.4	50.5	53.2	52.6	51.5	53.0	51.9	50.2	47.8	46.5	43.8	38.2	28.0	22.8	21.6	22.0	20.8
2018/01/24 14:28:01	64.3	31.6	31.6	57.3	57.3	63.2	63.2	60.1	60.1	58.1	53.6	49.9	47.3	50.3	53.7	51.5	51.0	49.0	50.6	53.7	55.1	57.8	55.0	52.1	50.5	49.8	46.7	39.8	29.6	25.4	22.6	22.4	20.8
2018/01/24 14:28:02	68.4	40.4	40.4	61.6	61.6	65.9	65.9	64.9	64.9	65.1	55.9	52.2	50.1	54.6	55.5	52.9	53.4	57.0	59.3	60.3	57.5	59.0	58.7	57.7	55.6	54.8	52.0	46.6	37.9	32.3	32.9	28.3	25.3
2018/01/24 14:28:03	67.2	40.7	40.7	57.9	57.9	62.9	62.9	64.3	64.3	63.6	56.3	55.0	50.0	56.8	57.8	56.8	53.9	53.3	59.6	58.5	57.4	56.6	57.5	56.4	52.9	50.9	50.0	44.0	37.8	33.3	33.6	28.1	26.0
2018/01/24 14:28:04	59.7	30.0	30.0	50.3	50.3	58.4	58.4	60.7	60.7	60.0	56.5	54.6	48.1	53.4	53.6	50.6	49.4	47.8	49.3	51.3	49.7	49.4	48.7	48.4	44.7	41.2	42.0	33.5	28.3	23.4	22.6	22.7	21.8
2018/01/24 14:28:05	57.5	33.0	33.0	48.2	48.2	57.4	57.4	57.4	57.4	55.5	52.6	50.3	45.5	50.5	49.5	48.2	47.7	46.4	48.6	48.8	48.8	50.0	45.0	40.4	38.6	37.0	34.3	27.6	22.6	20.6	21.0	22.2	20.6
2018/01/24 14:28:06	57.5	31.8	31.8	47.7	47.7	58.5	58.5	59.2	59.2	54.3	48.4	48.0	44.7	48.9	50.4	50.6	48.5	49.7	48.1	49.4	49.5	47.6	44.0	39.9	38.4	36.9	34.4	28.6	23.2	21.0	21.0	22.0	20.7
2018/01/24 14:28:07	58.5	30.8	30.8	46.7	46.7	57.7	57.7	58.1	58.1	54.7	49.2	47.0	43.3	50.4	51.6	48.9	49.9	50.7	48.8	50.7	50.8	48.0	44.6	42.4	41.9	39.1	35.7	29.6	22.9	21.2	21.1	21.9	20.7
2018/01/24 14:28:08	59.4	30.9	30.9	45.9	45.9	56.1	56.1	56.8	56.8	52.4	49.7	49.8	45.2	51.6	51.3	48.2	48.4	50.9	50.2	51.1	51.5	49.0	46.8	46.3	44.8	41.6	38.9	32.7	25.2	21.8	21.2	21.8	20.9
2018/01/24 14:28:09	62.3	31.8	31.8	47.5	47.5	58.6	58.6	59.5	59.5	53.5	50.8	49.7	47.3	52.6	50.8	49.9	51.4	53.7	52.3	52.7	51.9	54.9	52.6	49.4	47.0	45.9	43.6	36.5	28.9	24.1	22.4	22.6	21.1
2018/01/24 14:28:10	67.6	35.4	35.4	50.9	50.9	61.6	61.6	61.5	61.5	55.1	53.0	52.7	48.4	56.4	55.0	54.6	54.5	54.2	55.6	59.2	60.5	59.8	56.4	55.2	52.7	52.0	48.9	43.7	35.2	29.7	24.6	23.5	22.7
2018/01/24 14:28:11	71.1	40.8	40.8	56.2	56.2	64.8	64.8	67.1	67.1	62.5	55.6	54.5	50.7	57.4	60.4	62.2	60.6	59.2	62.4	63.5	61.9	61.6	59.6	58.1	57.4	55.3	53.9	49.1	40.8	35.4	31.3	30.2	29.1
2018/01/24 14:28:12	67.9	42.1	42.1	57.5	57.5	64.5	64.5	65.1	65.1	61.0	57.6	54.6	50.1	57.8	58.3	58.0	60.1	57.0	58.0	61.2	58.7	58.1	55.6	53.9	53.6	51.2	50.2	45.0	38.1	32.6	27.4	25.7	23.3
2018/01/24 14:28:13	65.6	37.4	37.4	54.4	54.4	61.2	61.2	61.3	61.3	57.4	53.9	52.6	50.6	58.2	59.2	52.5	52.5	56.4	59.3	58.1	56.6	54.9	53.0	49.9	48.2	48.5	46.3	42.3	34.1	29.5	25.2	23.9	21.9
2018/01/24 14:28:14	62.8	36.2	36.2	51.4	51.4	61.5	61.5	61.4	61.4	54.3	49.2	48.7	45.5	51.4	52.4	49.2	50.7	51.1	53.8	56.5	55.1	53.8	51.1	47.3	45.1	43.9	42.3	37.4	30.7	25.5	22.4	22.3	21.0
2018/01/24 14:28:15	60.1	29.2	29.2	48.9	48.9	59.5	59.5	59.2	59.2	52.7	50.2	49.3	45.8	50.5	51.4	47.9	49.4	49.9	49.5	54.3	51.2	51.8	48.1	43.7	41.2	40.4	38.1	32.5	24.9	21.4	21.2	21.8	20.6
2018/01/24 14:28:16	58.9	31.4	31.4	49.8	49.8	58.8	58.8	57.6	57.6	52.1	50.9	53.1	48.4	52.4	52.0	47.1	47.9	47.6	48.3	50.0	50.9	50.8	47.0	45.2	42.7	41.4	38.5	31.9	25.1	21.4	22.1	22.1	20.7
2018/01/24 14:28:17	58.9	33.1	33.1	50.3	50.3	60.1	60.1	59.6	59.6	53.7	51.5	50.9	48.5	51.2	50.8	46.3	47.6	47.6	49.1	49.7	49.0	51.3	49.9	45.3	41.9	40.4	37.6	31.9	24.2	21.1	21.2	21.9	20.7
2018/01/24 14:28:18	61.2	28.9	28.9	51.6	51.6	59.4	59.4	57.9	57.9	55.4	53.6	49.8	48.1	50.2	50.3	46.2	51.5	52.3	52.1	52.4	51.2	52.5	50.7	49.5	46.3	43.7	41.7	35.5	28.4	24.1	22.0	22.0	20.5
2018/01/24 14:28:19	62.9	26.6	26.6	56.9	56.9	63.4	63.4	59.0	59.0	55.1	52.0	48.8	44.9	51.8	52.4	51.2	52.4	52.9	54.9	54.5	52.9	53.8	52.5	50.2	47.4	46.6	45.3	41.1	31.9	27.6	24.1	23.6	21.7
2018/01/24 14:28:20	62.0	32.4	32.4	62.5	62.5	68.1	68.1	63.1	63.1	56.6	52.7	49.9	48.9	52.9	54.5	50.8	53.3	52.3	55.0	53.3	52.5	51.7	49.9	47.4	45.4	44.7	44.7	39.7	31.3	27.3	24.4	23.7	22.0
2018/01/24 14:28:21	61.4	33.6	33.6	59.5	59.5	64.7	64.7	60.4	60.4	55.8	51.0	52.7	53.2	54.1	51.7	50.0	52.0	53.8	52.8	52.1	53.9	51.0	48.5	47.0	44.0	43.5	41.8	36.6	27.0	23.5	21.8	22.3	21.1
2018/01/24 14:28:22	61.7	29.6	29.6	54.7	54.7	59.5	59.5	55.5	55.5	54.5	51.4	51.3	51.4	54.1	51.5	49.1	50.6	53.2	56.2	52.6	52.8	51.9	48.2	45.9	43.6	42.6	41.4	35.9	27.1	22.8	21.6	22.1	20.6
2018/01/24 14:28:23	64.6	31.7	31.7	58.5	58.5	64.5	64.5	60.8	60.8	54.2	51.7	51.5	50.2	54.2	54.0	53.8	56.5	55.3	57.3	56.8	56.0	54.8	51.2	49.2	47.4	46.4	46.3	41.6	35.0	31.2	24.9	24.2	21.7
2018/01/24 14:28:24	66.6	29.5	29.5	54.3	54.3	62.2	62.2	60.9	60.9	55.5	51.1	50.3	48.1	55.8	55.5	55.8	54.3	57.0	61.6	57.1	58.6	56.4	54.0	49.4	48.6	48.7	49.3	44.7	36.2	32.6	29.2	27.6	22.8
2018/01/24 14:28:25	66.5	31.4	31.4	53.6	53.6	61.5	61.5	61.2	61.2	59.4	55.2	52.8	50.7	56.0	56.5	57.4	56.4	56.2	60.0	57.8	58.1	56.6	54.6	50.3	49.3	49.0	48.0	44.5	36.4	33.8	28.4	26.6	24.8
2018/01/24 14:28:26	65.1	26.9	26.9	51.1	51.1	58.1	58.1	56.6	56.6	56.2	52.7	50.4	47.7	53.6	54.6	56.0	55.0	55.5	57.7	57.4	56.7	54.8	53.3	48.8	48.3	48.7	46.7	41.7	34.4	29.6	25.9	24.5	22.1
2018/01/24 14:28:27	61.1	25.8	25.8	46.4	46.4	54.8	54.8	56.1	56.1	53.6	47.7	48.4	46.3	52.5	49.8	51.1	49.9	51.2	52.4	53.1	52.0	52.6	49.7	45.7	45.4	45.6	43.4	38.2	29.4	24.6	22.5	22.6	21.1
2018/01/24 14:28:28	59.9	29.5	29.5	49.5	49.5	58.1	58.1	56.6	56.6	53.5	50.7	48.5	45.7	51.5	52.0	52.3	53.0	48.5	50.2	51.3	51.4	49.6	47.3	45.7	44.1	44.9	41.8	36.0	28.1	24.1	22.3	22.3	21.1
2018/01/24 14:28:29	58.1	31.6	31.6	47.9	47.9	58.9	58.9	58.8	58.8	54.4	52.9	49.9	45.4	51.1	50.9	49.8	50.2	47.9	48.8	48.5	49.2	48.0	46.7	43.0	42.9	42.4	40.1	34.7	26.9	24.7	22.6	22.7	21.4
2018/01/24 14:28:30	60.2	28.0	28.0	47.0	47.0	56.4	56.4	57.7	57.7	57.2	53.5	48.1	42.9	50.7	50.9	51.4	52.5	48.7	50.3	52.0	49.0	50.9	48.8	46.9	47.3	45.3	43.8	40.4	35.7	32.3	28.5	27.3	23.6
2018/01/24 14:28:31	63.0	29.3	29.3	46.8	46.8	53.1	53.1	55.6	55.6	57.0	53.9	50.8	48.4	54.7	52.1	51.0	53.2	56.9	51.8	53.4	54.9	51.7	50.6	51.1	48.9	47.4	46.1	42.1	38.1	34.3	31.1	29.6	25.6
2018/01/24 14:28:32	59.3	29.0	29.0	44.4	44.4	53.6	53.6	54.6	54.6	54.6	54.9	53.2	49.1	54.7	49.0	49.9	50.2	51.2	50.9	50.1	49.7	47.6	46.4	46.4	44.9	44.2	42.5	38.4	34.0	28.9	25.8	24.9	23.2
2018/01/24 14:28:33	55.9	28.1	28.1	46.4	46.4	53.9	53.9	55.5	55.5	54.7	53.0	50.3	45.8	50.6	47.4	44.5	45.6	47.6	46.5	44.8	47.1	45.2	44.5	43.7	40.9	40.5	38.8	31.7	26.4	22.7	21.4	22.1	20.7
2018/01/24 14:28:34	55.1	26.4	26.4	45.1	45.1	54.6	54.6	56.0	56.0	54.9	52.1	50.7	44.3	47.3	45.9	45.4	44.5	46.2	45.2	44.8	46.1	45.6	42.9	42.8	40.4	40.7	37.5	29.7	24.0	21.2	21.3	21.8	20.6
2018/01/24 14:28:35	52.2	25.9	25.9	42.3	42.3	51.1	51.1	51.9	51.9	52.9	50.0	48.3	42.4	48.2	45.4	41.1	42.3	41.8	41.7	43.3	43.7	41.5	40.9	38.0	37.3	35.8	32.7	27.0	21.6	20.6	21.1	22.0	20.7
2018/01/24 14:28:36	53.2	24.4	24.4	41.9	41.9	49.1	49.1	51.5	51.5	52.3	47.7	49.3	42.6	49.4	44.4	46.5	48.2	42.4	42.1	44.0	44.0	41.6	40.1	39.4	36.6	36.0	33.6	27.4	22.2	21.1	21.2	22.0	20.8
2018/01/24 14:28:37	53.8	25.2	25.2	40.6	40.6	50.1	50.1	51.2	51.2	50.4	49.8	50.1	43.8	47.3	45.6	48.8	49.7	43.4	42.0	43.2	43.1	43.0	40.8	39.7	38.8	36.1	35.4	29.7	23.8	22.3	22.0	22.5	21.4
2018/01/24 14:28:38	54.1	25.4	25.4	40.6	40.6	52.6	52.6	53.5	53.5	48.7	51.1	49.8	40.6	44.8	46.9	48.2	49.9	44.5	41.8	42.2	42.4	43.9	44.0	38.7	38.0	38.6	34.7	29.2	24.1	21.8	21.2	22.1	21.0
2018/01/24 14:28:39	54.6	23.6	23.6	37.8	37.8	49.9	49.9	52.9	52.9	47.6	46.8	49.7	40.3	46.8	47.3	49.5	49.6	44.9	43.0	42.8	42.1	43.5	44.2	41.9	39.0	40.4	37.7	30.0	24.2	21.5	21.2	22.2	20.9
2018/01/24 14:28:40	51.7	25.2	25.2	40.8	40.8	50.6	50.6	52.1	52.1	49.3	49.5	50.2	39.2	43.6	43.5	45.5	47.6	40.6	41.5	42.9	40.1	40.2	39.9	37.5	33.9	33.3	30.8	27.5	22.3	21.1	21.5	22.1	20.9
2018/01/24 14:28:41	51.3	24.3	24.3	39.3	39.3	49.3	49.3	50.1	50.1	49.6	50.2	53.1	39.3	42.6	43.6	44.0	46.1	41.4	41.4	42.8	41.2	40.0	37.5	35.0	33.5	32.3	28.8	23.0	20.4	20.3	20.9	21.7	20.7
2018/01/24 14:28:42	51.3	24.6	24.6	38.5	38.5	48.0	48.0	48.3	48.3	49.2	49.6	51.1	38.7	43.2	42.2	44.0	48.0	40.6	40.7	42.6	41.6	40.9	37.9	33.5	31.4	31.4	28.1	23.2	20.5	20.5	20.9	21.8	20.5
2018/01/24 14:28:43	50.7	23.5	23.5	35.0	35.0	47.0	47.0	51.2	51.2	49.8	48.7	48.4	37.8	42.5	41.8	41.6	46.0	41.1	40.0	41.5	41.4	40.1	37.4	35.3	34.7	34.5	31.9	25.9	21.8	20.6	21.1	21.9	20.7
2018/01/24 14:28:44	49.4	25.0	25.0	38.7	38.7	47.5	47.5	49.6	49.6	49.6	48.1	47.1	39.1	42.3	40.0	40.7	42.9	40.8	39.4	39.8	39.7	37.6	36.6	35.5	35.4	34.8	32.7	26.4	21.8	20.6	20.9	22.0	20.6
2018/01/24 14:28:45	49.8	25.7	25.7	40.1	40.1	51.1	51.1	51.8	51.8	49.2	48.1	46.0	40.3	42.3	41.0	41.9	43.1	42.1	39.5	41.9	39.9	38.5	35.6	34.2	32.6	33.9	33.0	28.2	23.4	21.9	21.7	22.0	20.8
2018/01/24 14:28:46	49.1	23.8	23.8	37.4	37.4	48.9	48.9	51.1	51.1	49.3	47.0	46.5	40.3	43.5	42.5	42.2	42.4	40.8	39.1	40.9	39.3	37.3	34.3	32.1	31.7	33.1	31.0	26.9	23.1	21.2	21.3	22.1	20.7
2018/01/24 14:28:47	49.1	24.4	24.4	39.5	39.5	48.9	48.9	51.3	51.3	48.6	46.3	48.2	37.4	42.2	41.8	42.9	45.1	41.3	39.3	40.1	38.8	36.5	34.4	32.6	29.7	28.0	25.1	21.7	19.9	20.1	20.9	21.5	20.6
2018/01/24 14:28:48	50.6	23.7	23.7	37.3	37.3	47.4	47.4	50.2	50.2	47.0	45.3	44.7	39.2	45.2	42.7	44.3	44.7	43.0	42.2	42.0	40.1	38.3	37.2	35.6	32.8	31.5	28.3	22.0	20.0	20.3	20.9	21.5	20.5
2018/01/24 14:28:49	50.8	23.3	23.3	38.4	38.4	47.7	47.7	49.1	49.1	45.2	45.4	45.8	37.1	43.7	42.4	45.8	47.6	43.7	40.1	42.0	39.3	38.8	36.4	33.4	31.1	29.7	27.3	23.7	20.8	20.2	21.3	21.8	20.5
2018/01/24 14:28:50	50.9	26.9	26.9	39.7	39.7	53.8	53.8	55.5	55.5	48.9	47.5	46.9	38.3	45.0	44.7	45.6	46.3	42.6	40.8	40.9	39.2	40.4	38.1	34.5	31.8	30.8	28.1	24.4	21.1	20.7	21.0	22.1	20.5
2018/01/24 14:28:51	50.6	28.8	28.8	42.9	42.9	56.7	56.7	57.7	57.7	49.8	47.8	45.0	39.8	45.7	42.6	43.4	45.4	41.9	41.7	41.2	39.5	39.5	36.8	35.3	32.5	31.3	29.4	25.1	21.9	20.6	21.1	21.7	20.8
2018/01/24 14:28:52	50.6	29.7	29.7	47.5	47.5	57.3	57.3	56.5	56.5	50.1	49.6	47.8	39.9	45.7	40.8	41.9	44.5	42.0	41.2	41.1	40.1	39.4	36.6	36.7	34.6	34.3	31.7	26.1	23.3	20.6	21.2	22.0	20.6
2018/01/24 14:28:53	50.6	24.4	24.4	37.9	37.9	47.4	47.4	50.7	50.7	50.5	47.5	48.6	42.9	45.5	42.3	42.9	44.2	41.6	41.2	42.3	39.9	39.7	36.8	37.2	34.5	32.4	29.1	24.4	21.1	21.2	20.7	21.7	20.4
2018/01/24 14:28:54	51.5	24.1	24.1	37.3	37.3	48.6	48.6	52.7	52.7	50.9	46.0	48.1	41.4	44.9	42.5	45.5	45.5	42.1	43.5	41.3	40.6	40.4	38.3	37.8	35.7	34.3	32.7	27.7	22.8	21.6	21.2	21.9	20.7
2018/01/24 14:28:55	53.5	23.6	23.6	39.2	39.2	47.7	47.7	50.6	50.6	48.7	47.7	48.4	42.3	45.2	44.3	44.3	45.2	43.3	47.1	41.8	43.4	45.1	40.0	39.1	38.9	36.6	34.6	30.5	22.9	21.9	21.8	22.3	20.9
2018/01/24 14:28:56	55.2	25.3	25.3	41.0	41.0	51.2	51.2	52.3	52.3	48.3	46.0	48.7	42.3	45.7	46.2	46.0	46.0	45.3	47.8	45.1	45.4	47.0	41.6	40.8	40.7	39.9	38.0	31.3	24.3	23.0	21.7	22.1	20.9
2018/01/24 14:28:57	56.0	25.9	25.9	43.0	43.0	51.1	51.1	51.0	51.0	47.6	45.3	48.9	42.9	46.9	45.5	47.3	47.9	45.8	47.3	46.0	46.2	47.6	41.5	41.6	42.9	42.5	40.0	32.8	25.0	22.3	21.8	21.9	20.7
2018/01/24 14:28:58	57.3	29.4	29.4	45.2	45.2	54.3	54.3	59.5	59.5	59.1	53.8	53.5	43.7	48.2	48.7	50.2	50.9	47.0	48.4	46.8	45.7	47.3	44.2	44.2	44.7	42.2	38.7	35.5	25.4	22.0	21.2	22.0	20.7
2018/01/24 14:28:59	59.5	27.0	27.0	43.3	43.3	52.5	52.5	57.2	57.2	56.1	53.3	56.1	47.1	50.3	49.2	50.4	52.3	49.2	48.1	46.4	47.6	50.3	48.2	48.5	47.0	46.0	45.6	37.8	29.1	23.9	22.0	22.3	20.8
2018/01/24 14:29:00	62.9	27.0	27.0	43.2	43.2	53.5	53.5	55.8	55.8	53.2	52.4	54.1	49.2	49.4	49.2	49.2	51.5	49.3	47.0	48.1	55.3	53.6	51.4	52.0	51.5	53.3	49.0	44.2	35.3	28.8	24.4	24.0	22.1
2018/01/24 14:29:01	69.7	30.2	30.2	43.3	43.3	55.7	55.7	60.5	60.5	57.7	53.7	56.4	53.1	54.4	56.5	56.9	55.2	55.6	54.0	56.3	61.2	59.0	57.6	60.2	59.0	59.1	59.1	53.7	47.7	41.8	38.1	39.4	39.3
2018/01/24 14:29:02	71.9	33.3	33.3	46.3	46.3	57.6	57.6	61.2	61.2	59.0	57.3	58.1	52.0	57.0	60.0	59.1	56.0	57.6	57.4	57.0	64.3	60.9	60.4	62.5	60.5	60.5	60.8	56.8	50.5	45.8	41.7	42.8	50.2
2018/01/24 14:29:03	68.3	36.1	36.1	48.6	48.6	63.2	63.2	65.5	65.5	62.2	60.6	61.2	50.4	54.5	54.7	53.9	56.0	55.7	55.1	54.9	59.3	60.5	57.7	56.5	56.3	55.3	56.8	52.0	46.6	41.7	37.6	35.6	32.8
2018/01/24 14:29:04	59.4	33.8	33.8	54.5	54.5	61.7	61.7	63.1	63.1	65.5	63.4	65.2	48.2	50.9	51.8	49.4	49.7	50.8	47.7	47.8	46.9	47.4	46.5	44.9	44.3	42.1	41.5	36.2	32.0	25.3	22.5	22.5	21.2
2018/01/24 14:29:05	59.2	32.5	32.5	55.3	55.3	61.7	61.7	63.5	63.5	65.2	64.5	68.7	50.8	52.5	50.3	49.6	49.6	49.5	46.9	45.5	44.8	43.0	42.8	40.5	39.0	37.3	36.0	31.5	26.9	21.6	21.1	21.9	20.6
2018/01/24 14:29:06	57.2	32.1	32.1	46.8	46.8	58.3	58.3	59.2	59.2	55.0	60.6	61.1	45.3	51.7	51.3	53.7	49.6	48.3	46.5	47.5	44.8	43.9	42.3	40.0	40.0	37.4	35.4	31.1	24.4	21.5	21.1	22.2	20.8
2018/01/24 14:29:07	60.8	33.1	33.1	45.3	45.3	56.9	56.9	64.8	64.8	62.9	60.8	66.4	48.4	54.5	57.8	58.2	54.4	50.5	48.7	47.3	45.6	45.3	44.6	40.8	43.5	43.1	42.7	40.3	27.4	23.6	22.2	22.7	20.9
2018/01/24 14:29:08	60.7	30.3	30.3	45.8	45.8	54.9	54.9	65.4	65.4	67.6	58.2	50.6	46.5	51.6	54.5	53.9	52.9	50.6	50.4	49.3	48.1	48.4	50.3	46.0	47.6	46.6	46.0	44.1	32.6	28.5	25.2	24.6	22.3
2018/01/24 14:29:09	62.4	33.8	33.8	52.1	52.1	61.5	61.5	65.7	65.7	64.1	55.3	55.7	46.0	51.8	53.5	49.4	53.5	53.0	56.6	50.0	50.7	49.3	50.5	46.4	49.3	49.8	50.4	46.0	35.5	32.0	29.2	28.6	25.1
2018/01/24 14:29:10	62.9	29.3	29.3	46.9	46.9	57.8	57.8	59.0	59.0	52.9	50.9	53.0	47.6	52.4	49.6	51.4	55.8	53.1	56.1	52.6	51.3	50.9	52.1	47.3	50.2	50.8	49.3	45.7	37.9	34.1	29.2	28.1	25.0
2018/01/24 14:29:11	61.8	29.8	29.8	46.0	46.0	56.3	56.3	58.2	58.2	55.1	50.4	51.2	48.4	51.2	48.3	49.4	53.9	51.4	54.9	51.7	50.6	51.1	50.9	47.0	50.0	48.0	47.0	42.2	35.4	31.4	26.2	23.8	22.1
2018/01/24 14:29:12	63.3	29.8	29.8	52.7	52.7	59.3	59.3	60.2	60.2	59.2	54.5	52.7	48.7	52.5	49.7	50.6	53.5	52.8	54.6	54.6	53.6	53.7	53.0	51.2	49.0	47.8	47.7	42.8	34.7	30.0	25.2	24.1	22.3
2018/01/24 14:29:13	65.8	32.0	32.0	48.5	48.5	57.7	57.7	61.5	61.5	62.1	55.7	55.1	48.7	57.3	57.5	52.9	53.1	52.7	58.8	57.3	57.3	55.8	54.5	51.2	50.8	49.9	49.5	45.3	35.6	30.4	25.9	26.6	23.6
2018/01/24 14:29:14	64.1	32.2	32.2	50.4	50.4	59.3	59.3	62.5	62.5	62.0	54.7	56.4	46.9	53.4	54.5	52.2	53.3	51.4	55.6	55.6	55.6	54.7	52.2	51.2	50.2	49.1	48.4	43.1	34.8	31.2	26.8	25.7	23.1
2018/01/24 14:29:15	62.8	27.2	27.2	46.7	46.7	55.3	55.3	58.2	58.2	59.3	54.2	53.5	49.7	51.9	50.7	48.9	52.6	53.2	53.7	54.4	54.4	53.3	50.9	49.7	47.9	47.2	46.2	41.2	32.0	29.8	39.5	25.0	24.9
2018/01/24 14:29:16	62.7	27.9	27.9	48.5	48.5	56.6	56.6	58.9	58.9	57.5	52.5	53.5	49.6	52.2	50.9	49.3	53.0	51.9	53.2	55.3	53.1	52.4	52.0	50.2	47.9	47.1	45.8	41.0	33.6	32.9	47.1	29.9	25.0
2018/01/24 14:29:17	64.1	31.8	31.8	47.1	47.1	55.1	55.1	58.7	58.7	58.2	53.0	53.3	51.4	54.0	50.0	53.5	54.8	51.2	52.0	54.0	57.0	56.8	53.5	50.1	47.7	46.8	44.8	39.7	31.5	28.8	28.4	27.1	23.3
2018/01/24 14:29:18	68.6	35.7	35.7	54.0	54.0	60.1	60.1	58.0	58.0	54.3	55.1	55.5	50.3	54.7	53.1	56.2	55.3	56.6	59.4	62.1	60.6	59.3	56.4	55.7	53.7	52.1	50.4	46.2	38.1	32.0	30.5	28.4	24.6
2018/01/24 14:29:19	69.7	40.2	40.2	56.1	56.1	59.8	59.8	59.9	59.9	60.0	56.9	55.8	50.2	56.0	57.5	60.3	58.7	55.7	62.1	62.4	60.6	59.9	58.3	56.8	54.6	54.2	52.5	48.3	42.1	37.2	32.5	31.1	26.7
2018/01/24 14:29:20	60.8	30.3	30.3	46.7	46.7	54.9	54.9	57.0	57.0	57.6	55.4	55.1	53.9	54.3	49.4	48.5	49.7	51.7	53.8	54.5	52.2	49.3	47.4	44.6	43.0	41.8	39.5	34.9	27.7	22.8	21.7	22.0	20.8
2018/01/24 14:29:21	57.5	30.4	30.4	47.5	47.5	55.8	55.8	56.3	56.3	54.0	52.0	51.0	47.7	49.7	48.5	47.8	48.3	47.6	50.2	50.4	48.9	45.8	45.9	40.4	39.6	39.8	35.8	31.3	25.9	22.4	21.6	22.6	20.9
2018/01/24 14:29:22	57.7	34.5	34.5	49.4	49.4	58.1	58.1	61.3	61.3	58.8	55.0	55.2	49.4	53.5	51.4	48.9	48.4	46.6	47.3	49.7	49.5	45.0	44.5	41.6	41.1	42.5	41.4	36.9	28.2	24.6	23.3	23.1	21.3
2018/01/24 14:29:23	61.0	32.6	32.6	54.0	54.0	62.6	62.6	60.3	60.3	61.9	59.9	55.0	49.6	57.5	52.4	47.5	47.2	48.9	48.7	50.6	52.9	50.8	49.2	45.4	47.5	48.6	48.5	43.8	34.3	30.7	29.0	27.6	24.6
2018/01/24 14:29:24	63.3	37.1	37.1	56.7	56.7	64.8	64.8	62.5	62.5	64.9	63.1	56.2	51.2	57.7	51.0	49.6	50.1	47.6	50.8	52.3	54.6	55.7	52.0	47.8	51.0	50.3	49.5	43.8	37.8	32.2	28.3	27.2	24.6
2018/01/24 14:29:25	62.7	37.1	37.1	53.0	53.0	63.6	63.6	62.7	62.7	59.1	58.9	54.7	49.6	51.3	51.0	49.7	52.9	51.8	49.8	53.1	54.7	55.2	50.2	48.2	48.1	48.9	48.1	42.0	35.4	30.0	26.1	24.1	22.9
2018/01/24 14:29:26	62.6	32.7	32.7	50.4	50.4	59.5	59.5	59.8	59.8	59.8	57.6	54.6	51.6	56.8	53.0	49.5	56.5	53.9	52.2	53.5	51.4	52.2	50.7	48.9	49.0	49.0	47.4	41.9	34.5	28.5	25.1	24.3	22.1
2018/01/24 14:29:27	59.5	34.7	34.7	50.5	50.5	59.9	59.9	58.6	58.6	56.9	54.8	51.1	49.1	53.6	52.0	51.5	51.3	51.3	49.7	50.6	50.6	48.1	47.2	44.7	43.7	43.9	42.5	37.1	27.9	23.5	21.9	22.0	20.9
2018/01/24 14:29:28	57.7	33.2	33.2	47.2	47.2	55.2	55.2	57.6	57.6	56.0	51.9	49.9	41.6	49.3	50.5	46.9	48.7	47.7	47.3	49.4	49.7	47.4	46.1	42.0	42.6	41.0	40.5	36.4	28.4	24.8	23.3	22.1	20.9
2018/01/24 14:29:29	59.1	35.5	35.5	55.9	55.9	61.1	61.1	55.6	55.6	52.5	48.7	48.4	44.4	50.6	49.4	48.3	52.1	50.2	48.1	51.2	48.8	49.2	46.8	45.0	46.7	44.0	43.1	39.2	33.5	28.9	27.4	23.6	22.0
2018/01/24 14:29:30	58.8	33.6	33.6	57.6	57.6	64.7	64.7	61.1	61.1	53.7	48.8	52.1	48.3	51.1	49.1	46.0	52.7	51.5	48.0	50.3	48.9	47.2	46.5	43.8	45.7	42.3	42.6	38.0	32.3	26.9	25.5	23.2	21.3
2018/01/24 14:29:31	57.6	28.8	28.8	47.0	47.0	54.0	54.0	55.7	55.7	54.7	49.9	52.2	55.3	56.3	48.5	46.0	49.9	49.2	48.0	48.4	46.7	45.6	46.2	42.8	42.3	41.5	38.9	35.3	26.8	22.4	21.6	21.9	20.8
2018/01/24 14:29:32	58.2	30.3	30.3	53.9	53.9	59.7	59.7	57.2	57.2	53.2	47.9	49.6	48.5	52.1	49.3	45.6	49.4	47.7	48.3	48.2	48.4	50.3	48.3	43.8	41.6	42.3	41.4	37.3	29.4	23.5	21.7	22.1	20.8
2018/01/24 14:29:33	62.3	31.6	31.6	53.0	53.0	59.3	59.3	57.6	57.6	56.3	50.0	51.0	47.4	51.9	49.8	45.9	47.3	49.0	52.3	54.1	53.6	54.3	52.5	48.7	45.9	47.3	47.3	44.4	36.7	28.0	24.5	24.0	21.9
2018/01/24 14:29:34	67.6	32.1	32.1	56.4	56.4	61.6	61.6	61.7	61.7	62.1	53.8	50.6	46.6	54.5	56.4	54.3	53.9	54.9	59.5	58.4	57.5	57.6	57.8	54.6	52.6	53.8	55.3	52.9	44.3	37.2	35.0	32.3	28.9
2018/01/24 14:29:35	63.2	35.7	35.7	52.1	52.1	60.5	60.5	62.3	62.3	60.3	55.0	52.5	45.1	53.5	52.1	48.4	50.9	50.6	52.1	56.7	54.2	53.1	52.7	48.8	48.4	47.6	48.8	45.9	36.4	32.0	28.8	26.1	23.9
2018/01/24 14:29:36	56.9	29.7	29.7	48.1	48.1	57.3	57.3	57.7	57.7	54.5	51.7	52.0	44.6	50.2	47.4	51.2	51.3	47.5	47.2	49.2	46.5	44.8	44.0	42.7	39.3	36.8	35.3	30.6	23.2	20.9	20.9	22.0	20.8
2018/01/24 14:29:37	56.7	30.3	30.3	47.5	47.5	57.4	57.4	58.1	58.1	53.1	48.2	48.4	42.2	48.8	47.2	42.1	44.1	45.4	47.6	47.0	47.5	48.5	47.6	44.4	41.1	38.6	37.0	32.8	25.5	27.1	22.7	22.1	26.0
2018/01/24 14:29:38	59.0	31.2	31.2	51.2	51.2	59.5	59.5	59.6	59.6	57.5	56.1	53.4	45.2	50.1	45.2	44.7	49.4	48.0	47.6	50.7	50.1	49.5	47.7	47.8	44.2	42.7	42.5	36.7	30.1	31.9	27.0	32.2	43.2
2018/01/24 14:29:39	59.6	27.8	27.8	46.7	46.7	53.9	53.9	55.8	55.8	54.7	52.3	49.6	43.2	52.0	50.0	46.4	47.6	47.1	50.3	51.8	51.2	48.5	49.4	47.4	45.0	44.8	44.0	39.3	30.7	28.1	25.7	28.2	23.5
2018/01/24 14:29:40	60.3	32.3	32.3	50.8	50.8	60.1	60.1	63.9	63.9	63.5	59.4	53.5	48.3	51.9	51.5	46.5	49.4	50.4	53.0	52.3	51.6	49.1	46.0	44.5	43.3	44.3	42.8	38.0	31.1	28.3	26.9	37.2	54.2
2018/01/24 14:29:41	58.1	35.1	35.1	47.8	47.8	52.9	52.9	54.6	54.6	52.2	49.9	50.2	44.1	48.3	46.9	47.1	50.0	48.3	49.8	49.9	49.4	47.5	44.5	43.8	42.0	41.9	39.9	33.8	30.3	44.3	24.9	37.7	52.7
2018/01/24 14:29:42	58.3	37.4	37.4	49.3	49.3	56.5	56.5	59.4	59.4	59.0	55.6	54.3	47.0	48.3	45.8	46.9	50.0	49.3	51.3	51.1	50.0	46.8	43.3	42.1	41.0	40.3	38.1	32.1	25.4	22.3	21.8	22.9	21.1
2018/01/24 14:29:43	58.6	31.6	31.6	47.7	47.7	55.5	55.5	59.9	59.9	57.3	49.3	47.7	42.4	48.9	46.5	47.3	51.2	49.8	51.9	50.0	48.1	47.5	46.4	45.8	42.9	41.2	40.8	34.2	26.8	22.4	21.5	22.6	20.7
2018/01/24 14:29:44	62.5	28.4	28.4	51.5	51.5	59.1	59.1	60.7	60.7	57.2	51.8	53.3	48.4	52.7	49.3	49.1	51.4	51.0	51.9	51.4	54.6	55.7	52.0	48.1	46.4	45.6	44.9	38.2	30.9	24.6	22.1	22.3	20.8
2018/01/24 14:29:45	68.0	28.3	28.3	49.8	49.8	58.4	58.4	61.5	61.5	59.0	53.9	55.1	49.5	53.8	50.0	50.0	53.2	56.5	61.0	60.9	59.4	60.0	55.5	54.1	51.8	50.9	50.1	44.6	37.4	29.7	25.5	24.4	22.8
2018/01/24 14:29:46	70.0	31.3	31.3	47.8	47.8	56.3	56.3	62.5	62.5	61.6	58.7	56.7	46.4	55.1	55.2	56.1	58.1	58.7	64.2	63.3	60.4	60.8	57.7	54.7	52.6	52.3	50.8	46.2	39.8	33.4	31.5	28.2	26.8
2018/01/24 14:29:47	66.3	30.3	30.3	45.1	45.1	55.0	55.0	59.9	59.9	60.2	60.9	57.2	51.9	56.6	49.9	50.3	55.4	56.0	60.9	60.2	56.5	55.7	52.8	50.1	47.9	46.7	45.9	39.3	32.9	26.9	23.8	22.5	21.2
2018/01/24 14:29:48	62.6	30.4	30.4	42.4	42.4	54.0	54.0	58.3	58.3	56.5	55.6	56.2	49.2	52.8	49.0	47.4	48.2	50.6	54.6	55.0	51.2	51.6	51.4	52.1	50.5	49.4	47.0	39.1	31.3	24.3	21.8	22.1	20.8
2018/01/24 14:29:49	68.1	31.8	31.8	49.1	49.1	56.8	56.8	60.0	60.0	57.5	56.2	58.3	52.8	54.3	52.4	53.8	58.6	56.1	56.8	58.4	55.9	57.6	59.5	57.1	56.9	56.8	53.4	45.9	38.2	32.8	27.7	25.0	22.3
2018/01/24 14:29:50	71.7	33.5	33.5	53.5	53.5	61.3	61.3	62.5	62.5	59.2	56.6	57.4	52.4	59.0	58.9	59.5	60.6	60.5	61.9	61.5	61.4	61.6	63.2	59.3	59.6	59.6	56.7	51.9	44.1	39.1	33.8	33.6	28.5
2018/01/24 14:29:51	70.4	37.2	37.2	58.6	58.6	64.8	64.8	63.8	63.8	60.4	59.0	59.3	53.9	58.2	58.3	58.7	58.8	59.3	60.9	61.9	60.0	59.8	61.5	58.6	58.0	56.9	54.0	48.9	42.0	35.7	30.4	29.3	26.0
2018/01/24 14:29:52	66.0	31.0	31.0	49.6	49.6	56.2	56.2	56.3	56.3	55.6	57.3	58.2	50.8	55.8	53.5	53.5	53.4	53.5	56.7	57.9	55.4	55.4	57.2	54.6	53.1	51.8	49.4	43.6	35.7	29.5	24.8	24.4	22.5
2018/01/24 14:29:53	61.1	29.1	29.1	46.8	46.8	55.6	55.6	56.2	56.2	52.7	52.9	53.5	48.3	53.5	48.7	48.1	49.2	49.1	52.1	55.0	50.7	51.2	51.0	47.3	46.0	44.5	42.0	36.4	27.7	22.6	21.8	22.6	21.3
2018/01/24 14:29:54	57.0	31.8	31.8	47.1	47.1	54.6	54.6	55.7	55.7	49.9	47.4	46.3	45.1	50.0	48.4	45.3	48.4	45.6	46.0	49.8	48.9	47.9	45.6	42.4	39.7	40.2	37.1	31.1	24.3	21.1	21.3	22.0	20.7
2018/01/24 14:29:55	55.7	27.3	27.3	43.3	43.3	51.7	51.7	55.9	55.9	54.8	50.4	48.6	44.0	49.2	48.5	46.1	48.2	45.7	46.3	45.6	45.4	46.8	45.2	41.6	39.2	38.0	36.4	31.4	25.6	22.9	22.3	22.5	21.2
2018/01/24 14:29:56	56.0	26.7	26.7	42.3	42.3	50.4	50.4	53.9	53.9	52.3	47.7	48.4	43.6	48.2	49.9	49.1	47.0	46.4	48.3	48.3	45.5	44.9	44.4	41.2	39.6	36.7	35.3	30.5	24.6	22.5	21.8	22.7	21.4
2018/01/24 14:29:57	56.7	28.0	28.0	40.2	40.2	52.2	52.2	57.6	57.6	55.0	48.3	49.7	46.4	52.1	52.4	49.4	48.9	46.9	47.9	49.6	46.3	45.2	43.8	40.2	38.2	36.8	34.9	30.0	24.3	22.0	21.9	22.4	21.0
2018/01/24 14:29:58	55.5	28.2	28.2	45.0	45.0	55.4	55.4	55.6	55.6	50.2	49.0	47.9	43.5	50.5	49.2	47.2	46.9	45.6	46.9	47.9	46.6	44.9	43.2	39.3	38.1	37.0	34.5	29.9	23.0	21.7	21.6	22.2	21.0
2018/01/24 14:29:59	56.2	26.1	26.1	45.4	45.4	52.0	52.0	52.9	52.9	50.7	47.6	47.3	43.4	49.9	46.8	47.1	47.1	46.4	48.7	48.6	47.3	46.2	43.5	40.3	38.8	37.0	34.9	29.1	22.6	20.7	21.1	22.0	20.8
2018/01/24 14:30:00	56.6	28.4	28.4	45.6	45.6	55.7	55.7	55.7	55.7	51.1	47.5	47.5	41.6	46.3	47.9	46.0	48.1	46.7	48.0	48.8	46.7	47.0	45.9	43.4	39.9	37.8	36.7	31.8	23.8	22.2	21.5	22.1	21.0
2018/01/24 14:30:01	60.6	31.4	31.4	51.1	51.1	61.2	61.2	60.8	60.8	53.8	50.6	48.5	44.9	48.9	52.3	52.2	53.0	49.6	50.4	52.7	50.7	50.6	50.6	47.1	43.9	44.6	43.5	38.9	36.3	29.5	24.1	22.5	21.1
2018/01/24 14:30:02	64.7	33.0	33.0	47.9	47.9	57.8	57.8	61.0	61.0	62.7	57.7	56.1	51.8	56.1	54.5	54.7	56.3	54.7	52.7	55.7	54.1	55.5	53.6	52.2	50.2	51.6	49.8	47.2	42.6	36.7	30.1	25.0	22.3
2018/01/24 14:30:03	63.8	31.6	31.6	48.4	48.4	59.6	59.6	63.3	63.3	60.5	53.8	56.0	48.5	55.6	54.9	51.6	54.2	54.7	53.4	55.6	53.1	54.0	53.0	51.9	49.2	48.7	47.5	41.6	32.9	26.1	23.3	23.6	22.2
2018/01/24 14:30:04	62.9	35.7	35.7	52.8	52.8	58.0	58.0	57.9	57.9	55.9	50.4	55.8	51.9	56.0	52.2	51.0	53.2	51.4	51.9	54.0	52.8	55.0	53.0	49.8	47.4	47.1	46.3	40.7	33.0	29.2	26.4	25.9	25.0
2018/01/24 14:30:05	63.1	37.1	37.1	50.1	50.1	55.3	55.3	57.0	57.0	55.0	51.5	54.1	51.1	57.0	55.0	52.0	52.2	49.2	51.7	55.5	55.0	54.7	51.6	49.6	48.0	46.3	44.7	40.0	32.3	28.4	25.5	26.3	24.6
2018/01/24 14:30:06	63.7	34.7	34.7	46.6	46.6	53.8	53.8	53.9	53.9	53.1	51.6	53.8	52.2	58.1	50.6	50.3	52.0	54.3	54.0	56.2	54.4	53.9	53.3	51.8	48.4	46.8	44.9	40.0	32.6	27.2	25.5	26.2	23.1
2018/01/24 14:30:07	64.8	36.6	36.6	56.9	56.9	62.0	62.0	58.3	58.3	56.2	53.7	54.8	50.2	55.6	56.0	53.8	54.6	53.3	54.0	55.4	55.4	55.9	55.5	52.2	49.3	49.8	48.4	45.6	38.8	33.2	28.9	29.5	25.4
2018/01/24 14:30:08	66.8	35.1	35.1	54.7	54.7	63.4	63.4	62.9	62.9	59.5	58.7	57.3	51.6	57.7	57.4	54.7	55.9	55.9	56.4	58.5	57.7	57.4	56.4	54.1	52.5	52.2	49.1	45.9	39.7	34.1	27.4	24.8	22.6
2018/01/24 14:30:09	69.2	36.7	36.7	54.4	54.4	63.3	63.3	63.1	63.1	55.4	56.1	57.6	50.3	57.2	61.9	58.3	57.8	57.5	58.8	60.8	59.0	59.2	59.7	56.9	54.5	56.7	52.8	47.6	39.7	33.1	30.8	28.4	27.9
2018/01/24 14:30:10	65.6	37.8	37.8	56.6	56.6	64.1	64.1	62.4	62.4	58.2	57.3	63.2	51.7	56.4	55.3	54.2	53.0	51.9	53.1	57.9	56.8	56.1	55.0	53.3	52.1	52.0	49.9	44.3	35.2	30.0	26.5	24.6	23.3
2018/01/24 14:30:11	65.4	39.0	39.0	57.3	57.3	64.9	64.9	64.7	64.7	61.2	59.8	62.1	51.7	54.8	52.7	50.5	53.5	52.4	53.0	56.4	55.6	55.9	55.5	54.1	52.6	52.7	51.4	45.8	36.3	30.8	27.5	26.0	24.3
2018/01/24 14:30:12	64.5	45.2	45.2	64.7	64.7	69.1	69.1	66.1	66.1	65.0	59.5	60.8	53.1	56.1	53.4	50.8	52.2	51.7	54.5	54.3	53.4	53.1	53.3	52.4	51.1	53.7	53.2	48.6	39.9	35.9	32.7	30.8	29.4
2018/01/24 14:30:13	64.4	48.3	48.3	61.3	61.3	67.4	67.4	69.6	69.6	69.0	66.4	67.1	60.0	61.2	58.6	55.1	53.0	54.3	51.6	52.2	53.0	52.9	51.9	51.2	49.1	50.3	48.0	43.4	36.4	32.1	29.9	29.4	27.8
2018/01/24 14:30:14	68.9	44.5	44.5	60.3	60.3	70.4	70.4	71.3	71.3	69.3	69.9	68.1	62.6	65.2	60.7	57.8	57.4	58.5	57.2	59.5	58.6	58.7	57.4	56.3	53.8	55.2	51.6	46.4	39.0	35.0	31.2	28.6	26.1
2018/01/24 14:30:15	68.5	41.3	41.3	59.5	59.5	70.8	70.8	72.1	72.1	69.4	70.9	68.8	64.0	65.4	60.6	57.3	57.4	56.9	56.4	57.9	57.8	57.1	56.0	54.1	54.4	57.9	52.4	46.5	39.4	35.4	32.4	29.9	28.1
2018/01/24 14:30:16	66.9	40.5	40.5	59.6	59.6	69.5	69.5	71.8	71.8	72.8	72.6	72.3	66.4	67.5	62.9	57.0	54.3	55.9	52.7	51.8	52.4	51.8	52.7	49.3	48.6	49.3	45.6	38.7	29.8	25.5	23.4	23.8	21.6
2018/01/24 14:30:17	61.4	38.5	38.5	54.7	54.7	63.9	63.9	66.2	66.2	65.8	64.2	64.7	58.7	60.3	56.2	52.9	51.8	49.4	49.0	49.4	50.7	50.0	47.8	45.5	45.1	44.5	41.0	33.7	25.9	22.2	21.3	22.3	21.0
2018/01/24 14:30:18	61.7	40.0	40.0	54.2	54.2	64.7	64.7	67.4	67.4	65.4	64.5	66.7	62.1	62.3	58.9	52.7	51.5	50.2	48.5	47.2	46.7	47.5	46.7	44.6	42.8	42.7	39.9	33.5	26.7	23.7	23.1	23.8	22.3
2018/01/24 14:30:19	61.0	40.8	40.8	57.6	57.6	67.3	67.3	69.8	69.8	66.9	65.2	65.7	55.2	59.0	53.8	52.7	50.7	51.9	50.3	49.8	49.0	46.7	45.4	44.9	44.3	42.3	40.3	33.3	26.9	23.7	22.1	22.7	21.4
2018/01/24 14:30:20	64.8	35.2	35.2	55.5	55.5	65.2	65.2	67.6	67.6	65.8	63.4	65.5	61.8	64.5	60.1	55.8	53.2	55.5	54.9	53.8	51.9	51.3	49.5	51.3	50.0	51.0	48.4	42.2	35.6	31.1	26.3	24.1	21.6
2018/01/24 14:30:21	72.0	39.6	39.6	64.3	64.3	73.9	73.9	75.1	75.1	72.3	71.1	74.8	68.8	70.9	66.0	65.3	64.4	62.8	59.3	59.5	56.1	58.3	59.7	57.4	57.9	57.8	56.1	52.2	44.5	41.1	36.3	31.8	28.4
2018/01/24 14:30:22	74.7	47.8	47.8	67.5	67.5	77.0	77.0	79.2	79.2	78.8	79.3	79.1	73.4	74.6	70.5	69.1	67.2	63.0	58.9	59.0	58.9	58.6	59.6	56.7	57.9	57.5	57.4	53.2	46.3	41.5	35.1	31.6	29.5
2018/01/24 14:30:23	66.3	35.5	35.5	50.3	50.3	59.4	59.4	61.6	61.6	61.1	60.7	61.5	48.4	58.0	54.1	56.0	55.2	55.4	51.5	56.6	56.0	56.9	56.0	54.9	54.6	52.8	52.6	47.6	40.1	34.7	28.2	24.4	22.5
2018/01/24 14:30:24	63.3	35.8	35.8	52.4	52.4	62.1	62.1	63.0	63.0	61.7	60.1	60.2	52.1	56.7	53.7	52.9	53.1	53.0	48.9	49.8	53.1	53.7	52.8	51.4	52.2	49.8	50.3	44.7	36.6	30.0	25.5	23.5	21.9
2018/01/24 14:30:25	63.9	40.1	40.1	55.9	55.9	66.2	66.2	68.0	68.0	65.6	65.0	64.7	58.8	61.2	57.7	53.9	55.1	55.5	49.3	49.3	51.1	53.2	52.7	49.9	50.3	50.2	48.7	42.7	34.5	27.7	24.1	23.9	21.7
2018/01/24 14:30:26	61.4	32.6	32.6	50.8	50.8	60.6	60.6	62.3	62.3	61.1	61.6	63.5	55.0	56.3	53.4	47.1	52.3	55.0	51.2	49.9	49.1	49.7	50.2	47.6	47.4	44.9	46.0	39.5	28.3	22.8	21.5	22.0	20.7
2018/01/24 14:30:27	61.4	29.3	29.3	46.4	46.4	55.1	55.1	54.5	54.5	53.8	50.7	50.0	43.5	51.9	53.5	48.1	50.5	53.4	53.0	53.1	52.4	51.5	48.7	47.6	47.6	46.0	44.4	38.9	28.6	22.5	21.7	22.3	21.0
2018/01/24 14:30:28	60.5	27.9	27.9	44.3	44.3	53.4	53.4	53.2	53.2	50.7	49.1	50.8	41.1	52.2	55.1	47.7	47.9	52.4	51.5	51.4	52.9	50.9	48.5	45.3	45.3	41.9	40.1	34.6	27.2	22.4	21.8	22.8	21.4
2018/01/24 14:30:29	61.4	28.7	28.7	45.8	45.8	54.3	54.3	55.8	55.8	52.1	50.1	50.0	47.6	50.1	49.9	46.8	47.4	50.7	52.9	54.3	52.6	51.2	49.3	49.4	48.6	46.2	42.5	37.3	29.4	24.8	22.9	22.8	21.2
2018/01/24 14:30:30	67.6	39.3	39.3	55.2	55.2	63.4	63.4	65.0	65.0	64.3	62.4	61.8	52.4	53.9	50.5	48.3	53.7	57.9	60.0	59.6	57.0	58.3	56.4	55.6	53.6	53.9	48.8	45.0	37.6	33.3	27.3	25.3	22.5
2018/01/24 14:30:31	72.7	38.6	38.6	57.2	57.2	67.2	67.2	68.4	68.4	67.6	64.8	63.4	53.6	58.2	57.4	57.2	58.1	59.8	65.0	65.6	62.8	63.6	61.5	58.7	58.7	59.2	55.8	52.5	43.9	40.1	34.1	32.4	30.1
2018/01/24 14:30:32	70.0	33.8	33.8	51.0	51.0	61.6	61.6	61.7	61.7	58.0	56.2	53.0	47.0	53.0	52.5	53.4	54.8	56.2	61.6	61.7	60.2	60.7	59.8	57.9	58.2	57.2	53.5	49.9	41.6	37.1	32.4	29.4	27.3
2018/01/24 14:30:33	60.9	35.9	35.9	50.4	50.4	60.0	60.0	61.6	61.6	60.6	58.5	58.6	50.6	51.9	46.8	45.8	46.0	46.0	51.7	55.0	51.4	51.1	50.0	48.1	44.7	42.7	40.2	35.5	27.4	23.3	21.8	22.1	20.8
2018/01/24 14:30:34	57.6	31.3	31.3	51.7	51.7	59.7	59.7	61.1	61.1	58.9	54.0	59.7	52.7	54.7	52.5	48.5	47.4	45.5	47.3	47.8	46.1	48.3	46.2	42.3	40.1	36.5	34.6	29.5	22.7	21.6	21.2	22.2	21.2
2018/01/24 14:30:35	55.0	28.5	28.5	47.0	47.0	55.4	55.4	54.9	54.9	51.2	48.9	45.8	41.2	46.7	45.8	45.8	48.8	46.6	46.3	46.9	43.3	45.0	43.3	41.4	39.2	37.6	32.1	27.9	21.2	20.5	20.8	21.9	20.5
2018/01/24 14:30:36	53.6	26.6	26.6	45.6	45.6	54.2	54.2	54.1	54.1	51.0	48.8	46.4	39.7	44.0	42.3	45.0	47.0	46.3	46.4	45.8	42.4	42.4	40.8	38.5	36.1	33.5	30.1	24.7	20.7	20.5	21.0	21.9	20.8
2018/01/24 14:30:37	53.2	26.9	26.9	45.3	45.3	54.6	54.6	53.4	53.4	49.1	48.2	45.2	37.7	43.0	44.0	44.7	46.5	44.0	45.1	45.6	43.1	44.1	40.2	37.6	34.2	31.0	28.8	23.0	20.1	20.1	21.1	21.7	20.8
2018/01/24 14:30:38	53.2	28.1	28.1	44.8	44.8	54.3	54.3	54.6	54.6	50.0	46.3	45.1	39.7	42.6	41.8	43.6	45.5	44.0	45.3	47.1	43.1	42.8	40.8	37.5	33.8	31.2	29.1	24.0	20.5	20.6	21.0	21.9	20.5
2018/01/24 14:30:39	51.5	27.5	27.5	46.1	46.1	56.2	56.2	56.5	56.5	51.2	48.6	46.8	38.3	42.1	40.9	40.5	43.5	43.0	43.6	44.3	41.4	41.7	38.5	36.0	33.9	31.6	28.9	24.1	20.3	20.3	20.8	21.7	20.6
2018/01/24 14:30:40	50.2	28.6	28.6	42.7	42.7	51.8	51.8	55.3	55.3	53.2	49.3	47.4	40.5	41.2	42.0	40.4	42.1	40.9	43.3	42.0	40.2	39.4	37.0	34.3	32.9	30.5	29.0	24.1	20.2	20.2	21.0	21.7	20.7
2018/01/24 14:30:41	52.5	30.2	30.2	43.7	43.7	52.8	52.8	54.9	54.9	53.3	49.0	46.7	40.8	45.4	46.1	45.3	45.7	43.3	45.8	43.4	42.4	41.2	39.1	36.1	34.8	32.3	30.8	26.0	21.4	20.4	21.0	22.9	20.7
2018/01/24 14:30:42	52.3	28.3	28.3	44.3	44.3	54.5	54.5	56.4	56.4	51.6	46.5	47.3	40.4	45.2	47.0	45.5	45.7	44.9	44.4	42.5	41.5	40.7	38.6	36.4	36.1	34.8	32.1	26.9	21.6	20.5	20.9	22.1	20.6
2018/01/24 14:30:43	52.6	31.8	31.8	45.2	45.2	57.4	57.4	58.5	58.5	51.5	46.1	46.6	40.4	44.9	44.0	44.6	45.9	46.0	44.4	42.4	42.0	41.6	39.2	37.3	36.9	36.0	33.5	29.1	23.4	20.6	21.1	21.7	20.6
2018/01/24 14:30:44	53.8	25.5	25.5	39.8	39.8	54.0	54.0	58.6	58.6	54.1	45.0	47.9	40.9	47.1	47.4	46.0	48.7	46.3	44.2	43.2	42.6	41.7	40.2	40.6	39.4	37.8	36.0	32.8	25.8	21.5	21.2	21.9	20.5
2018/01/24 14:30:45	54.2	26.8	26.8	43.1	43.1	53.7	53.7	55.8	55.8	49.7	46.1	47.7	41.3	45.5	47.7	47.9	50.5	45.7	43.9	42.9	42.8	42.1	40.6	40.8	39.7	38.2	37.7	33.8	27.2	21.6	21.0	21.8	20.7
2018/01/24 14:30:46	54.7	27.0	27.0	44.2	44.2	54.5	54.5	58.3	58.3	53.9	47.1	49.2	38.8	46.4	48.4	45.8	46.7	45.9	45.4	44.7	45.4	41.8	42.7	41.9	41.9	40.1	38.1	33.8	27.9	22.4	21.4	22.0	20.8
2018/01/24 14:30:47	56.1	25.4	25.4	43.2	43.2	54.0	54.0	58.8	58.8	54.3	48.4	50.8	40.4	47.9	47.7	46.9	48.4	47.4	47.5	45.8	44.6	44.5	45.0	43.2	43.7	41.4	39.7	35.1	29.6	23.7	21.6	22.1	20.8
2018/01/24 14:30:48	58.9	27.4	27.4	42.7	42.7	55.1	55.1	60.6	60.6	57.0	49.8	53.4	41.0	47.0	46.9	47.2	47.9	49.0	48.9	45.8	49.3	48.1	49.0	49.3	46.9	44.5	44.1	40.1	34.4	27.3	23.2	23.0	21.4
2018/01/24 14:30:49	62.1	28.5	28.5	44.7	44.7	54.0	54.0	58.1	58.1	54.7	50.6	54.1	44.7	48.8	51.2	52.2	55.7	53.0	50.5	49.9	51.5	51.4	52.2	51.4	49.6	47.6	46.6	43.3	36.5	32.9	27.8	25.8	23.0
2018/01/24 14:30:50	66.2	32.5	32.5	45.4	45.4	55.0	55.0	60.2	60.2	55.5	49.9	53.9	47.5	52.2	57.0	57.7	58.3	55.0	56.0	55.9	54.9	56.9	56.3	55.0	52.3	51.8	51.9	48.5	42.6	38.1	32.4	32.4	31.5
2018/01/24 14:30:51	68.9	32.6	32.6	48.6	48.6	59.5	59.5	64.8	64.8	61.0	52.1	55.9	49.0	60.3	59.1	61.0	55.5	58.1	61.7	57.2	59.0	58.2	57.8	56.0	55.2	54.9	56.5	53.7	46.6	40.8	37.2	38.6	36.0
2018/01/24 14:30:52	68.5	36.7	36.7	51.9	51.9	63.0	63.0	65.5	65.5	60.5	52.8	59.5	49.0	56.9	57.2	61.3	58.7	58.0	59.1	57.9	57.8	58.6	58.0	57.1	54.1	54.4	54.3	50.9	44.2	37.8	32.4	32.4	32.1
2018/01/24 14:30:53	66.4	40.5	40.5	57.5	57.5	67.5	67.5	66.7	66.7	58.6	55.7	59.7	50.9	58.0	55.1	57.8	57.5	56.6	57.7	57.7	56.5	55.2	54.6	53.4	52.8	51.9	51.8	48.0	41.1	36.1	32.2	29.6	28.6
2018/01/24 14:30:54	65.2	39.5	39.5	56.4	56.4	67.1	67.1	67.3	67.3	59.5	55.6	60.8	51.5	56.5	54.1	54.2	58.8	56.6	54.0	55.1	55.0	54.3	53.6	51.9	52.5	50.8	50.4	47.2	41.8	36.8	33.7	29.0	26.7
2018/01/24 14:30:55	63.0	42.8	42.8	56.8	56.8	66.7	66.7	67.2	67.2	60.7	55.2	56.9	56.3	58.6	56.1	51.9	53.2	52.6	53.0	52.7	51.9	53.1	51.7	50.4	49.4	48.2	46.8	46.3	38.7	32.8	29.2	28.3	24.2
2018/01/24 14:30:56	61.2	36.4	36.4	53.7	53.7	64.7	64.7	65.9	65.9	58.3	54.2	55.8	52.7	57.3	57.1	51.2	51.0	50.5	51.2	49.8	50.3	50.4	48.8	47.8	48.8	48.2	45.3	43.2	35.4	30.7	26.1	26.0	23.4
2018/01/24 14:30:57	59.1	33.6	33.6	52.1	52.1	62.6	62.6	62.1	62.1	55.8	50.7	53.6	46.5	52.8	50.7	49.7	51.6	51.6	49.4	48.5	47.8	49.0	48.1	46.0	43.9	43.4	41.9	37.0	29.9	25.6	22.8	22.3	21.0
2018/01/24 14:30:58	58.8	33.0	33.0	52.0	52.0	61.5	61.5	59.6	59.6	55.4	53.7	51.2	49.2	54.0	51.1	48.8	50.9	51.2	48.0	47.5	48.9	48.9	46.8	46.4	44.5	43.9	41.4	36.3	29.4	24.6	22.4	22.4	20.9
2018/01/24 14:30:59	60.5	36.2	36.2	50.9	50.9	62.9	62.9	63.1	63.1	55.3	53.6	55.3	52.0	55.8	54.0	51.1	51.6	48.8	50.8	51.9	50.0	50.3	48.9	47.3	46.2	45.9	44.1	38.6	31.3	25.3	22.3	22.4	21.0
2018/01/24 14:31:00	63.8	33.3	33.3	49.4	49.4	59.9	59.9	59.0	59.0	55.5	52.0	56.0	53.3	53.5	54.3	52.3	53.2	52.6	53.3	53.1	55.0	54.8	53.0	51.3	50.2	50.6	49.4	44.0	36.1	29.2	26.2	25.9	22.7
2018/01/24 14:31:01	66.2	31.6	31.6	48.6	48.6	57.7	57.7	58.0	58.0	55.5	53.1	52.5	50.1	54.4	52.9	54.3	55.6	52.8	54.8	56.5	58.0	56.1	55.6	54.2	53.4	53.6	53.9	48.1	40.4	34.6	30.2	31.2	29.2
2018/01/24 14:31:02	64.9	34.6	34.6	51.0	51.0	60.4	60.4	59.5	59.5	56.3	55.1	50.3	51.1	56.0	55.2	52.4	55.0	51.8	54.3	55.1	56.5	55.6	53.1	52.1	52.0	52.7	51.5	45.9	38.5	31.7	28.7	29.0	26.5
2018/01/24 14:31:03	59.9	31.0	31.0	48.2	48.2	58.4	58.4	59.7	59.7	58.4	55.2	50.6	49.4	53.8	49.2	47.3	50.6	48.6	49.2	50.7	50.0	50.7	48.6	47.1	46.2	46.7	45.8	38.7	29.5	23.7	22.7	23.9	21.8
2018/01/24 14:31:04	56.6	30.5	30.5	47.6	47.6	57.5	57.5	56.1	56.1	51.5	51.0	49.3	51.1	54.7	48.7	47.7	49.3	46.4	46.3	47.7	47.4	47.1	44.4	41.0	38.7	38.2	35.9	30.2	23.3	20.8	20.9	21.9	20.6
2018/01/24 14:31:05	56.5	28.1	28.1	45.5	45.5	58.0	58.0	60.3	60.3	55.6	55.0	51.8	50.8	53.1	47.4	46.0	49.0	46.4	46.6	48.5	47.0	46.9	43.8	40.7	38.7	37.4	35.0	29.8	23.0	20.8	21.3	22.2	20.7
2018/01/24 14:31:06	56.7	31.8	31.8	48.4	48.4	59.9	59.9	60.7	60.7	57.0	59.0	54.8	49.4	49.9	48.7	48.1	49.6	48.4	46.2	47.4	46.7	46.5	43.9	41.1	39.1	38.3	37.1	32.4	24.6	21.7	21.3	21.8	20.6
2018/01/24 14:31:07	59.1	34.6	34.6	47.4	47.4	58.1	58.1	58.7	58.7	56.3	57.8	54.0	48.2	51.4	51.2	51.1	51.2	48.5	49.9	49.9	49.8	48.4	47.4	45.8	44.3	43.0	40.3	35.6	27.6	23.5	22.0	22.3	20.7
2018/01/24 14:31:08	59.5	34.9	34.9	52.0	52.0	62.4	62.4	61.2	61.2	62.2	63.3	55.3	47.5	51.1	50.8	49.5	52.3	49.4	50.0	52.0	47.9	49.0	47.1	44.2	43.3	43.2	42.0	36.4	28.6	26.1	22.6	22.7	20.9
2018/01/24 14:31:09	60.7	37.4	37.4	55.0	55.0	64.9	64.9	63.1	63.1	62.8	62.2	57.6	48.9	53.6	52.8	50.7	52.6	52.0	50.2	52.5	48.9	50.7	48.2	46.4	45.0	44.8	42.3	37.1	29.8	24.8	22.7	22.7	20.7
2018/01/24 14:31:10	62.7	35.9	35.9	55.5	55.5	64.2	64.2	63.0	63.0	70.3	68.9	59.1	51.6	57.5	54.1	52.3	55.0	52.4	48.3	53.8	51.7	51.6	49.8	48.0	46.7	46.6	44.6	38.3	30.7	29.9	24.0	23.5	21.9
2018/01/24 14:31:11	69.3	42.2	42.2	60.8	60.8	69.8	69.8	69.3	69.3	74.9	73.2	64.6	54.8	59.4	59.0	54.6	56.0	55.5	55.5	59.2	56.7	58.0	58.1	59.0	57.2	59.0	56.4	50.6	40.4	34.9	31.8	32.8	28.1
2018/01/24 14:31:12	74.3	43.6	43.6	65.2	65.2	74.5	74.5	74.6	74.6	78.8	75.8	70.3	54.6	63.6	62.7	60.2	64.9	63.6	62.6	64.9	64.0	62.7	63.3	62.2	61.4	62.7	60.3	54.2	45.7	41.4	37.0	35.6	33.4
2018/01/24 14:31:13	69.1	36.5	36.5	61.4	61.4	69.8	69.8	75.0	75.0	78.9	71.6	72.5	55.1	57.8	59.3	55.4	58.2	57.8	59.9	59.5	58.3	57.3	55.7	53.9	53.9	52.8	50.8	46.5	38.6	34.3	30.3	29.5	27.4
2018/01/24 14:31:14	67.9	36.1	36.1	58.5	58.5	66.1	66.1	67.9	67.9	73.8	70.2	69.7	53.8	57.4	59.5	57.7	57.8	57.3	58.7	59.3	57.9	56.5	55.6	53.7	51.9	51.5	49.1	44.5	37.8	33.5	28.1	27.3	25.9
2018/01/24 14:31:15	66.8	37.3	37.3	60.2	60.2	68.0	68.0	66.0	66.0	66.5	62.7	67.1	51.2	61.3	61.8	54.9	57.9	54.5	58.6	57.8	56.4	55.7	53.9	51.3	51.7	52.3	51.0	47.4	39.6	34.8	31.6	31.5	29.0
2018/01/24 14:31:16	62.8	34.0	34.0	52.1	52.1	61.6	61.6	63.2	63.2	63.5	60.5	60.0	48.1	55.2	55.9	52.4	54.4	51.8	53.6	54.6	52.9	52.7	50.6	48.1	48.1	47.2	45.7	42.5	35.7	30.5	27.1	26.3	24.4
2018/01/24 14:31:17	63.0	34.8	34.8	53.3	53.3	63.0	63.0	63.8	63.8	63.9	61.4	63.3	50.3	54.9	52.9	52.8	54.3	54.7	51.2	53.2	53.5	52.1	50.6	50.1	49.8	47.8	47.1	43.1	37.6	32.7	29.4	28.3	24.1
2018/01/24 14:31:18	64.3	38.0	38.0	53.6	53.6	66.4	66.4	67.5	67.5	62.9	60.6	62.3	50.2	58.1	56.2	52.1	55.4	56.5	53.7	53.9	52.3	52.4	52.7	51.4	52.6	50.5	49.4	46.0	40.8	32.1	28.1	29.0	23.3
2018/01/24 14:31:19	61.9	33.7	33.7	50.4	50.4	62.0	62.0	65.9	65.9	64.4	61.1	60.8	52.5	56.5	55.5	52.6	53.8	52.6	52.7	52.7	50.5	49.8	48.5	48.0	47.7	46.4	45.4	41.5	35.6	28.8	26.2	26.1	22.9
2018/01/24 14:31:20	62.6	32.1	32.1	53.1	53.1	64.2	64.2	65.5	65.5	61.9	60.4	62.1	54.9	55.6	53.3	51.1	51.9	51.2	53.1	50.9	54.0	52.3	50.3	50.5	48.3	48.2	48.8	42.6	35.5	31.2	28.6	27.9	24.8
2018/01/24 14:31:21	68.3	37.1	37.1	49.8	49.8	61.6	61.6	64.9	64.9	64.2	64.8	68.0	56.3	58.2	56.4	59.1	59.2	56.2	54.8	56.6	61.0	59.1	57.4	55.5	54.1	53.7	52.2	46.7	41.2	36.3	31.9	29.7	26.1
2018/01/24 14:31:22	72.5	39.2	39.2	52.7	52.7	62.2	62.2	69.5	69.5	67.9	63.5	63.9	57.8	63.1	62.9	65.6	63.9	60.2	62.9	61.3	62.7	61.8	60.3	61.0	59.4	59.9	59.0	54.3	47.3	42.4	39.1	36.9	34.0
2018/01/24 14:31:23	74.1	41.4	41.4	56.2	56.2	62.8	62.8	71.9	71.9	71.2	64.3	62.5	54.2	60.5	61.0	62.9	66.1	63.2	65.2	63.5	63.7	63.7	63.8	61.4	61.6	61.9	60.3	55.7	49.7	45.1	40.6	38.3	35.2
2018/01/24 14:31:24	67.7	39.9	39.9	58.1	58.1	62.7	62.7	65.6	65.6	65.3	62.6	63.0	57.0	58.6	57.5	58.4	61.3	57.7	57.1	58.3	56.9	56.7	56.2	53.9	54.2	55.0	53.0	48.9	40.4	34.0	28.4	26.0	23.9
2018/01/24 14:31:25	61.4	36.7	36.7	50.9	50.9	61.0	61.0	62.9	62.9	61.0	60.0	60.8	56.1	58.6	51.4	51.6	54.0	53.3	51.1	50.5	51.1	50.2	48.2	47.4	48.4	45.3	43.3	38.6	29.3	24.6	22.8	22.7	21.7
2018/01/24 14:31:26	60.0	32.7	32.7	50.6	50.6	61.3	61.3	64.6	64.6	61.9	56.3	57.9	53.6	56.1	52.2	49.5	51.1	51.9	50.1	52.3	51.2	49.0	45.2	42.8	43.1	40.6	38.1	32.6	25.8	23.5	22.5	23.0	21.8
