DataTime                     	dB(A)	16	20	25	31.5	40	50	63	80	100	125	160	200	250	315	400	500	630	800	1000	1250	1600	2000	2500	3150	4000	5000	6300	8000	10000	12500	16000	20000
2018/01/24 15:42:02	64.8	28.2	28.2	44.6	44.6	54.4	54.4	56.9	56.9	57.3	57.2	56.4	49.9	55.3	56.1	52.6	55.0	53.6	56.1	57.2	56.2	54.0	50.5	47.7	46.7	46.9	46.3	39.9	56.9	31.2	29.5	30.8	27.8
2018/01/24 15:42:03	62.3	30.4	30.4	47.5	47.5	54.9	54.9	55.8	55.8	53.7	51.3	52.5	47.0	53.6	51.4	48.5	51.9	52.0	53.6	56.3	53.5	51.6	49.0	46.7	46.1	45.8	43.6	38.7	48.6	28.9	26.4	25.6	23.0
2018/01/24 15:42:04	60.8	27.4	27.4	44.7	44.7	54.0	54.0	56.0	56.0	54.1	54.9	54.2	48.5	53.2	50.4	47.8	51.0	50.7	52.2	54.6	52.1	50.1	47.7	46.6	44.5	44.0	40.4	38.3	41.3	28.5	25.7	25.0	23.7
2018/01/24 15:42:05	60.2	27.8	27.8	44.5	44.5	54.8	54.8	56.9	56.9	53.4	54.3	53.4	46.0	52.3	53.2	47.8	49.1	51.1	52.2	54.0	50.1	49.5	46.5	45.0	45.1	42.4	37.5	41.4	31.6	24.8	23.6	23.6	22.6
2018/01/24 15:42:06	62.4	32.4	32.4	49.8	49.8	61.1	61.1	61.1	61.1	55.8	57.6	58.4	52.1	57.5	56.0	51.6	51.9	52.6	55.3	56.5	52.3	51.1	46.5	44.4	45.0	43.2	40.3	36.1	28.0	24.3	25.7	26.8	25.8
2018/01/24 15:42:07	62.3	32.9	32.9	52.2	52.2	61.4	61.4	60.1	60.1	54.8	57.1	59.3	52.9	58.8	57.0	52.3	52.4	52.4	54.3	54.4	52.5	51.5	48.4	45.5	46.2	45.7	42.4	35.4	28.3	24.8	23.7	24.3	23.0
2018/01/24 15:42:08	61.1	31.3	31.3	51.5	51.5	59.1	59.1	59.8	59.8	57.6	59.5	60.4	53.7	57.3	54.0	52.3	52.7	50.4	51.8	54.2	50.5	48.9	47.1	45.5	46.7	45.6	42.0	37.5	30.0	26.9	25.8	26.0	23.9
2018/01/24 15:42:09	59.7	28.6	28.6	48.6	48.6	57.6	57.6	58.9	58.9	57.3	56.2	61.5	55.7	56.9	53.8	49.6	50.2	49.8	51.6	52.1	48.1	47.4	44.0	43.3	43.9	43.6	40.2	34.6	28.4	24.8	23.7	24.0	22.6
2018/01/24 15:42:10	59.9	29.7	29.7	48.2	48.2	56.4	56.4	59.2	59.2	59.9	59.2	61.9	57.1	58.5	54.5	49.8	51.2	48.0	49.4	51.2	48.5	47.0	44.5	43.0	44.8	45.6	43.9	35.8	30.1	25.9	24.2	24.1	22.7
2018/01/24 15:42:11	58.2	32.5	32.5	51.6	51.6	60.7	60.7	59.8	59.8	57.9	57.9	60.4	53.6	54.8	53.0	48.0	47.6	46.4	47.6	50.1	46.6	47.2	43.5	43.4	43.6	42.5	41.4	35.5	29.9	26.0	24.6	24.6	23.6
2018/01/24 15:42:12	56.9	32.8	32.8	48.7	48.7	58.8	58.8	60.6	60.6	57.6	55.2	59.2	54.1	53.7	50.7	50.4	46.8	46.6	46.6	47.1	45.8	44.3	41.4	41.9	42.0	42.4	39.3	34.3	29.4	26.8	39.2	26.3	25.4
2018/01/24 15:42:13	57.7	30.6	30.6	47.7	47.7	58.4	58.4	61.2	61.2	58.4	57.5	58.4	54.3	55.2	51.8	48.4	47.7	47.6	47.1	48.1	46.3	45.4	44.3	43.6	43.2	43.9	41.0	34.6	28.5	25.4	34.7	23.8	23.7
2018/01/24 15:42:14	58.2	31.7	31.7	50.7	50.7	59.2	59.2	61.6	61.6	60.0	58.4	57.5	51.7	54.1	51.3	49.5	48.4	47.5	47.5	48.7	47.0	46.7	47.1	44.0	44.4	44.1	40.7	35.0	27.1	23.1	21.7	22.6	21.8
2018/01/24 15:42:15	58.3	32.9	32.9	51.9	51.9	61.5	61.5	62.5	62.5	57.7	55.3	56.9	52.4	54.2	49.2	48.6	48.8	48.7	48.7	50.1	49.3	47.7	45.5	43.2	42.5	41.6	38.2	32.6	26.3	23.0	21.9	22.8	22.1
2018/01/24 15:42:16	66.7	31.5	31.5	48.0	48.0	57.4	57.4	61.0	61.0	58.6	59.3	61.1	55.8	58.0	59.5	59.1	60.6	55.5	50.8	58.5	53.5	56.4	55.5	53.9	55.2	52.9	49.7	42.6	33.4	26.2	23.7	24.5	23.2
2018/01/24 15:42:17	71.3	33.2	33.2	49.1	49.1	57.1	57.1	65.4	65.4	67.1	63.4	62.5	59.3	64.2	69.3	64.6	67.8	64.3	56.7	55.7	55.0	57.0	57.5	57.8	59.0	58.1	54.0	47.2	37.6	27.3	22.8	22.9	22.0
2018/01/24 15:42:18	68.4	34.2	34.2	54.7	54.7	62.8	62.8	62.2	62.2	62.5	60.6	60.0	56.4	60.3	63.9	64.8	63.0	60.2	55.7	56.3	53.3	56.1	56.1	55.1	55.8	53.9	49.4	43.3	31.9	23.7	21.8	22.8	21.6
2018/01/24 15:42:19	64.6	33.5	33.5	51.7	51.7	60.7	60.7	63.7	63.7	61.2	58.0	57.7	53.6	57.0	61.4	57.3	58.7	56.9	54.3	55.0	52.3	52.8	51.4	50.8	50.4	48.7	44.2	36.6	27.7	22.9	21.4	22.6	21.5
2018/01/24 15:42:20	63.8	32.6	32.6	51.3	51.3	59.5	59.5	61.2	61.2	59.1	57.2	58.9	52.9	56.2	58.9	53.0	56.8	56.2	55.1	54.8	53.2	51.6	48.9	49.0	49.3	50.0	47.7	43.1	36.2	28.8	23.4	23.3	22.0
2018/01/24 15:42:21	61.5	34.0	34.0	52.3	52.3	59.2	59.2	60.7	60.7	59.1	59.4	59.3	54.1	57.1	55.3	52.7	52.8	52.7	53.8	52.9	51.3	50.0	46.9	45.4	45.5	44.6	40.9	34.9	27.2	22.8	21.7	22.6	21.6
2018/01/24 15:42:22	61.0	35.5	35.5	58.6	58.6	64.7	64.7	62.9	62.9	58.9	58.3	58.9	52.8	55.2	52.8	52.4	53.4	52.2	52.6	52.8	50.6	49.7	47.2	46.3	45.3	45.2	42.7	35.6	27.1	24.0	23.1	22.9	22.2
2018/01/24 15:42:23	61.0	35.1	35.1	57.0	57.0	63.4	63.4	61.9	61.9	59.5	62.6	59.2	53.3	56.1	53.0	50.8	52.6	51.3	52.2	52.5	51.1	50.2	47.8	46.1	45.6	44.7	41.5	36.3	28.8	24.9	22.9	23.0	21.9
2018/01/24 15:42:24	60.5	31.7	31.7	57.4	57.4	65.0	65.0	63.7	63.7	58.8	59.1	57.9	52.1	54.0	52.5	51.0	50.9	51.1	51.5	52.6	50.5	50.0	47.8	45.3	45.5	45.1	41.9	35.6	27.7	23.3	21.9	22.5	21.7
2018/01/24 15:42:25	60.8	30.4	30.4	55.4	55.4	63.3	63.3	63.1	63.1	58.4	57.1	57.4	52.1	53.8	53.2	51.1	52.8	50.4	50.8	52.5	51.5	50.6	47.0	45.9	47.1	46.1	42.2	35.7	29.2	24.6	22.2	22.7	21.8
2018/01/24 15:42:26	60.9	31.8	31.8	55.2	55.2	63.0	63.0	61.5	61.5	56.9	56.9	56.6	50.8	53.3	51.6	52.2	52.2	51.3	52.1	52.8	51.8	50.2	47.3	46.2	46.4	46.7	43.8	38.0	31.1	26.4	24.4	23.9	22.6
2018/01/24 15:42:27	64.3	33.9	33.9	50.5	50.5	59.0	59.0	60.8	60.8	57.6	53.7	56.9	55.6	55.5	54.3	53.2	57.3	51.5	53.3	57.6	52.2	53.2	50.5	50.5	54.4	50.7	46.2	41.8	34.2	29.3	24.6	24.4	22.4
2018/01/24 15:42:28	64.8	32.4	32.4	51.8	51.8	61.1	61.1	61.5	61.5	57.2	54.3	57.1	53.4	55.5	56.1	55.7	57.1	51.9	53.4	57.5	53.1	53.8	50.0	53.9	54.2	52.1	47.3	41.6	35.7	29.0	25.5	24.6	23.1
2018/01/24 15:42:29	62.1	31.1	31.1	50.9	50.9	60.6	60.6	61.1	61.1	56.5	54.7	56.4	52.5	56.3	56.1	54.3	51.0	50.8	51.5	52.4	52.3	52.8	48.2	48.2	48.8	49.5	46.9	44.1	35.5	31.9	28.5	25.5	23.3
2018/01/24 15:42:30	60.8	31.0	31.0	48.5	48.5	58.2	58.2	58.9	58.9	54.8	56.6	57.3	51.0	53.6	53.3	52.3	50.9	50.2	51.3	50.8	51.1	51.3	46.8	47.1	48.2	47.1	44.2	42.0	35.6	31.6	27.3	26.3	24.6
2018/01/24 15:42:31	59.3	30.3	30.3	47.6	47.6	55.1	55.1	58.0	58.0	55.4	53.5	52.4	48.4	53.0	54.1	49.3	49.5	49.8	48.6	50.1	49.6	49.0	45.2	45.3	45.8	47.1	44.0	39.8	34.2	30.0	25.7	25.0	23.3
2018/01/24 15:42:32	57.7	31.0	31.0	47.4	47.4	56.7	56.7	57.7	57.7	52.4	51.6	52.0	47.3	51.9	51.8	48.4	47.6	47.5	47.7	48.8	48.6	47.4	43.4	43.2	43.9	44.3	41.4	37.6	31.5	27.0	26.9	23.3	22.1
2018/01/24 15:42:33	56.3	30.5	30.5	47.3	47.3	56.8	56.8	58.6	58.6	54.5	55.1	53.1	47.2	50.2	49.4	45.5	46.2	45.7	46.1	48.2	47.1	45.3	43.3	41.8	41.8	42.2	39.9	35.1	27.7	23.8	22.5	22.8	21.7
2018/01/24 15:42:34	56.4	28.2	28.2	47.0	47.0	56.1	56.1	57.5	57.5	54.3	54.2	55.5	50.0	49.5	47.0	45.7	46.5	45.5	47.1	48.6	47.5	45.8	42.8	41.0	41.8	41.7	38.3	33.9	27.9	23.5	21.9	22.9	22.0
2018/01/24 15:42:35	55.9	32.4	32.4	51.9	51.9	60.1	60.1	59.4	59.4	55.8	54.3	52.8	51.0	50.7	48.9	46.7	45.7	45.1	46.1	47.3	46.6	45.2	42.8	40.9	41.4	41.1	38.2	34.0	27.1	23.6	22.9	23.1	22.1
2018/01/24 15:42:36	55.3	32.5	32.5	52.5	52.5	59.5	59.5	59.3	59.3	57.4	53.6	53.4	47.6	49.2	48.5	46.5	45.8	46.0	44.5	46.4	45.4	45.3	42.3	40.7	41.3	40.3	37.4	32.7	26.3	22.8	21.9	22.8	21.5
2018/01/24 15:42:37	55.9	32.9	32.9	50.8	50.8	59.7	59.7	60.0	60.0	55.0	50.5	51.1	45.6	48.7	47.1	46.2	47.6	44.8	45.1	47.8	46.7	45.9	44.0	42.5	41.4	41.2	38.3	33.0	26.7	23.1	22.3	22.9	21.9
2018/01/24 15:42:38	61.5	31.3	31.3	48.1	48.1	59.2	59.2	60.9	60.9	55.3	53.7	52.0	46.6	49.4	48.8	48.8	56.2	46.0	50.2	53.6	47.0	52.9	49.1	51.4	49.8	44.9	41.0	35.0	28.1	23.3	22.4	22.6	21.6
2018/01/24 15:42:39	58.1	31.8	31.8	47.5	47.5	57.0	57.0	59.0	59.0	54.7	52.3	51.1	46.8	49.3	48.1	46.2	49.8	45.0	47.9	49.2	46.1	49.5	44.8	48.6	45.5	42.8	39.4	34.1	26.5	22.8	22.1	22.6	21.6
2018/01/24 15:42:40	54.2	30.1	30.1	45.7	45.7	55.8	55.8	58.2	58.2	52.7	51.6	50.9	43.6	49.1	47.0	43.2	45.6	44.2	44.0	46.2	44.8	43.9	41.1	39.4	39.6	39.0	36.1	31.1	25.2	22.6	21.9	22.5	21.6
2018/01/24 15:42:41	55.0	28.6	28.6	47.6	47.6	55.7	55.7	58.5	58.5	54.0	52.5	51.2	44.4	50.0	48.2	44.6	46.5	45.7	44.3	45.7	45.8	45.4	42.1	40.4	40.1	39.9	36.6	32.2	25.8	23.0	22.0	22.7	21.5
2018/01/24 15:42:42	55.6	29.4	29.4	48.7	48.7	56.2	56.2	58.4	58.4	54.2	51.6	51.9	46.5	51.8	47.5	46.6	46.8	45.8	46.4	46.6	46.3	45.1	43.8	40.0	40.1	39.9	36.6	31.8	26.1	23.5	22.6	23.3	22.3
2018/01/24 15:42:43	55.4	29.6	29.6	46.8	46.8	56.1	56.1	58.7	58.7	53.7	53.7	51.7	45.0	49.6	46.1	43.4	45.1	45.6	45.1	46.8	47.0	45.7	43.1	40.4	39.9	40.0	37.8	33.1	27.7	25.0	24.3	25.1	23.9
2018/01/24 15:42:44	54.0	28.2	28.2	46.4	46.4	56.0	56.0	58.9	58.9	53.7	53.8	52.6	44.0	48.3	45.8	43.3	45.0	43.6	43.5	44.3	45.5	44.1	42.6	39.1	38.0	37.7	35.1	30.7	25.9	23.5	22.8	23.7	22.4
2018/01/24 15:42:45	53.4	30.2	30.2	47.5	47.5	57.6	57.6	59.5	59.5	54.3	53.4	51.4	44.7	47.6	46.7	43.7	44.9	44.1	43.2	45.0	43.7	42.1	40.1	38.0	38.2	38.8	35.2	30.7	25.3	22.1	21.9	22.5	21.3
2018/01/24 15:42:46	53.7	29.2	29.2	47.0	47.0	58.1	58.1	60.1	60.1	55.5	56.6	54.3	45.0	46.8	45.3	42.3	43.0	43.4	43.1	45.1	44.3	43.5	41.1	38.1	38.2	38.6	35.5	30.4	25.3	22.1	21.9	22.5	21.3
2018/01/24 15:42:47	54.3	28.9	28.9	45.4	45.4	56.2	56.2	58.1	58.1	52.5	55.1	55.7	46.0	50.5	46.4	44.1	45.2	43.8	43.5	45.9	44.8	43.2	41.0	38.5	38.4	39.5	36.9	32.4	27.3	24.1	22.6	22.5	21.1
2018/01/24 15:42:48	53.2	30.7	30.7	46.8	46.8	55.4	55.4	57.3	57.3	52.8	52.2	53.5	43.5	48.5	45.6	43.0	43.9	42.7	42.7	44.1	43.7	43.0	39.9	37.9	38.0	38.8	36.2	31.5	26.3	23.2	22.3	22.3	21.5
2018/01/24 15:42:49	53.2	30.6	30.6	47.3	47.3	57.2	57.2	58.4	58.4	52.9	52.4	50.6	44.1	48.6	44.0	42.4	44.5	43.8	42.5	45.0	43.4	42.6	40.1	37.7	38.4	39.0	36.3	32.2	26.0	22.4	21.8	22.8	21.8
2018/01/24 15:42:50	53.7	29.6	29.6	47.0	47.0	57.5	57.5	59.0	59.0	53.7	53.7	51.3	43.8	47.4	45.3	42.0	44.4	42.5	42.9	45.0	44.2	44.1	42.1	37.8	38.6	39.8	35.6	30.9	25.2	22.2	21.9	22.7	21.4
2018/01/24 15:42:51	53.8	30.8	30.8	46.3	46.3	56.5	56.5	59.3	59.3	53.6	53.1	51.6	44.0	47.4	44.3	42.7	44.9	42.8	43.1	45.6	44.6	44.6	41.4	38.5	37.9	39.3	36.1	31.0	25.2	21.8	21.7	22.3	21.4
2018/01/24 15:42:52	54.0	29.6	29.6	47.6	47.6	55.9	55.9	58.2	58.2	54.8	53.6	52.1	48.2	50.8	47.6	43.3	44.3	43.3	43.6	45.8	44.1	43.3	40.8	38.3	38.7	39.2	36.6	31.0	25.2	22.1	21.8	22.5	21.3
2018/01/24 15:42:53	54.3	30.2	30.2	48.2	48.2	57.6	57.6	58.2	58.2	54.4	53.3	51.5	46.0	47.7	45.8	43.6	44.5	44.6	45.0	45.9	44.7	44.8	41.3	39.0	39.8	39.3	36.1	31.2	25.1	22.2	21.9	22.6	21.3
2018/01/24 15:42:54	55.8	28.6	28.6	48.2	48.2	56.6	56.6	57.7	57.7	55.3	54.0	52.4	45.5	49.1	46.3	43.1	45.4	44.6	46.2	47.9	47.3	46.7	43.0	40.0	39.9	40.5	37.8	33.5	26.4	22.7	22.4	23.2	22.2
2018/01/24 15:42:55	55.0	30.3	30.3	47.5	47.5	56.9	56.9	58.7	58.7	55.5	54.3	52.3	47.1	49.9	46.3	43.0	44.2	44.5	46.0	47.0	45.7	45.5	42.6	40.0	39.1	39.3	36.0	31.1	24.8	21.9	21.8	22.5	21.1
2018/01/24 15:42:56	54.9	30.3	30.3	47.9	47.9	56.1	56.1	57.1	57.1	55.2	52.8	52.8	47.0	50.6	47.2	45.0	45.4	44.9	44.5	45.9	45.2	44.8	42.2	40.4	39.7	39.9	37.5	32.4	26.5	22.7	23.7	24.3	22.6
2018/01/24 15:42:57	56.2	32.9	32.9	49.4	49.4	58.0	58.0	56.9	56.9	54.4	55.0	52.5	48.5	51.7	48.7	46.2	47.0	47.0	45.1	47.4	46.6	46.0	44.3	42.0	41.4	41.6	38.6	32.6	26.6	23.0	22.5	23.0	21.8
2018/01/24 15:42:58	56.9	28.1	28.1	45.0	45.0	56.4	56.4	61.4	61.4	58.5	54.4	54.2	47.4	51.8	49.3	49.1	47.6	46.4	46.5	47.3	46.7	47.0	45.3	42.3	42.4	42.6	38.9	32.8	26.6	22.9	21.8	22.8	21.6
2018/01/24 15:42:59	58.1	32.0	32.0	49.7	49.7	58.9	58.9	63.1	63.1	62.4	56.7	55.6	49.8	53.7	49.8	47.8	51.5	47.4	45.7	48.2	47.7	48.5	46.7	43.3	42.7	43.5	39.3	33.8	27.0	22.6	21.9	22.7	21.5
2018/01/24 15:43:00	56.6	32.2	32.2	50.8	50.8	59.7	59.7	59.3	59.3	54.1	54.5	55.6	48.5	51.6	50.5	47.2	47.5	45.8	46.7	47.4	47.1	45.7	44.5	42.9	41.8	41.6	37.8	31.9	26.1	22.2	21.9	22.6	21.5
2018/01/24 15:43:01	55.2	30.7	30.7	48.1	48.1	56.5	56.5	57.9	57.9	54.1	52.0	51.8	45.4	49.2	49.8	46.2	46.2	44.5	44.7	46.6	45.4	45.3	42.7	40.7	40.5	39.7	36.4	31.7	25.6	22.2	21.6	22.5	21.6
2018/01/24 15:43:02	55.8	28.4	28.4	48.8	48.8	57.1	57.1	56.4	56.4	52.1	52.5	51.9	47.5	51.1	50.0	46.0	47.1	44.1	45.0	46.6	46.6	45.9	44.1	41.8	41.1	40.3	36.8	31.6	25.1	22.0	21.7	22.4	21.1
2018/01/24 15:43:03	56.4	28.2	28.2	46.7	46.7	57.3	57.3	58.3	58.3	53.8	56.4	56.0	47.9	52.3	47.0	46.6	47.3	45.3	45.2	47.3	47.3	47.0	45.0	41.9	41.1	40.5	37.0	31.5	26.4	22.1	21.8	22.5	21.3
2018/01/24 15:43:04	56.9	30.4	30.4	46.5	46.5	56.6	56.6	59.5	59.5	54.9	54.9	55.2	47.8	51.5	50.0	47.9	48.8	45.7	46.0	48.7	48.1	46.1	44.6	41.8	41.5	40.4	37.3	31.8	25.4	22.1	21.8	22.8	21.7
2018/01/24 15:43:05	57.7	27.8	27.8	49.5	49.5	59.6	59.6	62.4	62.4	57.4	54.2	57.6	50.2	52.9	51.1	51.6	50.2	46.9	46.9	48.8	48.4	46.8	44.2	41.8	40.7	40.4	37.1	31.9	25.8	22.2	21.5	22.3	21.1
2018/01/24 15:43:06	57.5	31.5	31.5	47.8	47.8	57.0	57.0	60.3	60.3	58.1	55.2	61.3	55.7	54.0	50.2	48.9	49.0	46.1	46.1	47.9	47.8	45.2	43.2	41.2	41.2	40.8	37.2	32.4	25.6	22.2	22.0	22.5	21.2
2018/01/24 15:43:07	57.3	28.7	28.7	47.5	47.5	55.6	55.6	60.0	60.0	59.4	55.6	57.7	53.9	52.2	49.3	49.2	49.2	50.4	47.2	46.9	47.4	45.8	43.3	41.6	41.0	40.1	36.8	31.4	26.1	22.2	21.7	22.6	21.3
2018/01/24 15:43:08	57.1	31.8	31.8	46.8	46.8	55.2	55.2	58.0	58.0	57.1	55.1	55.8	49.7	52.6	49.1	49.6	49.7	49.0	47.2	47.6	47.6	45.9	44.1	41.1	40.4	39.5	36.6	31.4	25.1	22.2	21.9	22.4	21.3
2018/01/24 15:43:09	56.5	29.2	29.2	45.9	45.9	55.8	55.8	58.6	58.6	55.6	53.4	54.5	51.1	52.2	49.9	48.3	48.7	46.5	46.4	47.4	46.8	46.2	43.8	41.4	40.5	39.4	36.2	30.8	24.8	21.9	22.0	22.7	21.6
2018/01/24 15:43:10	56.8	29.4	29.4	47.0	47.0	55.1	55.1	56.9	56.9	56.3	57.1	56.4	50.7	51.2	48.9	48.5	47.9	47.2	45.8	48.3	48.1	46.8	43.5	40.6	39.7	39.2	35.9	30.7	25.1	21.8	21.7	22.4	21.3
2018/01/24 15:43:11	56.0	30.9	30.9	48.7	48.7	56.3	56.3	56.4	56.4	55.6	56.7	57.9	52.9	50.5	47.7	45.9	46.2	45.5	45.1	47.0	46.6	46.1	43.4	40.3	39.5	39.0	35.5	30.7	24.9	22.1	21.9	22.4	21.6
2018/01/24 15:43:12	55.3	30.4	30.4	46.6	46.6	54.5	54.5	56.9	56.9	57.8	54.8	55.7	51.0	52.2	48.2	47.4	46.1	45.7	44.7	45.9	45.6	44.3	41.7	39.8	38.8	38.7	35.1	30.0	24.5	21.8	21.7	22.4	21.3
2018/01/24 15:43:13	54.9	29.8	29.8	47.2	47.2	57.0	57.0	58.5	58.5	54.3	55.2	55.7	47.9	49.6	48.8	46.1	46.5	44.8	44.9	45.3	45.1	44.6	42.2	39.2	38.8	37.9	35.0	29.6	24.6	21.7	21.7	22.5	21.4
2018/01/24 15:43:14	54.5	29.9	29.9	45.9	45.9	54.2	54.2	55.3	55.3	52.3	52.2	52.6	45.3	48.6	46.0	45.1	44.4	45.3	44.7	45.3	45.8	45.4	42.7	39.1	38.4	37.4	34.9	29.6	24.5	21.8	21.8	22.6	21.5
2018/01/24 15:43:15	54.6	27.3	27.3	47.0	47.0	54.6	54.6	55.6	55.6	52.1	52.3	51.4	44.9	47.9	46.2	45.1	45.9	45.1	45.1	46.0	45.7	45.5	42.1	38.7	38.2	37.5	34.7	30.0	26.0	22.2	21.8	22.4	21.3
2018/01/24 15:43:16	54.6	29.4	29.4	47.1	47.1	55.1	55.1	55.8	55.8	51.7	50.6	50.8	45.0	49.7	46.9	44.8	46.2	44.6	46.0	45.9	45.6	45.1	42.0	38.6	38.3	37.6	34.7	29.7	24.6	21.7	21.8	22.3	21.3
2018/01/24 15:43:17	54.2	31.1	31.1	47.2	47.2	54.7	54.7	57.7	57.7	54.7	52.9	52.2	45.7	48.1	47.7	44.5	45.1	44.5	44.6	46.4	45.0	43.5	41.1	38.2	37.8	37.7	34.7	30.3	24.6	21.8	21.5	22.3	21.4
2018/01/24 15:43:18	53.8	29.6	29.6	46.0	46.0	54.2	54.2	57.2	57.2	54.1	52.2	50.8	43.6	46.9	47.4	44.9	44.9	44.5	43.5	46.1	44.2	43.5	40.6	38.5	37.7	37.6	35.9	30.1	24.7	21.7	21.8	22.6	21.4
2018/01/24 15:43:19	53.9	30.5	30.5	47.9	47.9	53.9	53.9	55.3	55.3	53.0	51.9	51.1	43.5	47.5	47.0	44.2	44.2	45.5	45.0	46.3	44.0	42.8	39.8	38.3	38.1	38.1	34.9	30.2	24.8	22.0	21.5	22.4	21.5
2018/01/24 15:43:20	54.5	30.1	30.1	49.1	49.1	54.4	54.4	53.8	53.8	53.3	54.4	53.3	45.2	49.1	45.4	44.6	44.9	45.1	46.6	47.7	44.0	43.5	40.3	38.3	37.9	37.2	34.7	30.0	25.5	21.7	21.9	22.7	21.4
2018/01/24 15:43:21	54.9	28.0	28.0	43.8	43.8	53.6	53.6	56.9	56.9	53.4	53.4	52.1	45.4	47.1	46.4	43.8	46.6	45.0	46.8	48.7	44.8	43.4	39.6	38.7	38.4	37.9	35.0	30.9	25.1	21.9	21.7	22.7	21.6
2018/01/24 15:43:22	56.0	30.9	30.9	45.8	45.8	55.2	55.2	57.9	57.9	57.2	54.9	53.4	46.7	49.3	48.1	45.2	46.9	46.4	48.9	48.6	45.8	44.7	41.1	40.0	39.4	39.0	36.0	31.7	25.2	22.0	21.6	22.4	21.3
2018/01/24 15:43:23	57.2	30.1	30.1	47.4	47.4	55.4	55.4	56.7	56.7	55.1	55.8	55.7	47.3	50.2	51.6	49.1	48.6	48.8	49.9	50.0	46.4	44.4	40.5	40.6	40.2	39.8	36.7	31.8	25.3	21.9	21.6	22.4	21.0
2018/01/24 15:43:24	57.9	29.5	29.5	47.1	47.1	54.8	54.8	57.7	57.7	56.9	55.8	54.6	46.7	51.8	51.2	51.5	50.4	49.5	50.5	50.8	46.7	44.9	41.8	41.0	40.3	40.0	37.0	31.6	26.4	22.0	21.7	22.3	21.2
2018/01/24 15:43:25	58.2	30.3	30.3	47.3	47.3	55.2	55.2	57.7	57.7	56.3	54.6	54.4	50.1	52.5	52.2	50.3	49.1	50.9	51.1	50.5	47.3	45.1	42.0	41.5	41.9	40.8	37.8	32.5	25.8	22.4	22.0	22.6	21.5
2018/01/24 15:43:26	59.5	31.3	31.3	48.4	48.4	56.8	56.8	58.5	58.5	56.7	57.0	56.6	49.4	53.0	52.6	50.9	49.4	51.5	53.5	52.7	48.7	46.1	43.0	42.2	42.0	41.7	38.5	33.0	26.2	22.4	21.5	22.5	21.3
2018/01/24 15:43:27	60.8	29.6	29.6	49.1	49.1	57.6	57.6	59.8	59.8	57.5	56.4	56.4	50.1	54.6	54.3	49.5	50.7	52.9	54.6	53.6	50.8	48.7	44.5	43.5	44.0	42.2	38.9	34.4	26.9	23.3	22.1	22.6	21.3
2018/01/24 15:43:28	63.2	28.4	28.4	47.0	47.0	56.6	56.6	60.4	60.4	58.1	54.8	57.5	49.1	56.0	51.9	51.6	53.4	54.5	57.0	57.2	53.8	51.2	47.0	46.0	46.8	45.6	41.8	36.6	30.6	25.1	22.9	22.9	21.5
2018/01/24 15:43:29	64.3	30.2	30.2	52.4	52.4	60.2	60.2	60.4	60.4	59.0	60.4	61.1	52.9	55.1	54.9	53.1	54.3	55.1	56.7	57.5	55.4	53.6	49.6	47.7	48.0	48.5	46.5	39.7	34.3	30.0	26.9	25.8	24.1
2018/01/24 15:43:30	64.0	32.3	32.3	51.1	51.1	58.8	58.8	59.8	59.8	58.4	56.8	58.0	49.8	54.8	54.4	54.0	54.6	54.4	55.6	57.5	54.8	52.5	50.1	49.2	49.0	48.6	46.7	41.3	35.1	31.2	28.9	27.7	25.4
2018/01/24 15:43:31	64.9	35.0	35.0	50.9	50.9	63.6	63.6	65.3	65.3	60.5	62.9	62.8	53.8	56.3	55.6	54.4	54.7	55.8	55.3	57.8	56.1	53.7	51.7	50.2	50.0	49.4	47.6	42.2	43.7	31.8	29.2	28.8	28.2
2018/01/24 15:43:32	66.2	32.5	32.5	50.6	50.6	62.1	62.1	65.3	65.3	63.7	57.8	57.7	54.7	57.3	55.4	54.9	57.3	56.5	56.1	59.0	56.7	56.3	54.5	52.0	51.5	50.9	49.4	42.5	36.7	31.1	27.4	26.7	25.0
2018/01/24 15:43:33	70.2	33.6	33.6	52.4	52.4	61.4	61.4	61.6	61.6	59.0	58.3	56.6	52.8	60.8	57.2	57.3	57.8	59.9	61.0	63.0	62.6	60.2	59.2	56.3	55.0	54.0	52.5	48.3	41.5	38.3	35.6	33.8	30.2
2018/01/24 15:43:34	71.2	33.3	33.3	50.5	50.5	60.4	60.4	63.2	63.2	60.7	59.0	63.7	56.7	63.0	61.0	58.0	60.9	62.3	62.0	64.6	62.1	60.3	57.3	57.4	56.9	56.7	56.1	50.7	44.5	44.3	42.6	42.6	36.8
2018/01/24 15:43:35	68.5	32.4	32.4	49.6	49.6	61.2	61.2	63.0	63.0	57.5	58.7	60.1	56.2	60.5	57.2	52.4	57.1	57.6	58.9	61.3	59.5	58.8	56.8	55.5	55.4	53.6	50.5	45.9	38.3	34.5	31.9	29.4	25.7
2018/01/24 15:43:36	71.8	32.5	32.5	47.6	47.6	61.1	61.1	63.0	63.0	57.2	57.6	60.4	58.3	62.4	59.3	56.4	61.3	61.8	63.6	65.0	62.8	61.5	59.7	57.2	56.3	56.6	55.6	51.4	44.1	38.7	33.8	31.4	26.8
2018/01/24 15:43:37	71.7	31.3	31.3	47.6	47.6	59.5	59.5	60.7	60.7	56.8	59.9	59.5	57.6	62.9	58.6	56.1	62.0	62.3	61.9	66.6	62.8	60.7	57.4	54.6	55.5	56.8	56.4	48.9	40.6	35.3	31.6	29.5	24.9
2018/01/24 15:43:38	72.1	33.1	33.1	49.4	49.4	60.4	60.4	61.9	61.9	56.8	58.0	59.2	58.4	64.2	59.9	57.2	59.3	62.7	64.5	66.5	63.1	61.6	59.5	56.5	55.4	54.0	51.2	47.4	39.6	36.2	30.9	29.0	26.4
2018/01/24 15:43:39	71.8	32.8	32.8	49.6	49.6	61.8	61.8	64.0	64.0	57.7	54.7	57.1	54.8	63.7	61.2	59.9	63.4	63.0	63.7	66.1	62.8	61.2	57.4	54.7	54.3	54.3	50.5	45.3	41.8	34.3	32.1	29.6	25.6
2018/01/24 15:43:40	69.5	31.7	31.7	47.3	47.3	57.1	57.1	60.7	60.7	59.5	57.1	60.6	56.4	62.7	60.2	58.5	58.9	60.7	61.8	63.7	60.4	58.4	55.2	53.5	53.0	51.4	48.1	43.5	36.0	31.9	27.2	26.0	24.0
2018/01/24 15:43:41	69.8	34.4	34.4	52.9	52.9	61.5	61.5	62.3	62.3	57.6	58.6	61.2	56.2	59.6	61.1	58.6	60.0	59.9	61.9	63.7	62.1	57.3	53.6	52.3	55.6	53.9	49.5	43.6	37.6	33.7	29.9	29.0	25.4
2018/01/24 15:43:42	69.4	36.6	36.6	59.6	59.6	64.6	64.6	61.5	61.5	58.9	55.3	58.3	56.7	62.2	59.7	58.8	59.2	59.2	61.4	63.4	61.6	57.7	55.3	53.5	52.5	52.0	49.7	43.7	38.0	34.3	31.2	29.7	26.2
2018/01/24 15:43:43	69.0	37.3	37.3	58.2	58.2	64.9	64.9	61.9	61.9	54.9	53.5	56.9	55.6	60.5	57.9	56.9	58.0	58.2	60.3	63.2	61.1	59.3	55.3	53.3	52.7	51.8	48.2	42.2	35.7	31.6	28.2	29.7	25.1
2018/01/24 15:43:44	71.4	37.4	37.4	53.6	53.6	64.1	64.1	63.5	63.5	58.6	55.7	60.2	57.7	63.2	60.5	59.8	60.9	61.8	64.4	65.4	63.3	60.7	57.6	53.9	53.0	52.7	50.6	46.3	40.8	39.7	38.1	33.8	32.0
2018/01/24 15:43:45	67.7	32.0	32.0	50.5	50.5	60.6	60.6	60.3	60.3	54.8	55.1	59.8	56.9	61.7	57.6	59.0	58.4	59.1	59.7	61.3	59.0	56.3	52.6	51.0	51.5	50.6	47.9	43.5	37.1	33.6	30.8	27.7	26.4
2018/01/24 15:43:46	64.8	30.6	30.6	48.0	48.0	58.1	58.1	58.4	58.4	55.4	54.8	56.7	55.6	60.1	56.5	54.4	55.1	56.1	57.7	59.4	55.4	51.8	47.4	47.5	47.6	44.6	40.1	38.3	28.2	25.0	23.0	22.7	21.4
2018/01/24 15:43:47	61.1	27.7	27.7	46.5	46.5	55.0	55.0	53.3	53.3	49.3	50.5	53.3	51.2	55.7	51.8	51.9	52.7	53.3	54.2	54.6	51.6	49.1	44.9	44.0	43.4	40.9	35.9	31.4	23.6	20.9	21.2	22.0	21.1
2018/01/24 15:43:48	60.9	30.4	30.4	47.2	47.2	56.5	56.5	57.0	57.0	54.6	54.9	54.9	52.7	55.6	51.6	51.2	52.6	52.5	54.0	54.6	51.5	48.9	45.0	43.7	42.6	39.8	34.9	30.4	25.2	20.5	20.9	22.0	21.0
2018/01/24 15:43:49	59.9	28.4	28.4	46.4	46.4	54.5	54.5	53.1	53.1	51.8	52.7	52.5	49.7	53.8	49.7	50.5	52.0	50.0	51.4	53.0	51.6	50.2	45.4	43.4	41.9	39.0	33.9	29.2	22.4	20.4	20.9	22.3	21.3
2018/01/24 15:43:50	63.6	27.9	27.9	43.1	43.1	51.6	51.6	53.4	53.4	51.6	54.8	56.8	53.1	55.3	53.0	51.4	54.5	53.0	54.2	55.5	56.4	54.6	51.3	48.9	46.4	44.4	41.0	34.3	28.0	22.9	21.6	22.3	21.3
2018/01/24 15:43:51	70.1	29.6	29.6	46.3	46.3	55.7	55.7	57.1	57.1	56.5	62.2	60.6	56.6	60.8	58.4	55.8	60.5	60.7	62.2	63.8	61.5	60.5	56.6	53.8	52.0	52.2	51.1	45.0	38.1	34.0	30.4	29.9	27.2
2018/01/24 15:43:52	69.4	30.0	30.0	44.2	44.2	55.3	55.3	56.8	56.8	58.3	63.5	61.9	57.6	59.8	57.5	57.5	59.9	60.0	62.2	64.6	59.8	58.0	52.8	51.0	51.9	52.3	50.0	43.4	36.9	31.7	29.1	28.1	24.4
2018/01/24 15:43:53	65.3	28.6	28.6	45.3	45.3	54.6	54.6	55.9	55.9	55.1	56.4	55.9	54.4	59.2	54.5	53.7	54.3	57.0	59.8	59.6	55.4	52.1	48.7	47.9	48.2	45.7	40.3	36.3	26.5	23.5	21.7	22.3	21.3
2018/01/24 15:43:54	64.7	28.3	28.3	46.0	46.0	55.7	55.7	56.2	56.2	52.0	51.9	54.0	53.4	58.1	54.4	54.9	55.7	54.9	56.9	58.2	56.5	54.0	50.2	48.7	48.0	46.0	40.9	37.9	29.8	24.6	21.6	22.0	20.7
2018/01/24 15:43:55	67.3	32.8	32.8	47.8	47.8	60.0	60.0	60.9	60.9	58.2	57.4	58.3	54.8	57.5	58.5	57.3	56.7	58.4	60.2	59.9	59.3	57.0	53.0	50.7	51.2	51.4	46.6	40.1	35.2	28.5	23.9	23.3	21.5
2018/01/24 15:43:56	67.3	34.1	34.1	48.4	48.4	61.0	61.0	62.0	62.0	55.6	54.6	55.5	52.4	56.7	56.6	55.2	56.3	56.5	57.7	60.5	59.5	57.9	55.7	52.6	51.2	50.4	48.1	40.9	34.0	29.5	25.8	24.0	21.8
2018/01/24 15:43:57	69.6	32.4	32.4	52.2	52.2	57.7	57.7	58.1	58.1	58.9	57.0	59.6	55.2	60.2	60.0	59.1	59.9	59.1	61.4	61.5	61.8	60.1	57.2	54.2	53.5	54.0	51.5	45.2	38.3	37.2	31.8	30.6	25.5
2018/01/24 15:43:58	66.7	30.5	30.5	48.7	48.7	54.7	54.7	55.0	55.0	55.2	53.2	56.7	52.1	58.2	60.4	57.4	56.7	56.6	56.2	59.0	58.2	57.3	53.0	51.1	53.1	52.8	47.8	41.1	35.1	32.5	28.2	28.3	23.4
2018/01/24 15:43:59	63.1	31.3	31.3	46.9	46.9	54.9	54.9	56.4	56.4	53.1	50.8	55.8	51.6	56.8	57.7	54.9	53.3	53.1	54.1	54.4	53.6	53.3	51.4	49.0	47.4	45.5	41.6	36.8	30.7	26.4	22.5	22.5	21.4
2018/01/24 15:44:00	63.8	33.1	33.1	46.1	46.1	55.4	55.4	60.3	60.3	59.5	58.4	57.7	51.2	58.1	55.4	53.8	55.7	53.9	54.8	55.1	55.4	53.0	51.3	49.1	49.0	48.2	45.8	42.6	37.8	36.3	33.2	31.7	28.4
2018/01/24 15:44:01	64.7	29.7	29.7	49.1	49.1	57.1	57.1	59.2	59.2	58.8	56.8	58.8	55.0	57.2	55.5	54.5	55.9	53.1	55.5	57.4	56.3	54.0	51.5	49.4	49.7	49.8	48.2	44.7	38.2	35.4	31.7	30.6	26.8
2018/01/24 15:44:02	67.0	36.1	36.1	52.7	52.7	63.8	63.8	64.2	64.2	57.6	57.4	60.4	55.8	60.4	58.1	55.6	58.4	56.6	58.0	59.8	58.8	55.9	53.5	52.7	52.3	51.9	49.5	43.6	37.0	33.8	29.6	27.8	25.2
2018/01/24 15:44:03	64.7	37.7	37.7	56.4	56.4	66.1	66.1	63.7	63.7	53.0	53.1	55.7	53.9	57.3	55.1	53.4	58.0	54.1	54.1	56.3	58.2	53.8	49.3	47.9	50.1	49.9	47.6	40.5	33.6	29.9	26.2	25.4	23.4
2018/01/24 15:44:04	61.4	32.6	32.6	50.4	50.4	59.6	59.6	59.9	59.9	57.6	57.7	63.2	57.0	60.7	56.1	51.2	53.0	51.7	51.5	53.6	51.2	48.5	44.6	43.4	45.2	43.6	39.0	38.0	30.5	28.7	26.0	24.6	22.6
2018/01/24 15:44:05	60.9	31.7	31.7	51.9	51.9	59.1	59.1	59.6	59.6	60.9	57.6	59.9	58.2	56.8	50.7	49.1	51.5	49.8	51.4	50.9	51.0	49.6	47.3	46.0	49.1	47.6	45.2	43.9	33.3	30.2	26.8	24.8	22.4
2018/01/24 15:44:06	63.1	30.9	30.9	49.1	49.1	60.2	60.2	60.5	60.5	52.5	50.6	54.6	49.7	55.6	53.8	49.1	52.8	51.6	54.0	54.2	54.9	51.9	50.5	49.2	51.7	51.1	46.4	44.7	35.8	33.5	29.3	26.7	23.4
2018/01/24 15:44:07	67.8	31.1	31.1	46.7	46.7	58.4	58.4	59.8	59.8	56.1	56.0	57.6	54.5	57.9	55.0	51.8	55.4	55.1	58.6	61.2	60.6	57.7	56.4	53.3	52.2	52.6	49.2	42.9	37.2	32.7	29.4	26.8	23.0
2018/01/24 15:44:08	74.1	35.3	35.3	53.8	53.8	62.6	62.6	61.0	61.0	59.6	60.0	60.4	58.2	63.1	61.8	59.3	63.1	63.1	64.8	68.5	67.1	63.9	60.6	57.4	56.2	56.4	55.2	50.4	43.3	39.9	35.8	33.7	32.6
2018/01/24 15:44:09	69.9	33.7	33.7	56.7	56.7	64.6	64.6	62.2	62.2	57.6	57.8	58.9	56.2	60.0	59.3	55.7	59.5	57.8	59.8	63.0	63.0	60.8	56.2	55.2	55.4	53.9	48.9	46.5	39.2	35.1	30.3	28.4	25.9
2018/01/24 15:44:10	64.8	33.6	33.6	50.2	50.2	60.3	60.3	59.7	59.7	56.9	57.7	57.3	53.3	58.4	56.7	52.6	54.2	55.4	56.0	59.5	56.7	52.5	49.6	48.4	48.6	47.2	43.0	39.6	33.4	28.6	25.4	24.1	21.7
2018/01/24 15:44:11	63.4	31.3	31.3	51.7	51.7	61.3	61.3	60.9	60.9	55.2	54.5	54.7	50.6	54.3	52.7	50.6	53.0	53.3	54.3	58.7	55.6	51.3	47.6	46.5	46.0	45.1	41.1	36.3	29.1	24.8	21.9	22.4	21.1
2018/01/24 15:44:12	61.0	34.6	34.6	51.4	51.4	60.5	60.5	62.1	62.1	56.4	53.8	54.7	48.4	52.3	53.1	51.0	52.5	51.1	50.5	53.4	53.1	50.8	47.2	46.1	46.5	45.3	40.3	36.1	28.4	24.0	21.2	22.4	20.9
2018/01/24 15:44:13	61.6	29.8	29.8	47.3	47.3	61.1	61.1	63.8	63.8	57.1	52.0	55.3	50.7	55.0	53.1	51.3	53.8	52.3	52.4	54.9	51.5	50.8	48.0	45.9	46.6	46.3	41.8	39.3	31.7	25.7	22.2	22.1	21.0
2018/01/24 15:44:14	63.2	35.6	35.6	54.5	54.5	63.6	63.6	62.8	62.8	56.8	56.6	57.6	53.9	56.1	54.3	53.0	55.3	54.8	53.8	53.6	52.6	50.7	49.5	48.8	49.3	52.7	48.6	45.8	39.3	31.7	25.8	23.8	21.9
2018/01/24 15:44:15	61.6	39.9	39.9	58.4	58.4	68.7	68.7	67.1	67.1	56.4	57.4	55.6	50.5	55.0	54.4	51.9	52.7	53.6	51.5	53.6	51.3	50.1	48.1	46.0	46.6	48.3	47.0	40.9	34.9	28.4	25.4	25.5	22.9
2018/01/24 15:44:16	62.5	41.5	41.5	56.4	56.4	69.3	69.3	69.3	69.3	56.7	51.5	55.8	52.5	54.8	56.1	54.0	54.8	56.5	52.7	53.2	50.9	49.5	49.1	46.8	47.2	48.1	48.1	47.1	37.3	31.8	28.3	28.2	25.3
2018/01/24 15:44:17	62.1	30.9	30.9	50.4	50.4	62.0	62.0	63.6	63.6	57.8	57.2	58.8	50.4	54.5	56.0	53.8	55.4	54.8	52.9	51.5	51.5	50.0	48.6	47.1	47.0	47.7	47.7	45.2	36.4	31.8	26.7	26.3	24.6
2018/01/24 15:44:18	60.8	31.5	31.5	49.7	49.7	60.2	60.2	60.2	60.2	55.4	55.5	55.8	50.5	54.0	52.4	52.3	52.9	54.5	50.6	52.1	50.4	49.7	47.7	45.4	45.8	46.3	44.7	41.5	35.2	28.3	24.0	22.9	21.7
2018/01/24 15:44:19	61.1	29.2	29.2	48.8	48.8	58.4	58.4	60.4	60.4	58.0	54.2	57.4	52.8	53.0	53.3	52.2	52.3	53.2	53.4	53.9	49.5	49.6	47.6	45.6	45.6	45.3	42.5	38.0	31.8	26.2	21.9	21.9	21.0
2018/01/24 15:44:20	58.5	31.1	31.1	50.5	50.5	59.5	59.5	61.1	61.1	55.6	50.2	54.0	50.2	51.8	50.7	49.3	52.1	50.0	49.1	49.6	48.6	48.4	45.2	43.2	42.6	42.3	39.5	33.5	26.9	21.9	20.8	22.0	21.0
2018/01/24 15:44:21	58.6	31.2	31.2	49.2	49.2	57.8	57.8	60.0	60.0	55.3	53.5	58.3	49.1	52.1	51.1	48.9	50.4	49.7	49.6	50.7	49.3	47.9	45.1	42.4	42.0	41.4	37.2	31.2	24.1	21.7	20.9	22.1	21.0
2018/01/24 15:44:22	59.1	32.5	32.5	50.1	50.1	59.9	59.9	61.2	61.2	53.9	51.7	56.2	47.8	50.0	50.6	48.8	50.1	50.0	50.0	51.4	50.5	49.7	46.1	43.3	42.6	40.4	36.4	30.8	23.6	21.3	21.0	22.1	21.1
2018/01/24 15:44:23	57.5	29.9	29.9	52.6	52.6	60.1	60.1	58.6	58.6	53.6	53.2	57.0	48.4	50.3	50.0	47.5	49.7	49.7	47.8	48.8	48.6	46.9	44.0	43.7	41.2	39.6	35.9	29.3	23.2	20.3	21.0	21.8	20.8
2018/01/24 15:44:24	57.7	30.5	30.5	51.2	51.2	59.9	59.9	59.4	59.4	54.6	51.8	54.9	49.8	50.9	51.2	47.8	50.1	49.4	48.1	50.4	47.6	46.6	44.4	42.5	41.8	40.1	35.3	31.9	24.3	22.7	21.8	22.5	21.1
2018/01/24 15:44:25	58.7	35.0	35.0	51.0	51.0	63.6	63.6	64.9	64.9	56.7	53.7	55.4	52.9	52.9	50.2	48.2	50.5	50.0	50.0	51.2	49.1	47.7	45.2	43.4	42.9	41.4	36.1	30.3	28.1	20.9	20.7	22.1	21.0
2018/01/24 15:44:26	60.0	32.1	32.1	51.9	51.9	63.7	63.7	65.6	65.6	57.9	52.4	55.3	54.5	54.7	51.2	49.2	51.0	50.8	51.6	52.9	51.0	48.4	46.3	44.3	44.2	42.7	37.5	32.9	24.9	22.3	21.2	22.2	21.2
2018/01/24 15:44:27	60.1	31.6	31.6	52.0	52.0	61.0	61.0	61.4	61.4	55.1	53.2	54.9	51.3	54.0	52.3	50.0	50.0	50.9	52.5	53.1	51.3	49.1	45.0	43.3	44.2	43.1	38.1	33.0	25.7	21.9	21.2	22.0	21.4
2018/01/24 15:44:28	62.0	30.8	30.8	50.5	50.5	59.9	59.9	61.9	61.9	57.8	54.9	55.8	53.6	56.5	53.3	52.6	53.1	53.4	54.0	55.3	52.5	51.0	46.7	44.9	45.1	46.5	42.1	34.3	29.6	24.8	22.1	22.3	21.0
2018/01/24 15:44:29	61.1	30.7	30.7	51.5	51.5	59.5	59.5	59.9	59.9	57.3	53.1	55.4	52.5	55.6	54.9	51.4	52.1	50.8	52.1	53.5	52.5	50.4	47.6	44.4	44.6	45.4	42.2	34.5	29.5	24.4	22.5	22.6	21.3
2018/01/24 15:44:30	59.9	29.5	29.5	50.9	50.9	59.1	59.1	60.0	60.0	57.1	53.1	56.0	54.1	54.9	54.1	49.8	51.4	50.0	50.5	51.5	50.8	49.2	46.7	44.5	44.7	43.5	39.1	33.2	27.1	23.5	21.9	22.4	21.4
2018/01/24 15:44:31	59.6	30.5	30.5	49.3	49.3	57.5	57.5	56.3	56.3	54.3	53.4	54.2	51.6	55.1	53.5	48.0	50.5	50.3	50.4	50.9	51.3	49.2	47.0	44.1	43.7	43.5	41.5	37.8	31.3	26.2	22.3	22.3	21.4
2018/01/24 15:44:32	59.1	29.3	29.3	50.4	50.4	59.5	59.5	58.7	58.7	54.1	52.0	54.7	49.4	53.6	50.7	49.3	51.0	50.1	50.2	50.7	50.2	48.3	47.6	43.4	42.6	42.1	37.7	31.9	28.2	21.8	21.0	22.0	20.8
2018/01/24 15:44:33	58.6	29.9	29.9	49.0	49.0	57.5	57.5	56.8	56.8	54.7	52.9	55.1	48.9	53.1	51.3	50.9	51.7	48.8	49.3	49.5	49.3	48.2	46.7	42.9	42.0	42.3	37.8	31.7	24.8	21.5	21.0	21.9	21.0
2018/01/24 15:44:34	58.0	27.9	27.9	48.5	48.5	57.1	57.1	56.7	56.7	55.0	54.7	55.8	52.1	52.9	51.1	50.9	50.9	48.7	48.6	49.5	48.4	46.3	44.9	42.2	41.2	41.6	37.5	31.4	25.0	21.1	21.1	22.1	21.1
2018/01/24 15:44:35	57.7	28.1	28.1	48.4	48.4	56.3	56.3	57.4	57.4	54.2	54.1	56.4	50.2	53.6	51.0	49.0	49.3	48.4	48.7	50.0	47.6	46.3	45.5	41.7	40.6	40.9	36.9	30.7	26.3	20.6	20.9	22.0	20.8
2018/01/24 15:44:36	57.1	28.6	28.6	50.3	50.3	58.4	58.4	57.6	57.6	54.2	54.6	56.7	47.6	51.6	50.3	48.6	49.7	48.7	47.6	48.0	45.9	45.5	44.4	42.5	42.3	41.6	37.8	31.8	25.2	21.5	21.1	22.4	21.4
2018/01/24 15:44:37	57.2	31.1	31.1	51.3	51.3	59.9	59.9	59.5	59.5	55.4	52.2	54.0	49.9	52.5	52.3	48.2	48.5	49.5	48.0	47.6	46.4	46.3	44.3	41.9	41.8	41.3	37.6	30.9	24.0	20.8	21.0	22.1	21.1
2018/01/24 15:44:38	57.2	30.0	30.0	50.0	50.0	58.7	58.7	57.0	57.0	53.1	53.0	54.7	48.7	50.7	50.5	47.0	49.5	49.5	48.6	49.3	46.0	46.6	43.5	41.7	41.2	40.2	37.0	34.3	24.1	21.1	21.0	22.1	21.2
2018/01/24 15:44:39	56.7	33.7	33.7	48.9	48.9	61.0	61.0	61.1	61.1	54.1	51.2	53.5	50.5	49.8	51.2	48.2	49.1	49.8	46.8	47.4	46.3	45.8	43.3	41.9	40.2	39.2	36.0	29.8	26.9	20.5	20.7	21.9	20.9
2018/01/24 15:44:40	56.1	30.3	30.3	51.8	51.8	61.6	61.6	60.9	60.9	52.9	53.2	54.9	51.6	51.3	49.7	47.1	48.0	47.4	46.9	46.7	45.9	45.0	43.1	40.7	39.6	39.6	35.1	30.7	23.1	21.1	20.9	22.0	20.8
2018/01/24 15:44:41	55.9	35.0	35.0	52.8	52.8	62.3	62.3	61.3	61.3	54.0	50.7	51.9	50.9	50.4	48.0	50.0	48.3	46.3	45.8	47.7	45.3	45.6	42.3	40.0	39.7	38.5	35.4	28.7	22.4	20.7	21.0	22.1	21.0
2018/01/24 15:44:42	55.8	36.6	36.6	52.4	52.4	64.3	64.3	64.6	64.6	55.0	51.8	52.7	50.4	50.1	48.6	48.0	47.0	47.4	45.1	46.7	45.9	45.5	43.5	40.4	39.8	38.6	35.2	28.5	26.0	20.5	20.9	22.3	21.0
2018/01/24 15:44:43	55.8	31.8	31.8	48.9	48.9	60.7	60.7	61.0	61.0	51.8	49.4	51.7	48.1	49.1	49.3	46.3	48.3	46.6	46.4	47.8	46.0	45.8	42.7	40.5	39.7	38.2	34.8	27.9	22.5	20.5	20.6	21.8	20.6
2018/01/24 15:44:44	55.2	32.8	32.8	48.1	48.1	61.1	61.1	61.6	61.6	52.9	49.8	50.5	46.0	48.7	47.5	45.4	47.1	45.3	46.1	46.5	46.6	45.7	42.6	39.5	38.1	37.3	33.2	26.7	21.5	20.2	21.0	21.9	20.9
2018/01/24 15:44:45	55.1	31.3	31.3	46.1	46.1	58.7	58.7	59.9	59.9	52.0	49.7	50.6	46.3	49.3	47.7	45.3	47.2	45.1	44.9	47.5	45.7	45.5	42.9	40.6	38.7	36.9	32.6	25.9	21.9	20.5	20.8	22.1	21.1
2018/01/24 15:44:46	54.8	28.7	28.7	43.6	43.6	56.1	56.1	57.8	57.8	51.1	51.3	51.2	46.4	48.3	45.8	46.7	46.1	45.1	45.9	46.7	45.6	44.4	43.0	40.2	38.4	36.7	32.5	26.3	27.5	20.5	20.9	22.1	21.0
2018/01/24 15:44:47	54.2	28.5	28.5	46.7	46.7	56.2	56.2	57.2	57.2	51.8	51.7	52.7	46.8	49.3	45.6	43.6	44.7	45.1	44.0	45.9	45.2	44.3	42.7	39.8	37.7	36.5	31.9	25.7	21.3	20.4	20.9	22.2	21.1
2018/01/24 15:44:48	53.7	29.4	29.4	47.5	47.5	54.8	54.8	55.2	55.2	50.7	50.9	51.0	45.4	48.7	47.6	46.2	44.8	44.0	43.1	46.1	44.1	43.3	41.5	38.6	36.5	34.7	31.9	25.3	21.1	20.4	20.8	22.1	21.0
2018/01/24 15:44:49	54.2	24.8	24.8	43.0	43.0	51.5	51.5	52.5	52.5	50.3	48.3	49.0	43.6	47.9	47.1	46.5	45.9	44.3	43.6	47.4	45.5	44.0	41.2	38.2	36.5	34.6	30.7	25.3	26.4	20.4	20.8	22.1	21.1
2018/01/24 15:44:50	53.9	27.8	27.8	44.1	44.1	53.4	53.4	54.7	54.7	52.0	50.0	50.1	44.3	47.2	44.2	45.4	45.6	44.4	44.8	46.9	45.1	43.2	40.7	38.3	36.0	34.5	30.4	25.4	20.9	20.3	20.8	21.9	20.9
2018/01/24 15:44:51	53.4	26.4	26.4	43.7	43.7	52.3	52.3	52.5	52.5	50.7	49.7	49.4	44.2	46.5	45.7	45.0	45.5	44.2	45.1	45.5	44.7	43.1	39.4	37.5	35.9	34.9	30.7	26.1	20.6	20.2	20.9	22.0	20.9
2018/01/24 15:44:52	54.5	26.7	26.7	42.8	42.8	52.3	52.3	54.1	54.1	51.9	50.1	51.2	46.3	48.4	48.3	46.9	45.2	45.2	44.6	47.4	45.9	43.7	40.7	38.1	36.2	34.4	30.5	24.6	21.1	20.5	20.9	22.0	21.1
2018/01/24 15:44:53	54.0	27.2	27.2	44.9	44.9	54.5	54.5	54.8	54.8	49.6	51.5	52.0	46.4	47.8	47.7	43.8	43.6	45.4	44.5	47.0	45.4	43.3	39.8	38.2	36.7	35.2	30.5	25.0	23.6	19.9	20.8	21.9	20.7
2018/01/24 15:44:54	55.0	26.8	26.8	43.4	43.4	53.5	53.5	55.3	55.3	51.6	52.8	52.3	45.6	49.3	46.4	44.8	45.4	45.6	46.6	47.1	46.1	44.5	42.2	39.9	38.5	36.2	31.9	26.3	21.4	20.3	20.9	22.0	21.2
2018/01/24 15:44:55	55.6	29.2	29.2	43.5	43.5	53.8	53.8	54.3	54.3	51.6	52.3	53.2	46.0	48.3	47.6	45.6	46.3	46.2	46.7	48.8	46.6	45.3	42.4	40.2	39.3	37.4	32.8	26.7	21.7	20.2	20.6	21.9	20.8
2018/01/24 15:44:56	57.2	26.8	26.8	44.8	44.8	54.6	54.6	55.3	55.3	51.0	54.8	54.1	46.4	49.6	48.2	46.9	46.9	47.0	48.3	50.4	48.6	46.6	44.6	42.7	40.0	40.0	33.0	27.0	21.3	20.3	20.9	21.9	21.0
2018/01/24 15:44:57	57.6	29.0	29.0	45.6	45.6	55.4	55.4	56.9	56.9	51.1	50.4	54.2	48.7	52.0	49.9	48.8	48.0	49.5	48.6	50.7	48.7	46.4	43.9	42.4	40.3	38.4	33.8	27.6	26.9	20.4	20.9	22.3	21.3
2018/01/24 15:44:58	59.3	29.5	29.5	48.5	48.5	57.7	57.7	57.6	57.6	55.2	54.6	56.5	52.8	52.5	51.4	49.5	49.8	50.5	50.6	52.2	49.7	47.5	46.0	44.8	44.8	41.2	35.8	31.8	23.3	20.7	21.0	22.1	21.0
2018/01/24 15:44:59	60.4	31.9	31.9	47.8	47.8	58.5	58.5	58.9	58.9	54.2	53.0	55.7	53.6	53.6	52.9	49.3	50.8	52.0	52.0	52.9	51.3	50.0	47.1	46.2	44.8	42.8	36.9	32.1	24.0	21.1	20.9	22.0	21.0
2018/01/24 15:45:00	62.1	33.5	33.5	49.2	49.2	59.7	59.7	60.7	60.7	58.9	56.0	55.7	50.8	53.9	54.5	51.8	52.5	53.7	54.3	54.3	53.0	51.5	48.9	47.1	47.4	44.9	39.8	34.2	26.4	22.1	21.2	22.3	21.1
2018/01/24 15:45:01	62.6	32.4	32.4	49.9	49.9	59.6	59.6	59.5	59.5	54.6	54.4	55.8	52.4	54.5	53.5	51.4	52.3	53.2	53.9	55.7	54.1	52.1	48.6	46.9	47.6	47.5	44.0	36.3	30.0	24.4	22.7	22.8	21.6
2018/01/24 15:45:02	62.6	35.5	35.5	52.2	52.2	62.7	62.7	62.8	62.8	57.7	54.4	55.8	54.5	54.6	53.5	51.5	52.9	52.4	54.6	55.2	54.1	52.6	48.7	46.9	47.7	46.0	43.5	37.2	29.6	25.3	23.7	24.0	22.3
2018/01/24 15:45:03	62.9	34.2	34.2	51.1	51.1	62.0	62.0	63.4	63.4	57.9	56.8	56.4	54.0	58.0	54.4	51.8	52.7	54.7	55.2	55.8	54.0	52.1	48.8	46.5	45.9	45.7	42.9	36.8	28.2	24.3	22.1	22.6	21.2
2018/01/24 15:45:04	62.3	31.3	31.3	50.4	50.4	57.7	57.7	59.0	59.0	56.6	52.2	54.5	51.0	55.6	55.1	52.6	50.9	51.2	53.3	56.5	54.1	51.6	47.8	45.4	44.8	44.9	43.6	36.0	29.4	25.1	23.5	23.4	22.4
2018/01/24 15:45:05	59.9	32.7	32.7	48.3	48.3	56.3	56.3	58.1	58.1	56.1	53.9	54.2	49.1	54.0	55.1	50.4	49.8	49.8	50.3	52.6	50.6	49.4	46.8	44.3	43.6	43.7	40.1	36.5	29.7	26.0	24.2	23.6	22.1
2018/01/24 15:45:06	57.8	28.6	28.6	46.8	46.8	54.9	54.9	56.4	56.4	53.6	50.2	51.8	49.0	53.4	50.1	47.0	48.2	48.7	48.7	50.5	49.0	47.4	44.2	41.6	41.0	40.5	38.1	33.6	25.8	26.9	22.2	22.6	21.2
2018/01/24 15:45:07	56.5	30.9	30.9	50.7	50.7	58.9	58.9	59.7	59.7	55.1	50.7	50.4	49.7	53.2	49.4	46.7	46.9	46.9	47.1	49.0	47.4	45.8	43.0	40.6	40.1	39.3	37.1	31.6	25.5	22.2	21.5	22.3	21.5
2018/01/24 15:45:08	55.9	30.1	30.1	47.8	47.8	56.3	56.3	56.5	56.5	53.3	50.6	51.6	46.8	50.8	48.8	46.9	46.3	49.2	46.0	47.8	46.2	45.5	42.6	40.3	39.0	38.3	35.6	30.5	22.8	21.0	21.0	22.2	21.0
2018/01/24 15:45:09	56.0	29.7	29.7	49.0	49.0	56.9	56.9	55.9	55.9	52.3	49.8	51.3	48.5	49.8	46.8	45.9	46.9	47.7	45.8	48.1	48.2	45.3	43.3	40.1	39.0	37.9	35.1	29.5	22.6	20.7	21.0	22.2	21.0
2018/01/24 15:45:10	55.7	31.9	31.9	50.5	50.5	58.0	58.0	56.3	56.3	52.0	49.7	50.9	49.0	49.9	47.8	45.8	47.3	47.4	45.7	47.5	46.6	45.5	43.1	40.7	39.9	39.0	35.3	28.4	22.2	20.6	20.9	21.8	20.8
2018/01/24 15:45:11	56.9	32.4	32.4	50.8	50.8	60.3	60.3	61.9	61.9	57.9	54.9	53.4	47.4	51.9	49.7	45.6	47.0	47.8	47.5	48.2	47.3	45.5	44.3	42.9	43.0	41.6	37.5	31.6	25.6	23.1	21.2	22.0	20.9
2018/01/24 15:45:12	61.2	34.5	34.5	57.3	57.3	65.3	65.3	64.0	64.0	62.1	58.4	57.1	50.3	54.3	51.7	49.5	51.4	51.1	51.6	52.9	51.9	49.7	49.5	48.8	47.8	45.8	42.1	36.0	31.6	26.4	23.4	23.3	22.0
2018/01/24 15:45:13	66.4	41.4	41.4	58.6	58.6	69.5	69.5	68.4	68.4	63.3	67.0	62.6	51.5	56.4	57.7	53.6	55.1	56.5	55.7	58.0	57.6	55.2	54.2	54.4	53.7	52.4	50.4	44.8	38.9	36.7	32.8	31.2	28.0
2018/01/24 15:45:14	68.7	41.6	41.6	54.4	54.4	72.2	72.2	75.0	75.0	66.9	67.9	66.6	55.5	60.3	59.9	57.2	57.4	58.1	58.7	60.4	60.1	58.0	55.2	54.2	55.6	55.1	51.5	45.6	40.2	38.4	33.8	32.0	28.6
2018/01/24 15:45:15	67.0	34.3	34.3	52.8	52.8	69.4	69.4	74.2	74.2	68.2	59.1	61.0	55.5	57.9	56.2	54.8	55.2	56.3	56.5	58.1	57.9	54.9	53.2	53.6	55.3	56.8	51.7	45.4	39.3	36.4	31.7	29.7	26.8
2018/01/24 15:45:16	65.7	42.6	42.6	56.7	56.7	72.4	72.4	74.6	74.6	66.6	55.9	58.0	53.9	57.4	54.6	52.5	54.6	55.6	55.5	56.5	55.4	53.7	52.0	52.1	53.6	55.3	52.4	46.9	41.7	40.0	36.3	34.2	30.7
2018/01/24 15:45:17	62.6	39.2	39.2	56.2	56.2	66.9	66.9	66.0	66.0	58.1	53.0	55.5	50.0	54.4	51.8	50.0	53.4	54.0	54.0	53.3	52.8	51.1	49.4	49.0	49.8	49.8	48.0	44.0	39.2	37.1	32.5	28.5	26.6
2018/01/24 15:45:18	59.3	34.5	34.5	50.3	50.3	63.4	63.4	65.0	65.0	56.3	53.1	54.2	49.6	53.1	50.3	48.2	48.9	51.1	51.1	50.9	49.7	48.4	46.0	44.7	44.7	43.9	40.7	35.6	30.7	27.8	23.7	23.1	22.0
2018/01/24 15:45:19	57.6	27.8	27.8	49.9	49.9	61.9	61.9	63.7	63.7	55.9	51.9	55.0	49.6	50.7	49.6	47.0	49.2	48.4	49.6	49.6	48.9	46.2	43.0	42.4	41.9	40.7	36.2	32.0	26.4	22.9	21.4	21.8	20.8
2018/01/24 15:45:20	56.9	27.2	27.2	42.6	42.6	53.5	53.5	57.0	57.0	53.5	49.2	49.3	46.9	51.6	49.4	47.1	48.0	47.7	48.3	49.3	48.7	46.1	43.2	41.8	40.4	38.5	33.2	27.8	24.9	20.6	20.9	22.0	21.1
2018/01/24 15:45:21	56.2	24.7	24.7	43.1	43.1	53.3	53.3	56.4	56.4	53.6	49.9	53.3	46.9	52.0	49.8	46.4	47.9	47.8	48.1	49.1	46.8	44.4	41.4	40.4	39.1	37.2	31.5	26.4	21.4	19.9	20.8	21.9	20.9
2018/01/24 15:45:22	56.1	27.2	27.2	42.6	42.6	51.8	51.8	53.0	53.0	50.7	51.4	51.8	47.4	52.2	49.1	46.7	47.7	46.7	48.1	48.8	46.4	44.5	41.7	40.7	39.6	37.4	31.7	26.8	21.7	20.3	21.0	21.9	21.2
2018/01/24 15:45:23	57.5	28.9	28.9	45.2	45.2	54.8	54.8	54.9	54.9	50.6	52.3	51.9	47.3	52.8	51.0	47.5	48.7	49.1	50.1	50.7	47.1	46.0	42.0	41.5	41.2	39.0	34.1	29.1	22.7	20.6	21.0	21.9	20.9
2018/01/24 15:45:24	59.3	29.0	29.0	44.8	44.8	54.6	54.6	57.2	57.2	55.4	51.6	53.0	49.2	54.1	51.8	47.3	49.9	50.1	52.4	53.0	49.0	47.7	44.3	42.6	43.0	40.9	35.7	30.4	23.7	21.1	21.2	22.1	20.9
2018/01/24 15:45:25	60.8	31.0	31.0	45.3	45.3	55.9	55.9	57.7	57.7	56.8	54.5	52.1	46.7	53.1	52.8	49.2	51.4	52.7	54.1	54.0	50.7	50.1	45.3	44.2	45.7	43.7	38.1	32.9	26.8	22.1	21.2	22.1	20.7
2018/01/24 15:45:26	62.8	30.8	30.8	47.9	47.9	59.7	59.7	63.7	63.7	60.6	54.2	55.5	50.9	55.8	53.9	52.9	53.4	53.9	55.8	56.2	52.6	51.5	47.4	45.9	47.3	47.7	43.3	35.9	32.0	26.9	25.2	22.7	21.1
2018/01/24 15:45:27	62.4	27.9	27.9	48.4	48.4	57.9	57.9	63.6	63.6	64.2	56.0	55.4	51.4	56.3	53.4	52.2	52.6	52.7	54.9	54.9	51.5	51.4	48.1	45.6	47.6	48.7	46.7	38.9	32.8	28.9	26.4	23.6	21.6
2018/01/24 15:45:28	61.2	30.5	30.5	47.3	47.3	58.0	58.0	59.2	59.2	57.3	53.2	54.4	52.0	56.6	53.3	51.0	51.9	52.2	53.3	53.7	50.2	48.9	47.5	48.2	47.7	46.3	43.5	38.3	31.4	26.1	23.5	23.0	21.3
2018/01/24 15:45:29	61.8	31.7	31.7	45.7	45.7	55.9	55.9	58.8	58.8	57.2	53.3	53.8	50.2	56.8	54.5	50.7	53.3	54.0	53.8	53.9	51.2	50.1	48.1	47.4	48.4	45.9	43.8	37.4	30.0	26.8	23.2	22.5	21.3
2018/01/24 15:45:30	60.9	32.3	32.3	47.8	47.8	58.9	58.9	58.8	58.8	53.5	51.0	52.0	50.2	56.4	53.6	51.0	52.3	51.4	52.2	54.4	51.3	49.4	46.6	45.3	45.7	44.3	42.1	36.4	30.7	24.1	21.7	22.1	21.0
2018/01/24 15:45:31	61.2	30.1	30.1	47.9	47.9	58.9	58.9	59.7	59.7	54.8	52.4	52.8	47.3	55.2	54.1	50.8	52.0	53.1	53.2	54.4	51.8	49.9	47.1	45.7	45.4	43.8	39.3	35.5	27.8	22.4	21.5	22.3	21.2
2018/01/24 15:45:32	63.8	34.2	34.2	49.0	49.0	60.2	60.2	59.7	59.7	53.5	54.9	55.4	51.4	56.3	54.4	52.7	53.7	55.3	56.9	58.4	53.3	51.5	47.8	47.0	48.2	47.3	42.0	40.0	30.4	24.5	22.1	22.4	21.1
2018/01/24 15:45:33	66.9	37.4	37.4	53.3	53.3	64.8	64.8	64.2	64.2	58.9	58.9	57.9	55.4	60.4	56.3	56.0	57.1	58.2	59.2	61.5	56.3	55.5	51.0	49.2	50.5	51.9	48.9	42.3	36.3	28.5	26.0	24.7	22.4
2018/01/24 15:45:34	67.0	33.8	33.8	51.8	51.8	62.1	62.1	61.4	61.4	57.7	59.2	57.4	53.5	58.6	57.0	56.2	57.5	58.6	60.8	60.8	56.9	55.1	52.0	50.0	49.7	49.6	48.9	42.4	34.7	30.5	27.5	25.4	22.4
2018/01/24 15:45:35	66.8	27.4	27.4	46.4	46.4	57.2	57.2	58.0	58.0	55.7	53.7	56.5	53.1	58.5	56.4	55.4	57.3	59.4	60.1	60.2	57.1	55.7	51.5	50.1	49.8	49.2	46.3	39.9	32.9	29.6	25.6	24.3	33.1
2018/01/24 15:45:36	66.5	31.3	31.3	48.7	48.7	61.5	61.5	63.1	63.1	57.0	53.7	55.1	49.6	56.8	56.1	53.9	56.7	57.5	58.9	61.5	56.6	55.1	52.5	50.0	50.0	50.0	46.3	39.2	33.1	31.5	26.0	23.9	21.7
2018/01/24 15:45:37	67.0	38.3	38.3	53.6	53.6	66.5	66.5	67.3	67.3	59.6	54.6	56.0	51.7	60.3	57.8	53.8	56.4	58.2	61.1	60.7	57.3	55.9	52.2	50.1	50.6	48.9	45.4	41.2	33.2	29.5	26.1	24.9	22.2
2018/01/24 15:45:38	67.4	37.6	37.6	55.5	55.5	67.4	67.4	68.4	68.4	59.4	55.0	57.2	51.0	59.4	57.0	54.1	57.9	58.5	60.6	61.2	57.2	56.5	53.0	51.3	50.3	51.4	49.2	41.9	36.4	30.6	26.9	25.5	22.9
2018/01/24 15:45:39	65.8	40.3	40.3	59.0	59.0	68.1	68.1	66.9	66.9	58.2	54.5	55.4	51.6	57.7	56.3	54.7	56.3	56.5	59.5	59.5	55.0	55.0	52.2	50.0	49.4	49.2	46.6	41.4	34.7	30.3	26.8	25.5	22.9
2018/01/24 15:45:40	71.3	35.2	35.2	53.8	53.8	63.8	63.8	63.7	63.7	61.6	59.6	58.6	55.8	61.1	63.7	58.5	61.0	62.2	63.2	66.3	61.0	60.4	58.0	54.7	53.8	52.7	49.7	44.6	37.6	32.6	26.9	25.6	24.2
2018/01/24 15:45:41	72.6	34.7	34.7	52.7	52.7	63.0	63.0	63.1	63.1	58.6	57.8	61.2	58.2	62.8	62.9	61.1	61.4	64.0	65.9	66.6	62.3	61.0	59.6	57.3	57.7	56.8	53.9	47.5	41.4	37.9	33.1	33.9	31.1
2018/01/24 15:45:42	71.2	37.2	37.2	52.9	52.9	63.4	63.4	62.8	62.8	56.8	55.5	58.4	55.9	61.5	60.9	59.8	59.0	62.1	64.7	65.5	61.7	59.7	56.8	55.8	55.7	53.3	49.0	44.0	36.5	32.3	27.8	26.5	23.4
2018/01/24 15:45:43	70.5	37.0	37.0	55.2	55.2	64.7	64.7	62.6	62.6	58.0	56.5	57.4	56.4	61.0	60.7	58.1	58.7	59.5	62.6	65.2	61.9	59.9	56.2	54.5	54.5	54.3	50.6	44.0	37.2	32.6	29.6	28.8	24.2
2018/01/24 15:45:44	70.9	36.0	36.0	54.7	54.7	64.4	64.4	63.1	63.1	62.5	60.4	58.7	55.5	61.8	60.8	58.7	59.4	62.4	64.0	64.6	62.2	60.1	56.5	55.0	54.7	53.5	50.7	46.3	39.8	35.7	32.3	31.0	26.9
2018/01/24 15:45:45	70.4	38.5	38.5	56.7	56.7	67.0	67.0	66.2	66.2	61.4	57.7	60.2	59.3	62.5	61.6	59.8	59.7	61.0	62.1	64.4	61.6	59.5	56.8	53.6	55.0	54.2	51.9	45.6	39.7	34.6	30.9	29.3	25.1
2018/01/24 15:45:46	70.4	35.7	35.7	52.2	52.2	62.3	62.3	62.3	62.3	59.8	59.3	61.1	57.6	60.8	60.8	58.1	60.1	61.5	62.3	63.4	62.9	59.0	56.1	54.5	54.7	55.1	52.6	47.0	40.6	36.7	33.6	31.9	31.3
2018/01/24 15:45:47	69.4	32.8	32.8	54.4	54.4	60.9	60.9	62.2	62.2	60.0	57.6	61.3	54.8	59.6	59.4	58.2	58.8	59.0	61.0	62.8	60.6	59.4	55.7	54.4	54.4	55.1	52.7	46.5	40.9	37.1	34.4	33.4	32.7
2018/01/24 15:45:48	69.2	32.1	32.1	52.9	52.9	59.5	59.5	61.0	61.0	59.3	58.0	60.0	54.3	60.4	60.6	57.3	57.9	58.7	61.8	63.1	60.1	58.7	55.9	53.8	53.3	52.4	49.9	45.2	38.5	36.2	30.5	28.0	27.0
2018/01/24 15:45:49	70.3	31.4	31.4	51.2	51.2	57.7	57.7	58.0	58.0	56.0	55.5	59.8	54.9	60.2	62.7	60.1	59.1	59.7	62.1	64.2	60.7	60.2	58.2	55.0	54.1	54.1	52.9	46.7	40.7	39.6	33.6	32.1	28.7
2018/01/24 15:45:50	70.8	32.7	32.7	56.6	56.6	62.4	62.4	59.8	59.8	59.6	59.8	60.5	58.1	61.3	61.7	60.6	60.7	63.6	63.4	63.1	62.0	60.8	56.7	54.4	54.5	53.4	51.0	46.0	38.7	36.9	31.7	33.4	26.0
2018/01/24 15:45:51	72.3	32.4	32.4	51.9	51.9	57.5	57.5	57.9	57.9	59.9	64.1	61.7	57.9	64.9	61.5	60.2	61.8	63.7	64.3	64.6	61.8	62.0	60.6	57.5	57.8	58.1	55.8	50.9	44.2	39.6	34.4	33.8	28.8
2018/01/24 15:45:52	77.9	32.6	32.6	51.2	51.2	59.5	59.5	59.4	59.4	61.9	64.9	62.1	59.5	64.5	67.5	63.7	64.5	70.2	68.0	68.9	64.7	67.2	64.1	65.5	67.7	67.2	65.3	59.6	52.3	48.8	44.5	42.5	37.9
2018/01/24 15:45:53	71.0	29.5	29.5	51.5	51.5	59.4	59.4	59.1	59.1	56.5	55.6	57.2	56.5	60.0	59.9	57.6	61.1	62.2	62.7	63.5	62.0	61.2	56.8	56.0	57.2	57.5	55.6	51.2	43.9	41.0	33.7	31.3	26.3
2018/01/24 15:45:54	67.1	27.3	27.3	45.6	45.6	53.3	53.3	58.4	58.4	56.9	54.2	56.8	57.3	59.6	56.7	55.1	58.4	58.9	58.2	59.5	58.5	57.2	51.5	51.8	53.7	53.0	48.5	43.2	36.8	31.6	26.8	25.1	22.2
2018/01/24 15:45:55	64.6	28.5	28.5	44.6	44.6	57.2	57.2	60.8	60.8	57.3	53.7	55.0	54.8	56.8	55.5	52.9	55.7	56.1	56.8	57.6	54.3	54.5	50.9	49.8	50.0	48.4	44.3	39.2	33.2	27.1	22.8	22.7	20.9
2018/01/24 15:45:56	66.3	31.1	31.1	46.5	46.5	61.0	61.0	63.3	63.3	56.3	52.1	55.8	56.4	57.6	56.1	53.4	56.0	56.5	58.4	59.7	56.6	57.0	54.2	51.5	50.3	48.7	45.9	40.3	33.8	29.6	25.5	23.5	20.8
2018/01/24 15:45:57	73.1	40.6	40.6	56.5	56.5	68.2	68.2	67.2	67.2	57.2	58.1	60.8	58.0	61.6	59.4	59.7	61.9	63.7	66.2	67.4	63.0	62.8	61.0	57.8	55.9	55.9	53.7	48.7	42.4	37.7	31.7	29.7	26.9
2018/01/24 15:45:58	72.2	36.2	36.2	56.4	56.4	66.3	66.3	64.9	64.9	56.3	56.1	58.8	58.4	63.3	59.3	60.6	62.2	61.4	65.6	65.9	63.2	61.2	57.7	56.4	56.5	57.0	54.5	49.1	41.6	35.7	31.6	31.7	28.7
2018/01/24 15:45:59	67.6	32.9	32.9	51.6	51.6	61.8	61.8	61.3	61.3	54.1	56.6	57.2	54.8	58.4	56.1	54.8	56.1	58.1	61.8	62.3	58.5	55.4	51.5	50.9	50.6	49.8	44.4	40.2	30.3	26.3	22.7	23.0	21.4
2018/01/24 15:46:00	66.1	35.0	35.0	50.7	50.7	62.2	62.2	61.8	61.8	56.0	56.1	54.8	50.9	55.8	56.4	55.4	56.2	57.4	58.2	60.4	56.7	54.5	51.6	48.9	50.0	50.4	48.6	39.9	32.4	26.9	24.1	23.4	21.4
2018/01/24 15:46:01	64.3	27.0	27.0	46.8	46.8	56.0	56.0	56.0	56.0	53.9	53.4	54.4	52.5	55.3	58.7	54.8	53.7	54.7	57.4	57.7	55.2	52.0	50.5	48.3	47.7	47.4	45.3	38.3	31.2	26.8	24.0	23.8	21.8
2018/01/24 15:46:02	61.3	25.8	25.8	49.9	49.9	57.6	57.6	56.9	56.9	51.8	52.0	52.4	48.4	55.0	57.1	50.8	50.0	51.8	52.0	54.9	52.0	50.2	48.0	46.0	45.1	43.9	40.3	33.9	27.0	24.2	22.7	23.0	21.2
2018/01/24 15:46:03	59.4	26.6	26.6	46.3	46.3	53.4	53.4	54.6	54.6	52.6	50.6	52.7	47.6	53.8	51.9	48.2	50.5	49.9	51.7	53.3	51.1	47.8	44.5	41.8	40.5	39.1	36.3	29.8	23.6	21.4	21.1	22.0	21.2
2018/01/24 15:46:04	56.2	26.3	26.3	42.4	42.4	51.7	51.7	54.2	54.2	53.4	52.1	49.5	46.3	50.5	48.1	42.9	45.5	45.9	47.8	50.9	46.8	45.4	43.1	39.3	38.2	37.6	33.6	26.8	22.8	20.5	20.7	22.0	21.2
2018/01/24 15:46:05	54.2	27.7	27.7	43.5	43.5	51.9	51.9	52.8	52.8	50.6	50.0	49.1	45.5	50.5	47.4	44.0	45.3	44.9	46.2	48.0	44.8	42.4	39.8	36.9	35.9	34.7	31.0	24.9	32.4	20.6	21.0	22.1	21.1
2018/01/24 15:46:06	52.3	26.7	26.7	43.8	43.8	53.7	53.7	54.7	54.7	51.0	50.5	49.8	43.8	46.6	43.8	42.2	43.8	43.7	43.5	45.7	42.5	41.3	38.7	36.0	34.8	34.0	30.0	24.9	21.0	20.1	21.0	21.9	20.6
2018/01/24 15:46:07	54.4	27.2	27.2	46.6	46.6	55.2	55.2	53.7	53.7	51.4	51.1	50.4	45.3	46.8	46.6	44.3	45.8	47.2	44.7	47.3	44.7	43.2	42.1	38.0	36.6	37.1	33.1	26.0	21.3	20.4	20.7	21.7	20.8
2018/01/24 15:46:08	54.5	27.0	27.0	42.9	42.9	51.4	51.4	54.3	54.3	53.5	51.8	51.7	47.7	49.9	46.3	44.5	46.1	45.9	45.4	47.3	45.3	42.7	41.3	37.8	36.1	37.2	32.8	26.1	21.6	20.6	21.0	22.1	21.3
2018/01/24 15:46:09	54.8	27.9	27.9	47.4	47.4	54.6	54.6	54.9	54.9	53.2	56.1	54.2	45.4	49.3	48.5	47.3	47.0	46.4	45.8	47.0	44.8	42.2	40.7	38.1	36.2	36.6	33.2	27.1	21.4	20.4	20.6	22.3	21.2
2018/01/24 15:46:10	56.5	29.2	29.2	44.3	44.3	55.2	55.2	58.1	58.1	56.6	57.2	56.9	46.6	50.4	50.8	48.2	48.6	48.4	47.0	48.5	46.2	44.8	42.8	39.4	39.0	38.7	34.9	28.3	22.1	20.4	20.9	22.0	20.8
2018/01/24 15:46:11	56.8	32.1	32.1	52.8	52.8	62.9	62.9	63.2	63.2	59.2	57.5	56.9	50.8	52.0	50.0	47.5	49.0	48.1	47.2	48.8	46.5	45.0	42.8	39.5	38.9	40.1	34.7	28.7	21.7	20.5	21.1	22.0	20.9
2018/01/24 15:46:12	57.3	35.2	35.2	55.0	55.0	64.4	64.4	63.7	63.7	57.3	56.9	58.5	48.7	51.6	47.6	46.0	49.7	48.0	48.2	50.2	47.4	46.0	42.1	40.2	38.8	39.3	34.8	28.1	22.1	20.4	20.9	22.0	20.9
2018/01/24 15:46:13	57.0	27.3	27.3	46.6	46.6	56.9	56.9	61.5	61.5	59.1	55.9	56.0	48.9	51.4	49.1	47.0	48.7	47.6	47.6	49.8	47.2	46.7	42.6	39.5	40.2	38.2	34.5	28.3	22.4	20.3	20.9	22.0	20.7
2018/01/24 15:46:14	57.8	29.5	29.5	47.7	47.7	56.7	56.7	57.9	57.9	56.6	58.9	57.1	49.0	53.0	49.6	46.0	48.3	48.1	48.2	51.0	48.2	47.3	43.6	41.7	42.0	40.4	38.1	30.3	23.2	20.7	20.7	22.1	21.0
2018/01/24 15:46:15	58.4	30.0	30.0	46.5	46.5	58.4	58.4	59.6	59.6	54.5	58.6	61.5	49.7	52.0	50.8	47.4	49.4	48.1	49.2	51.0	48.8	47.3	44.4	42.3	41.4	41.4	38.9	32.0	24.4	20.9	20.9	22.1	20.8
2018/01/24 15:46:16	59.7	32.4	32.4	49.1	49.1	58.0	58.0	57.7	57.7	54.2	54.4	60.6	53.4	53.2	53.4	50.7	51.2	48.6	50.1	52.0	50.7	48.5	45.6	43.7	43.3	42.8	39.8	33.8	27.0	21.9	21.3	22.0	20.9
2018/01/24 15:46:17	60.3	32.0	32.0	49.7	49.7	60.0	60.0	62.4	62.4	58.0	54.0	59.4	53.8	53.5	51.7	52.1	51.9	49.4	49.6	54.3	50.6	48.7	47.0	44.7	44.2	43.2	40.0	34.0	27.1	22.6	21.2	21.8	20.8
2018/01/24 15:46:18	59.9	30.8	30.8	49.4	49.4	57.2	57.2	58.1	58.1	58.2	57.8	56.8	50.7	54.7	50.7	50.2	51.9	50.2	51.0	53.2	49.8	48.8	46.0	44.5	44.6	43.2	40.2	34.7	28.6	22.9	21.5	22.1	21.0
2018/01/24 15:46:19	60.6	30.0	30.0	46.9	46.9	57.0	57.0	59.2	59.2	57.6	62.2	62.1	53.5	54.7	52.9	49.8	51.4	50.2	51.4	54.2	50.3	48.6	46.0	44.4	44.5	43.0	40.4	35.1	29.6	23.8	22.0	22.4	21.4
2018/01/24 15:46:20	62.8	29.3	29.3	48.0	48.0	58.0	58.0	60.1	60.1	57.5	63.0	65.6	54.3	55.9	54.7	52.2	52.9	52.5	53.8	55.9	52.3	51.0	48.9	47.6	47.0	45.6	44.1	38.4	31.9	25.7	22.1	22.1	20.8
2018/01/24 15:46:21	64.1	36.7	36.7	51.0	51.0	60.4	60.4	62.5	62.5	61.8	56.4	60.1	53.1	56.7	55.8	55.0	53.3	54.5	56.7	57.6	54.3	53.1	50.0	47.9	48.3	47.1	44.0	39.9	33.8	29.2	22.1	22.3	20.7
2018/01/24 15:46:22	65.6	34.4	34.4	56.0	56.0	64.5	64.5	66.2	66.2	62.7	60.6	59.6	52.9	57.2	57.4	56.0	53.8	56.6	58.0	59.7	56.1	54.1	50.4	48.6	50.0	48.3	45.0	39.5	34.1	27.2	23.0	22.9	21.1
2018/01/24 15:46:23	65.6	32.5	32.5	53.0	53.0	61.6	61.6	61.6	61.6	60.3	62.8	61.6	51.4	57.8	58.2	54.3	55.6	56.1	57.2	59.2	56.5	54.5	51.1	48.7	49.2	49.4	46.9	40.6	33.4	28.6	24.7	23.3	21.3
2018/01/24 15:46:24	68.9	33.2	33.2	55.9	55.9	63.6	63.6	63.3	63.3	62.9	65.1	65.5	61.7	63.4	62.1	59.8	60.6	60.7	60.6	61.1	57.9	55.9	54.3	54.1	54.7	55.2	52.3	46.5	38.5	30.1	25.6	24.2	21.8
2018/01/24 15:46:25	63.8	29.8	29.8	50.4	50.4	58.8	58.8	60.5	60.5	61.0	61.8	59.6	53.4	59.3	55.5	52.7	54.1	54.2	55.1	57.4	53.2	52.3	50.6	47.9	48.2	48.5	46.7	42.1	35.5	31.8	25.4	23.2	21.3
2018/01/24 15:46:26	61.2	31.0	31.0	47.4	47.4	57.7	57.7	60.1	60.1	59.6	59.4	60.3	51.5	56.4	55.4	52.4	52.0	50.5	51.3	53.5	51.9	50.4	48.3	46.5	45.5	44.1	41.9	36.1	29.5	24.1	22.2	22.6	21.4
2018/01/24 15:46:27	60.3	29.8	29.8	47.3	47.3	57.1	57.1	60.6	60.6	60.7	60.7	60.3	52.3	55.1	54.5	52.4	51.2	51.0	50.5	52.0	50.0	49.2	46.7	45.6	44.1	44.0	40.3	34.5	27.6	23.7	21.5	24.1	21.2
2018/01/24 15:46:28	59.7	32.0	32.0	49.3	49.3	55.7	55.7	58.0	58.0	61.6	61.2	58.7	52.9	55.3	53.2	50.4	50.8	50.2	50.9	51.1	48.7	48.9	45.4	44.9	44.0	43.3	41.2	34.7	28.7	22.7	21.3	23.7	20.8
2018/01/24 15:46:29	60.8	34.9	34.9	51.9	51.9	59.6	59.6	60.4	60.4	60.8	59.3	58.4	53.7	60.0	55.7	50.6	52.9	51.4	51.2	51.8	50.9	48.7	46.5	45.5	45.0	43.8	40.9	35.2	27.4	22.8	21.5	22.0	21.1
2018/01/24 15:46:30	60.6	28.8	28.8	51.1	51.1	59.6	59.6	60.1	60.1	59.2	59.3	58.9	52.5	57.8	54.0	51.3	51.9	50.6	52.1	52.7	50.3	48.9	45.7	44.9	45.2	43.9	40.6	35.4	28.7	22.2	21.2	21.8	20.7
2018/01/24 15:46:31	60.9	33.1	33.1	49.6	49.6	59.8	59.8	60.3	60.3	59.8	60.7	59.1	52.7	56.6	53.8	50.2	51.6	51.3	52.9	54.1	50.9	48.8	45.8	44.1	44.4	43.8	41.2	35.7	27.3	22.5	21.5	22.0	20.8
2018/01/24 15:46:32	61.8	34.8	34.8	50.2	50.2	59.4	59.4	60.0	60.0	59.3	59.4	60.2	54.6	57.3	53.9	49.7	53.6	53.6	54.9	53.7	52.3	50.1	46.3	44.3	45.1	44.6	41.9	35.8	28.7	23.2	22.3	22.0	20.8
2018/01/24 15:46:33	61.5	31.1	31.1	47.4	47.4	57.6	57.6	58.3	58.3	57.2	56.2	57.4	53.0	56.6	57.2	50.5	53.1	52.5	53.4	54.0	52.0	50.2	45.8	44.0	44.3	44.2	41.1	35.8	30.5	23.7	22.0	22.3	21.2
2018/01/24 15:46:34	61.1	30.7	30.7	49.1	49.1	59.4	59.4	60.0	60.0	58.3	59.5	59.3	52.0	57.2	55.6	50.2	51.9	52.4	53.7	53.5	50.7	49.1	45.6	43.9	44.1	44.8	41.9	36.9	29.9	25.2	23.0	23.5	22.2
2018/01/24 15:46:35	61.3	31.0	31.0	50.8	50.8	58.8	58.8	59.7	59.7	58.6	58.5	57.2	52.9	56.7	56.7	49.7	52.0	52.9	52.2	53.7	51.2	49.7	46.8	44.1	45.1	46.4	43.7	37.6	33.0	26.2	35.1	24.8	23.4
2018/01/24 15:46:36	59.7	28.8	28.8	49.8	49.8	57.4	57.4	58.7	58.7	58.6	57.5	54.5	48.5	54.4	52.8	46.8	51.9	50.5	51.5	51.7	49.2	47.8	45.2	44.2	46.4	45.4	44.4	38.6	31.6	24.6	33.1	23.7	22.7
2018/01/24 15:46:37	57.8	29.1	29.1	47.0	47.0	55.3	55.3	57.3	57.3	57.3	52.6	55.0	49.5	54.7	51.5	50.7	53.4	48.0	48.9	48.4	46.9	45.1	42.8	40.5	41.3	41.2	38.9	34.5	31.3	27.1	25.9	24.5	22.6
2018/01/24 15:46:38	57.8	28.6	28.6	44.7	44.7	53.8	53.8	55.6	55.6	55.4	54.5	54.8	48.6	50.9	48.7	50.6	49.7	49.0	48.4	50.0	48.8	46.1	44.1	42.4	42.2	41.6	38.8	33.3	26.6	23.3	22.4	22.9	21.9
2018/01/24 15:46:39	60.1	30.4	30.4	47.8	47.8	55.7	55.7	56.0	56.0	55.3	53.9	53.0	49.4	52.7	50.1	49.1	51.7	51.9	50.8	52.3	52.5	50.3	46.7	42.8	43.4	42.3	38.7	32.9	29.1	23.1	22.7	23.1	22.1
2018/01/24 15:46:40	56.5	29.6	29.6	45.8	45.8	54.1	54.1	56.6	56.6	55.2	53.4	52.5	46.2	50.3	49.0	47.4	48.6	46.5	46.7	48.4	47.7	47.0	42.9	39.9	39.2	38.7	34.8	29.4	22.9	21.1	40.8	22.2	21.2
2018/01/24 15:46:41	55.6	32.0	32.0	47.9	47.9	56.6	56.6	56.7	56.7	54.2	52.6	54.2	47.4	49.6	48.0	47.5	46.3	46.9	46.3	47.1	46.2	44.7	41.6	38.8	38.7	38.2	34.2	30.5	23.3	21.5	45.6	22.1	21.0
2018/01/24 15:46:42	54.9	30.5	30.5	46.8	46.8	56.0	56.0	57.4	57.4	53.6	52.6	53.3	46.1	51.3	47.3	45.3	45.9	46.1	45.4	46.6	46.0	43.8	41.4	38.4	38.6	37.9	33.3	28.2	29.1	21.2	21.1	22.5	20.9
2018/01/24 15:46:43	54.6	27.5	27.5	47.9	47.9	54.9	54.9	54.9	54.9	53.4	51.0	51.6	46.7	51.6	48.0	46.3	46.9	44.6	44.2	45.8	44.1	42.6	40.6	41.0	42.9	38.3	35.8	29.1	28.1	29.2	21.7	22.2	21.1
2018/01/24 15:46:44	54.7	29.1	29.1	46.8	46.8	55.0	55.0	55.5	55.5	52.9	49.5	51.0	45.6	49.6	48.4	45.7	46.2	44.9	45.1	46.1	44.8	43.7	40.9	41.9	40.7	39.4	36.4	31.7	31.6	29.1	22.6	22.3	21.0
2018/01/24 15:46:45	54.1	28.3	28.3	46.2	46.2	55.9	55.9	56.1	56.1	52.1	50.8	49.9	46.6	49.1	48.0	44.0	45.4	44.9	43.9	45.7	45.0	43.8	40.6	38.4	39.2	37.3	34.7	29.1	23.0	20.7	21.1	22.1	21.2
2018/01/24 15:46:46	53.8	29.8	29.8	46.6	46.6	56.5	56.5	57.1	57.1	52.5	50.9	51.5	44.3	48.7	47.5	43.8	43.3	43.6	43.7	46.2	44.7	43.0	40.4	39.1	39.1	37.5	34.5	28.5	22.4	20.8	21.1	22.0	20.9
2018/01/24 15:46:47	53.6	29.2	29.2	45.9	45.9	55.3	55.3	55.9	55.9	52.8	49.9	49.8	46.2	48.9	47.5	43.9	43.7	43.2	44.7	44.9	44.5	42.6	40.4	39.0	39.1	37.6	34.7	28.7	26.0	20.7	20.9	22.1	20.9
2018/01/24 15:46:48	54.6	29.3	29.3	48.8	48.8	57.0	57.0	56.8	56.8	52.8	51.0	50.2	45.4	49.0	49.0	45.1	45.9	44.5	43.9	45.9	45.7	44.3	42.0	40.1	40.4	38.2	34.5	29.2	22.4	20.9	21.0	22.0	21.0
2018/01/24 15:46:49	54.8	29.4	29.4	49.6	49.6	56.9	56.9	55.1	55.1	52.7	50.7	51.0	44.3	47.9	48.9	44.9	45.4	44.9	45.6	46.2	46.1	44.1	41.8	40.2	40.2	38.6	34.6	29.1	22.5	20.9	21.0	21.8	20.9
2018/01/24 15:46:50	54.9	30.9	30.9	54.0	54.0	60.1	60.1	55.9	55.9	52.5	48.8	50.2	43.2	48.5	48.0	43.9	45.5	46.3	45.3	47.2	45.5	44.2	41.4	40.7	40.4	39.0	35.3	28.9	27.5	21.0	21.0	22.1	21.0
2018/01/24 15:46:51	54.9	27.5	27.5	46.8	46.8	53.6	53.6	54.6	54.6	53.2	48.9	49.6	44.9	49.9	47.2	44.1	45.9	46.2	45.6	46.9	45.9	44.2	41.2	40.2	39.8	38.8	34.8	29.7	23.0	20.9	20.9	21.6	20.8
2018/01/24 15:46:52	55.2	28.3	28.3	50.8	50.8	57.7	57.7	56.0	56.0	52.9	49.3	50.7	46.9	49.9	49.7	46.3	46.8	45.8	44.9	47.1	46.6	44.2	41.6	40.0	39.4	39.0	35.1	30.0	23.9	20.8	20.9	22.1	20.6
2018/01/24 15:46:53	55.2	30.4	30.4	48.2	48.2	56.9	56.9	55.1	55.1	51.4	49.6	50.7	44.1	47.9	47.3	45.1	46.7	45.4	46.2	48.3	46.0	44.5	41.5	39.8	38.9	39.3	35.9	30.6	28.1	21.2	21.1	22.4	21.2
2018/01/24 15:46:54	56.0	32.3	32.3	48.7	48.7	58.1	58.1	58.0	58.0	52.4	50.9	53.0	46.3	49.0	48.8	45.6	47.2	46.8	46.0	48.0	46.9	45.1	42.7	40.3	41.9	42.2	38.6	33.0	25.1	22.0	21.2	21.9	20.9
2018/01/24 15:46:55	57.2	30.4	30.4	49.7	49.7	56.9	56.9	56.6	56.6	53.0	50.4	51.9	45.5	50.4	51.2	48.2	48.5	48.1	48.7	49.2	48.1	46.2	43.1	41.3	41.5	42.4	38.9	32.7	27.5	22.2	21.4	22.2	21.2
2018/01/24 15:46:56	57.4	28.5	28.5	48.7	48.7	55.0	55.0	55.6	55.6	53.0	48.1	50.0	44.3	51.6	50.2	47.8	48.5	48.0	47.4	50.7	48.6	46.5	43.8	41.7	42.2	40.0	37.6	32.2	24.8	21.3	21.3	22.0	20.8
2018/01/24 15:46:57	58.0	26.9	26.9	44.9	44.9	53.7	53.7	54.8	54.8	52.5	49.9	50.0	46.2	50.6	52.4	48.9	48.6	48.7	48.6	51.3	49.2	47.0	44.2	42.7	41.7	40.1	36.5	30.7	30.1	21.0	21.1	21.9	20.9
2018/01/24 15:46:58	59.6	29.3	29.3	45.8	45.8	56.3	56.3	57.4	57.4	52.5	50.6	51.4	45.9	52.7	53.1	49.5	49.9	50.2	51.3	52.2	50.9	49.1	45.1	45.2	44.4	42.4	38.3	32.9	28.1	22.1	21.4	22.6	21.4
2018/01/24 15:46:59	60.7	29.8	29.8	48.5	48.5	57.2	57.2	57.5	57.5	55.0	51.5	51.8	47.5	53.9	54.0	48.9	50.1	51.1	52.2	54.6	52.2	49.2	46.0	45.1	45.2	44.3	40.3	35.4	27.6	23.6	23.1	23.9	22.6
2018/01/24 15:47:00	62.4	30.1	30.1	51.2	51.2	59.4	59.4	59.3	59.3	54.8	52.5	54.0	49.6	55.2	55.3	49.9	51.1	53.9	54.1	55.9	54.4	51.1	46.6	46.1	46.5	46.0	43.9	37.1	30.7	24.7	23.6	24.6	22.8
2018/01/24 15:47:01	62.8	28.8	28.8	47.3	47.3	56.8	56.8	58.8	58.8	55.1	52.5	53.7	50.2	57.1	56.0	51.6	52.4	53.5	54.0	55.6	54.6	52.0	48.1	46.5	48.4	48.2	44.0	37.0	31.3	26.2	24.1	24.5	21.9
2018/01/24 15:47:02	62.4	29.2	29.2	47.6	47.6	55.6	55.6	56.4	56.4	54.0	52.9	53.9	52.1	57.2	54.4	49.6	53.6	53.9	54.6	56.1	52.6	51.0	47.5	46.0	46.3	46.1	44.1	38.2	31.5	27.4	25.1	24.9	22.5
2018/01/24 15:47:03	61.8	30.1	30.1	49.7	49.7	57.4	57.4	57.4	57.4	54.1	51.7	53.9	53.1	54.7	50.4	49.2	52.3	52.8	55.1	54.8	51.3	50.8	48.6	45.7	46.8	47.2	43.7	37.7	30.6	26.9	24.4	24.5	23.6
2018/01/24 15:47:04	59.3	27.9	27.9	46.2	46.2	55.5	55.5	57.0	57.0	56.1	54.5	52.5	48.9	54.0	51.3	47.1	48.8	49.8	50.8	51.7	50.6	48.8	45.7	43.1	43.4	45.1	42.0	35.7	29.5	24.8	23.8	23.7	22.4
2018/01/24 15:47:05	56.2	27.9	27.9	44.6	44.6	55.0	55.0	56.1	56.1	50.8	49.9	51.5	47.7	50.3	49.9	44.3	46.4	46.8	46.5	48.2	46.3	46.1	44.4	41.3	41.9	41.3	39.8	33.1	27.5	23.7	23.5	24.0	23.5
2018/01/24 15:47:06	55.0	29.4	29.4	46.5	46.5	54.8	54.8	56.1	56.1	55.1	52.2	51.0	45.8	48.4	46.6	44.4	47.4	46.1	45.9	45.9	45.0	44.3	43.1	40.1	40.2	40.1	37.8	32.1	26.5	24.7	23.9	24.3	23.2
2018/01/24 15:47:07	55.5	28.1	28.1	45.9	45.9	55.2	55.2	56.3	56.3	53.5	51.0	53.1	47.8	50.3	48.0	44.6	47.2	46.6	46.5	46.7	45.1	44.6	43.0	40.3	40.0	40.9	37.8	31.5	27.9	23.6	23.3	23.5	22.0
