DataTime                     	dB(A)	16	20	25	31.5	40	50	63	80	100	125	160	200	250	315	400	500	630	800	1000	1250	1600	2000	2500	3150	4000	5000	6300	8000	10000	12500	16000	20000
2018/01/24 14:43:06	47.3	25.6	25.6	39.8	39.8	49.6	49.6	50.6	50.6	49.6	47.8	45.5	39.6	41.5	35.4	36.2	36.8	37.1	37.6	40.5	36.1	35.0	34.6	31.3	31.1	32.0	32.5	32.4	27.8	25.7	25.2	24.0	22.7
2018/01/24 14:43:07	46.8	24.2	24.2	39.7	39.7	50.2	50.2	51.8	51.8	50.1	45.9	47.8	41.9	40.9	36.4	35.7	36.1	38.5	35.9	35.6	35.8	34.1	33.1	32.5	34.1	33.3	33.6	32.1	27.7	26.1	24.5	24.3	23.5
2018/01/24 14:43:08	45.7	27.6	27.6	43.7	43.7	53.4	53.4	53.4	53.4	50.0	49.6	45.6	36.5	40.8	35.0	34.1	35.8	35.7	35.2	36.1	34.4	32.9	32.5	31.9	31.3	31.7	31.7	28.6	24.4	22.8	22.5	22.7	21.7
2018/01/24 14:43:09	46.4	26.7	26.7	38.7	38.7	46.4	46.4	48.2	48.2	46.1	42.1	42.0	38.5	40.6	37.7	36.5	36.8	35.0	35.1	35.6	34.4	33.5	32.8	32.5	33.7	36.0	35.7	33.3	29.3	26.7	25.1	25.8	24.6
2018/01/24 14:43:10	46.8	24.1	24.1	37.7	37.7	47.2	47.2	48.3	48.3	45.7	42.8	41.0	36.7	38.6	34.3	35.0	37.5	36.6	34.9	35.6	34.1	35.0	34.0	34.4	34.8	36.3	35.9	34.3	29.6	27.0	25.8	27.3	24.6
2018/01/24 14:43:11	48.4	30.1	30.1	47.9	47.9	57.2	57.2	57.6	57.6	53.1	48.2	47.1	40.1	41.1	35.4	34.9	36.2	36.8	37.1	37.0	35.6	35.3	34.9	34.2	36.0	37.4	37.8	37.3	31.9	28.4	27.0	27.2	25.8
2018/01/24 14:43:12	45.5	29.6	29.6	46.6	46.6	55.2	55.2	54.5	54.5	49.7	48.0	45.3	37.0	38.6	36.2	34.6	35.4	35.5	33.2	34.2	35.0	32.1	33.0	29.3	29.8	31.9	34.2	33.1	29.3	24.3	24.3	23.5	22.3
2018/01/24 14:43:13	49.2	27.6	27.6	42.8	42.8	52.1	52.1	54.3	54.3	51.1	46.8	46.5	38.1	38.2	38.2	35.6	35.4	35.2	35.8	37.5	40.8	36.5	34.2	35.3	36.5	39.0	40.5	35.6	30.8	25.4	24.6	25.3	23.5
2018/01/24 14:43:14	48.3	28.5	28.5	43.4	43.4	52.5	52.5	53.4	53.4	50.4	46.6	45.2	38.1	39.8	36.5	35.1	36.4	33.3	35.7	38.5	38.9	35.8	35.0	34.4	35.2	38.6	38.2	33.6	27.9	24.0	23.3	23.7	22.5
2018/01/24 14:43:15	45.3	25.2	25.2	38.9	38.9	48.4	48.4	48.2	48.2	42.3	38.5	43.2	39.6	39.7	38.0	37.1	37.4	35.9	35.9	35.9	35.2	35.2	32.4	31.9	28.8	27.4	26.1	23.7	22.0	21.4	21.4	22.1	21.0
2018/01/24 14:43:16	49.7	24.1	24.1	39.3	39.3	49.2	49.2	49.5	49.5	43.1	38.3	40.3	36.0	37.7	37.8	38.6	37.7	37.3	37.9	37.7	37.7	35.0	34.0	34.4	37.6	40.8	43.2	35.9	30.7	27.1	26.9	26.6	24.1
2018/01/24 14:43:17	47.8	24.9	24.9	40.0	40.0	49.1	49.1	47.8	47.8	42.7	39.7	40.3	35.7	38.8	36.8	36.5	40.7	38.9	38.6	39.9	38.2	37.5	35.9	32.5	30.8	31.9	33.5	28.5	25.6	24.3	24.3	24.4	22.7
2018/01/24 14:43:18	47.8	24.0	24.0	40.2	40.2	49.8	49.8	49.9	49.9	45.1	42.1	42.2	37.9	41.2	37.9	37.9	41.9	37.7	39.5	39.8	38.4	37.0	35.2	31.9	29.4	29.9	28.5	25.0	22.3	22.0	22.3	22.9	21.4
2018/01/24 14:43:19	49.2	24.6	24.6	39.9	39.9	49.8	49.8	50.0	50.0	44.5	41.3	41.9	37.3	39.9	38.2	36.7	37.6	39.9	40.1	43.0	40.0	39.4	37.3	33.6	30.7	30.8	29.4	25.9	22.9	23.3	32.7	33.3	26.8
2018/01/24 14:43:20	49.2	25.0	25.0	41.8	41.8	50.5	50.5	50.8	50.8	47.6	44.0	41.7	35.8	41.7	38.1	36.7	38.8	39.8	40.4	42.8	40.9	38.6	35.6	33.2	33.4	31.1	28.7	24.1	22.2	22.8	32.3	25.3	23.6
2018/01/24 14:43:21	48.9	22.3	22.3	38.0	38.0	46.3	46.3	46.9	46.9	43.6	40.5	41.3	38.9	41.1	37.0	36.7	36.9	38.5	40.1	42.5	40.0	39.3	37.9	34.0	30.5	30.3	28.4	24.4	23.4	24.1	30.7	25.8	24.0
2018/01/24 14:43:22	48.5	23.4	23.4	36.6	36.6	45.5	45.5	49.0	49.0	45.9	43.3	43.1	36.2	39.9	37.0	34.7	38.1	38.5	40.2	41.1	41.0	38.0	36.2	33.9	31.4	30.4	29.2	25.9	23.3	23.2	22.5	25.2	25.3
2018/01/24 14:43:23	48.4	24.1	24.1	40.1	40.1	47.7	47.7	46.9	46.9	43.8	42.3	42.3	37.6	40.2	39.6	37.2	37.7	38.1	39.9	42.4	39.7	37.6	36.1	33.1	30.7	29.5	28.5	25.4	22.1	22.3	24.0	24.8	23.8
2018/01/24 14:43:24	52.4	24.7	24.7	39.7	39.7	47.0	47.0	48.1	48.1	46.1	45.4	45.1	40.3	45.3	42.2	38.9	39.6	39.0	40.8	48.3	42.4	40.6	40.7	39.2	35.0	34.8	33.7	28.2	23.2	21.5	21.1	22.4	20.9
2018/01/24 14:43:25	49.9	28.3	28.3	44.0	44.0	50.2	50.2	49.3	49.3	47.2	47.8	46.3	42.0	46.6	45.4	42.2	40.3	40.8	41.4	42.1	39.4	38.0	36.3	33.4	31.1	30.0	28.9	25.9	21.6	22.2	21.6	22.8	21.3
2018/01/24 14:43:26	51.2	25.6	25.6	37.7	37.7	47.4	47.4	52.2	52.2	52.4	50.2	48.7	45.7	49.5	46.8	40.4	41.6	40.2	41.8	44.1	42.0	39.7	36.2	34.0	31.6	30.7	27.8	23.3	20.7	20.5	21.0	21.9	20.4
2018/01/24 14:43:27	51.5	25.7	25.7	42.9	42.9	50.6	50.6	52.5	52.5	50.8	50.4	48.7	44.0	48.2	41.6	40.9	42.3	43.2	44.6	43.1	42.8	40.0	36.2	34.5	33.0	31.9	28.3	24.3	21.6	20.6	21.0	22.1	20.4
2018/01/24 14:43:28	52.5	24.9	24.9	40.7	40.7	51.2	51.2	54.3	54.3	52.9	48.4	47.7	44.9	48.0	43.6	40.8	42.1	44.0	44.8	45.4	43.7	41.0	37.1	35.8	34.9	36.9	31.6	26.4	22.2	20.7	21.2	21.8	20.8
2018/01/24 14:43:29	52.4	24.6	24.6	38.5	38.5	48.2	48.2	51.6	51.6	53.4	52.4	51.6	43.9	47.7	43.8	41.0	43.9	42.9	44.3	44.3	43.6	41.0	37.2	36.3	35.2	35.4	31.5	27.0	21.8	20.7	20.9	21.8	20.6
2018/01/24 14:43:30	52.0	24.7	24.7	40.9	40.9	48.1	48.1	50.8	50.8	53.9	49.4	50.9	43.8	47.7	42.6	41.8	43.7	44.5	43.3	44.1	43.4	39.6	36.9	36.8	34.3	31.8	29.0	24.5	21.3	23.2	21.0	21.8	20.8
2018/01/24 14:43:31	52.9	25.9	25.9	45.9	45.9	54.2	54.2	52.0	52.0	50.2	48.4	49.3	43.6	49.6	44.3	41.5	44.0	44.7	43.7	45.8	44.4	41.5	38.7	37.7	35.3	32.9	31.4	26.1	20.9	20.5	20.9	21.8	20.7
2018/01/24 14:43:32	54.3	28.1	28.1	49.0	49.0	56.4	56.4	53.3	53.3	48.6	46.2	48.2	42.7	48.2	44.9	40.2	44.1	45.7	46.1	47.8	46.6	43.1	40.1	38.2	35.0	33.5	32.4	26.8	21.7	20.6	21.0	21.9	20.5
2018/01/24 14:43:33	58.9	30.9	30.9	42.1	42.1	49.2	49.2	49.8	49.8	48.4	47.0	49.1	44.7	48.1	46.4	40.8	46.7	51.8	51.2	51.2	51.7	48.2	45.5	43.5	41.0	40.3	41.1	34.9	26.6	23.8	22.5	22.9	21.4
2018/01/24 14:43:34	62.0	27.5	27.5	40.5	40.5	50.4	50.4	52.5	52.5	50.9	50.4	52.9	48.6	53.3	49.6	45.2	50.9	53.3	54.9	55.6	53.6	50.3	47.8	46.7	45.4	46.3	44.7	39.6	33.5	32.9	31.6	28.4	27.6
2018/01/24 14:43:35	57.9	27.9	27.9	39.3	39.3	50.8	50.8	54.5	54.5	52.0	47.6	52.2	48.8	51.3	45.7	44.9	47.0	47.6	49.4	52.2	48.8	45.8	42.5	42.8	42.4	44.6	41.6	36.2	32.6	34.0	33.9	29.3	28.9
2018/01/24 14:43:36	53.9	26.1	26.1	41.6	41.6	50.1	50.1	50.7	50.7	50.3	49.1	51.1	43.1	47.5	46.0	41.9	43.9	43.8	44.7	47.4	45.5	43.2	39.0	37.3	36.9	38.0	37.2	30.9	27.3	25.5	24.2	23.8	22.8
2018/01/24 14:43:37	55.7	25.9	25.9	42.3	42.3	50.7	50.7	49.3	49.3	49.2	47.9	50.5	45.7	48.6	46.2	43.1	45.0	44.6	45.5	50.7	46.9	45.1	42.6	41.3	37.2	35.5	32.0	25.9	22.6	21.5	21.7	32.0	20.7
2018/01/24 14:43:38	57.6	25.5	25.5	43.3	43.3	51.3	51.3	50.1	50.1	49.8	47.7	52.4	44.8	49.7	46.2	42.9	45.0	44.6	48.2	52.8	48.7	46.8	45.2	43.5	41.7	40.0	35.7	27.9	22.8	21.8	21.6	21.9	20.7
2018/01/24 14:43:39	58.0	28.3	28.3	45.9	45.9	55.6	55.6	59.2	59.2	58.5	54.2	53.1	45.3	50.6	47.6	43.7	45.1	45.1	47.9	52.2	48.6	47.7	45.6	45.4	43.3	42.2	38.7	31.8	24.2	21.8	21.4	22.1	20.6
2018/01/24 14:43:40	56.7	26.1	26.1	44.7	44.7	53.9	53.9	53.6	53.6	52.0	50.2	51.1	46.2	51.6	46.9	44.1	45.7	44.7	47.0	51.5	48.7	45.4	43.0	41.0	39.3	38.6	36.4	30.9	24.6	22.1	21.8	22.3	21.1
2018/01/24 14:43:41	55.1	26.6	26.6	46.1	46.1	54.0	54.0	50.8	50.8	49.7	48.3	47.5	44.1	49.8	47.7	43.6	45.2	44.8	46.8	47.4	47.1	44.9	43.6	40.1	34.9	33.6	30.8	25.4	21.8	20.7	21.1	21.9	20.5
2018/01/24 14:43:42	58.7	26.4	26.4	43.4	43.4	51.9	51.9	51.1	51.1	50.2	47.9	48.3	46.9	50.1	51.5	46.2	49.3	50.2	50.0	47.3	48.2	49.3	47.6	44.0	42.3	45.3	46.7	42.0	34.4	28.1	25.3	23.8	21.7
2018/01/24 14:43:43	54.8	31.4	31.4	44.5	44.5	52.9	52.9	56.3	56.3	54.6	51.6	50.1	46.5	49.6	45.9	43.4	44.4	43.8	43.4	43.4	45.3	45.0	46.5	41.5	39.1	39.6	39.3	33.6	25.9	22.6	22.8	22.6	20.9
2018/01/24 14:43:44	54.4	33.3	33.3	50.5	50.5	58.3	58.3	57.3	57.3	54.2	51.1	49.6	47.4	49.8	46.9	44.2	44.5	44.5	42.2	43.8	45.0	44.4	44.3	41.7	39.4	39.9	37.2	30.9	24.9	22.8	22.0	22.5	20.8
2018/01/24 14:43:45	55.8	33.1	33.1	54.3	54.3	62.4	62.4	61.9	61.9	55.6	50.8	52.0	46.4	49.8	48.0	45.7	45.0	44.8	44.6	45.6	46.7	45.5	45.8	42.6	41.0	42.1	39.0	33.3	27.8	25.3	22.9	22.5	20.9
2018/01/24 14:43:46	59.6	28.7	28.7	43.5	43.5	57.2	57.2	62.1	62.1	58.3	51.3	53.7	48.9	51.9	49.7	46.6	48.6	47.2	47.5	50.0	52.4	49.6	47.5	47.5	45.8	46.5	43.8	37.8	32.8	29.7	25.9	24.8	22.3
2018/01/24 14:43:47	61.6	32.5	32.5	47.1	47.1	59.9	59.9	62.4	62.4	57.9	55.1	55.8	49.1	53.4	52.4	51.2	49.0	48.4	49.9	52.6	53.6	50.8	49.7	49.9	49.1	49.1	47.6	41.9	36.1	32.1	27.4	25.7	23.3
2018/01/24 14:43:48	60.7	32.0	32.0	46.1	46.1	56.9	56.9	57.9	57.9	57.9	58.3	57.9	49.7	53.1	49.9	46.3	47.7	49.4	49.7	50.0	53.2	50.9	48.6	48.1	46.7	47.2	47.9	40.2	32.6	29.0	25.3	24.9	22.5
2018/01/24 14:43:49	56.0	31.5	31.5	46.1	46.1	55.4	55.4	57.8	57.8	54.9	51.4	52.0	48.1	52.4	47.4	43.1	45.4	47.1	46.2	46.2	47.9	45.5	43.8	41.1	39.9	40.3	40.8	34.5	28.0	24.5	23.6	23.7	21.9
2018/01/24 14:43:50	54.2	26.2	26.2	44.0	44.0	51.7	51.7	53.4	53.4	54.2	54.9	54.2	46.5	50.1	45.9	42.9	45.0	45.7	43.9	43.7	45.3	43.3	41.8	40.2	38.5	37.8	36.9	32.2	25.5	22.3	22.3	22.8	21.2
2018/01/24 14:43:51	53.7	29.0	29.0	45.2	45.2	53.8	53.8	56.1	56.1	53.6	49.7	49.6	46.1	49.9	46.8	43.0	44.5	45.4	43.6	42.2	44.6	42.7	42.7	41.4	37.2	36.7	34.7	28.8	24.3	21.9	21.9	22.4	21.0
2018/01/24 14:43:52	53.2	25.3	25.3	45.6	45.6	52.9	52.9	50.9	50.9	50.2	49.0	50.8	45.0	48.1	47.0	43.6	44.9	43.8	40.6	42.3	45.5	43.1	41.6	39.1	35.9	36.0	34.3	29.2	23.9	21.2	22.0	22.7	20.9
2018/01/24 14:43:53	53.0	25.7	25.7	44.7	44.7	53.5	53.5	54.5	54.5	53.5	47.3	49.1	42.2	45.6	45.1	41.5	44.2	44.5	41.5	42.6	45.5	41.9	40.3	39.4	38.1	37.9	37.6	35.1	31.5	25.3	27.3	27.8	25.3
2018/01/24 14:43:54	53.1	28.7	28.7	45.2	45.2	53.6	53.6	55.5	55.5	53.1	50.1	49.6	44.2	46.0	45.0	40.6	43.9	45.3	42.1	41.8	45.8	43.1	40.8	39.5	37.1	35.5	34.9	29.0	23.3	21.3	21.4	22.1	20.7
2018/01/24 14:43:55	54.1	27.4	27.4	41.8	41.8	52.3	52.3	52.1	52.1	51.2	53.6	54.5	46.6	48.9	47.1	41.2	44.4	45.2	42.7	44.0	45.5	43.1	42.3	40.6	38.6	38.0	37.4	31.2	24.2	21.3	21.3	22.0	20.7
2018/01/24 14:43:56	56.5	25.1	25.1	40.5	40.5	49.8	49.8	51.1	51.1	51.6	54.7	52.6	47.8	49.4	47.5	42.1	46.4	46.7	45.4	45.5	46.5	47.2	46.8	44.3	41.5	41.8	42.4	35.8	29.6	24.6	23.1	23.2	21.4
2018/01/24 14:43:57	62.1	26.2	26.2	41.2	41.2	51.2	51.2	52.5	52.5	56.4	57.5	53.9	48.8	48.9	51.8	45.1	51.1	55.9	49.8	50.6	55.3	51.8	50.1	47.2	46.8	46.6	48.5	43.9	38.8	35.5	30.9	31.6	26.9
2018/01/24 14:43:58	65.4	26.3	26.3	42.7	42.7	52.4	52.4	57.1	57.1	62.2	62.5	58.2	50.9	51.2	50.9	50.2	50.9	53.6	52.8	55.7	58.0	53.8	51.4	53.2	53.8	54.0	53.9	49.1	44.3	42.6	38.0	38.1	35.2
2018/01/24 14:43:59	65.1	26.7	26.7	43.1	43.1	53.9	53.9	56.4	56.4	60.1	62.7	60.6	50.4	53.4	52.0	56.6	50.9	49.5	49.8	52.9	54.5	52.8	52.3	54.5	56.3	55.5	53.7	46.7	42.9	44.4	39.8	39.2	34.2
2018/01/24 14:44:00	57.6	26.4	26.4	40.3	40.3	49.6	49.6	53.1	53.1	55.7	56.9	54.7	48.8	49.5	49.1	46.9	48.3	45.7	46.6	46.9	45.5	45.9	43.7	42.6	47.7	47.0	45.9	40.9	34.7	33.7	30.6	31.9	28.8
2018/01/24 14:44:01	55.5	23.7	23.7	41.0	41.0	48.1	48.1	51.4	51.4	55.8	57.4	57.1	49.3	50.1	48.6	46.6	48.1	46.6	44.7	43.2	46.2	41.9	42.8	40.0	39.9	41.6	39.8	36.8	28.8	25.0	23.4	23.8	21.7
2018/01/24 14:44:02	58.8	33.2	33.2	52.4	52.4	57.5	57.5	57.0	57.0	57.8	57.3	57.6	53.5	51.3	49.6	48.2	50.3	53.9	48.0	45.7	47.1	44.3	45.5	45.4	45.0	44.7	44.9	43.8	34.1	28.8	28.3	28.6	24.8
2018/01/24 14:44:03	63.4	32.4	32.4	54.4	54.4	61.9	61.9	60.6	60.6	60.7	61.9	63.1	57.8	55.1	54.0	52.2	52.6	57.4	53.4	52.5	51.9	50.9	49.7	49.9	50.3	49.6	49.4	48.0	39.2	36.3	34.2	33.2	28.5
2018/01/24 14:44:04	67.3	38.2	38.2	57.5	57.5	66.0	66.0	65.5	65.5	65.7	68.7	68.7	65.9	59.0	56.9	55.6	57.4	56.9	57.0	56.2	57.0	55.6	55.1	54.4	54.0	53.6	51.2	50.0	41.7	37.6	35.4	35.0	29.9
2018/01/24 14:44:05	67.6	39.1	39.1	56.6	56.6	67.6	67.6	67.9	67.9	62.5	59.1	63.3	59.5	60.4	61.4	59.0	58.0	56.5	55.7	56.5	60.9	56.7	53.9	52.9	54.3	53.6	51.8	46.8	41.2	37.8	34.8	33.1	29.1
2018/01/24 14:44:06	66.4	30.6	30.6	45.2	45.2	58.1	58.1	62.8	62.8	59.5	57.0	61.3	59.0	60.8	59.8	58.3	57.1	56.2	54.0	55.9	59.8	55.8	51.8	51.3	52.2	51.5	49.3	44.8	37.4	35.0	32.2	30.9	27.9
2018/01/24 14:44:07	62.3	32.6	32.6	52.6	52.6	61.5	61.5	64.4	64.4	63.8	54.5	56.5	53.6	57.2	56.0	56.6	53.8	51.9	50.0	53.1	54.3	51.6	47.9	47.0	47.2	45.2	42.5	37.5	31.6	29.2	27.0	26.4	23.9
2018/01/24 14:44:08	60.7	31.9	31.9	46.6	46.6	57.1	57.1	60.3	60.3	61.9	55.0	56.8	57.9	55.8	51.0	55.1	50.4	50.1	50.7	50.9	52.1	49.8	46.6	46.4	46.4	45.0	42.9	38.2	31.0	27.1	24.5	23.5	21.9
2018/01/24 14:44:09	60.0	27.6	27.6	44.2	44.2	53.5	53.5	57.7	57.7	57.4	53.3	57.1	52.8	54.0	53.5	54.7	50.0	50.4	47.9	50.1	51.5	50.1	46.7	44.8	45.4	43.1	41.6	35.6	27.8	24.5	22.9	22.7	21.5
2018/01/24 14:44:10	56.6	27.2	27.2	40.4	40.4	49.7	49.7	56.7	56.7	55.6	46.8	53.7	49.2	50.2	49.9	46.6	47.9	48.0	45.8	46.4	49.4	46.5	43.8	41.2	40.6	38.9	36.9	31.7	25.4	23.6	22.9	23.0	21.2
2018/01/24 14:44:11	54.6	26.7	26.7	39.0	39.0	50.3	50.3	54.1	54.1	53.7	48.5	51.5	49.0	51.2	48.7	45.4	46.7	45.8	43.5	45.7	45.7	44.2	41.9	38.5	38.0	36.2	33.7	28.1	22.7	21.7	21.3	22.0	20.7
2018/01/24 14:44:12	54.9	28.8	28.8	42.5	42.5	52.2	52.2	56.0	56.0	55.2	51.1	54.2	49.8	49.6	49.0	46.8	46.3	47.0	44.2	46.8	45.5	43.5	41.2	39.5	37.2	35.3	33.0	27.8	22.2	21.1	21.3	22.1	20.7
2018/01/24 14:44:13	54.6	33.6	33.6	45.8	45.8	49.9	49.9	52.5	52.5	53.0	52.0	55.6	53.2	49.7	47.6	46.4	46.1	46.2	45.1	45.3	44.7	43.1	41.5	38.5	36.9	35.8	33.2	29.0	22.7	21.3	21.4	22.3	20.7
2018/01/24 14:44:14	55.9	27.2	27.2	45.2	45.2	52.4	52.4	54.6	54.6	57.3	54.4	55.1	48.7	49.9	46.5	46.0	48.4	49.0	46.8	44.7	45.0	43.8	45.4	42.3	40.1	39.5	37.2	32.9	25.8	22.2	21.5	22.4	20.7
2018/01/24 14:44:15	56.1	25.1	25.1	43.6	43.6	54.1	54.1	55.2	55.2	53.5	53.1	58.2	55.9	52.3	48.6	47.1	47.5	46.7	47.0	47.3	44.8	43.8	43.4	41.1	37.8	35.4	33.6	30.8	23.6	21.0	21.2	22.2	20.6
2018/01/24 14:44:16	54.2	26.9	26.9	49.7	49.7	57.3	57.3	55.8	55.8	53.3	49.5	53.2	49.2	51.5	47.8	45.4	45.8	45.8	45.0	45.0	44.4	43.6	40.9	39.3	35.7	33.2	30.2	26.6	21.4	20.5	21.0	21.9	20.8
2018/01/24 14:44:17	55.1	27.3	27.3	42.7	42.7	53.3	53.3	54.2	54.2	51.5	53.8	54.7	51.6	52.4	46.9	45.6	45.2	46.6	45.5	46.5	46.5	43.7	41.4	39.8	36.4	33.8	30.9	26.4	21.7	20.7	20.9	21.7	20.6
2018/01/24 14:44:18	56.5	26.4	26.4	43.6	43.6	52.3	52.3	53.1	53.1	50.4	53.3	56.0	50.3	51.1	48.4	44.9	44.4	44.7	45.4	48.8	48.1	47.9	45.3	42.0	39.4	36.0	33.1	27.5	22.4	20.9	20.9	21.8	20.6
2018/01/24 14:44:19	57.7	27.9	27.9	42.8	42.8	52.0	52.0	53.6	53.6	53.8	54.0	53.9	50.5	50.3	48.2	44.2	45.6	47.1	46.6	47.9	49.4	49.7	48.0	43.8	42.0	39.4	36.4	29.5	23.8	21.8	21.4	22.1	20.8
2018/01/24 14:44:20	59.2	26.7	26.7	43.9	43.9	52.7	52.7	54.2	54.2	53.2	52.6	53.6	50.0	51.6	49.5	44.8	46.7	53.1	48.4	49.8	50.9	49.9	48.0	46.1	41.8	40.4	38.4	32.1	26.1	24.1	21.9	23.0	21.6
2018/01/24 14:44:21	63.1	29.3	29.3	47.6	47.6	57.7	57.7	59.1	59.1	57.0	54.8	56.0	51.4	53.2	50.6	47.3	50.0	57.7	52.7	53.7	55.4	52.7	51.5	49.6	47.2	46.2	45.3	39.5	32.0	28.5	25.6	25.5	23.4
2018/01/24 14:44:22	63.0	28.5	28.5	46.7	46.7	54.2	54.2	56.8	56.8	56.4	54.0	57.8	51.4	52.9	52.5	50.1	50.9	51.2	53.2	54.2	54.2	54.3	51.6	50.7	49.7	49.4	46.2	40.6	34.4	32.9	29.4	27.9	24.8
2018/01/24 14:44:23	57.5	32.3	32.3	48.1	48.1	57.0	57.0	59.1	59.1	55.5	55.5	55.1	48.3	52.0	48.7	46.9	45.1	45.8	46.6	48.1	48.9	48.3	46.1	44.0	42.6	42.6	40.6	33.8	28.4	27.4	24.7	23.9	22.3
2018/01/24 14:44:24	56.0	27.3	27.3	43.6	43.6	52.0	52.0	54.8	54.8	55.8	54.3	53.9	48.0	51.3	49.2	44.2	45.3	46.6	46.3	47.3	47.1	46.1	44.2	41.7	39.5	37.9	36.2	29.4	24.7	21.9	21.4	22.1	20.9
2018/01/24 14:44:25	54.9	30.2	30.2	45.6	45.6	54.6	54.6	58.3	58.3	57.2	55.4	53.4	46.5	51.1	47.0	43.4	45.1	46.0	46.1	46.2	45.0	44.1	42.3	40.3	37.4	36.3	34.9	29.6	24.4	21.8	21.4	21.9	20.9
2018/01/24 14:44:26	56.3	30.7	30.7	44.0	44.0	52.0	52.0	56.7	56.7	55.4	54.6	54.7	49.9	51.1	47.1	43.7	44.7	49.0	47.4	48.5	47.2	45.4	43.0	40.9	39.2	38.2	37.5	33.2	26.7	22.6	21.8	22.8	21.8
2018/01/24 14:44:27	56.9	27.2	27.2	46.7	46.7	53.7	53.7	56.0	56.0	57.3	55.8	55.4	47.9	50.3	46.4	42.0	44.9	46.8	46.9	48.1	48.3	46.6	45.3	42.6	41.3	41.3	42.4	38.6	30.1	25.7	24.5	25.7	25.0
2018/01/24 14:44:28	57.4	28.1	28.1	45.3	45.3	55.9	55.9	57.9	57.9	58.1	56.5	54.4	47.0	50.3	47.3	44.2	46.5	47.9	47.6	48.5	47.7	47.6	45.6	43.8	42.9	42.8	42.8	39.6	33.8	28.9	27.4	35.1	30.0
2018/01/24 14:44:29	62.3	29.6	29.6	47.2	47.2	57.7	57.7	59.5	59.5	58.8	59.1	57.8	51.7	52.5	49.0	48.8	50.2	50.3	49.6	53.6	53.2	52.4	51.4	49.5	49.0	49.9	49.9	45.5	39.5	36.7	34.9	34.8	33.7
2018/01/24 14:44:30	66.4	34.9	34.9	48.1	48.1	60.6	60.6	62.4	62.4	58.7	58.8	62.1	58.5	60.1	57.8	51.9	53.2	56.7	53.8	55.8	56.9	54.6	54.3	53.5	54.5	54.1	55.9	51.0	44.7	40.7	38.0	36.9	34.4
2018/01/24 14:44:31	65.1	31.0	31.0	48.5	48.5	58.5	58.5	61.5	61.5	61.6	62.5	63.6	57.1	58.3	54.1	49.0	49.8	52.0	51.5	55.3	54.9	53.6	51.9	53.1	53.8	53.6	54.5	51.8	47.6	41.8	38.9	37.4	33.0
2018/01/24 14:44:32	65.4	32.5	32.5	50.0	50.0	58.7	58.7	61.9	61.9	64.1	63.5	62.2	54.0	56.8	52.5	49.4	51.9	49.1	51.5	55.2	52.6	54.4	54.0	54.8	54.8	54.7	55.0	50.8	45.4	43.5	40.6	37.9	32.6
2018/01/24 14:44:33	61.6	31.7	31.7	46.4	46.4	59.2	59.2	63.5	63.5	62.4	60.1	60.8	53.9	55.1	50.0	47.5	52.3	51.0	51.0	53.0	51.7	50.3	49.0	48.3	48.3	48.0	47.3	42.7	39.1	33.6	30.2	30.4	27.0
2018/01/24 14:44:34	60.7	28.1	28.1	47.5	47.5	57.7	57.7	63.1	63.1	61.5	56.6	58.7	52.0	53.4	50.8	45.2	48.5	50.6	50.9	52.6	51.3	50.0	48.2	47.8	47.1	46.7	45.5	40.9	33.0	29.0	27.7	26.7	25.0
2018/01/24 14:44:35	59.5	28.1	28.1	50.2	50.2	57.1	57.1	58.8	58.8	60.6	56.5	54.9	50.3	51.8	48.7	45.2	46.9	49.2	49.5	51.1	50.4	48.4	47.1	44.8	46.2	48.0	45.0	41.9	34.1	30.1	29.1	28.0	26.9
2018/01/24 14:44:36	64.1	31.9	31.9	46.6	46.6	54.4	54.4	60.1	60.1	59.9	60.0	63.2	57.4	61.1	56.2	58.6	56.6	53.5	52.4	54.8	51.4	52.5	51.7	49.7	50.1	50.7	48.1	42.7	37.2	33.2	30.8	30.5	27.4
2018/01/24 14:44:37	62.0	30.7	30.7	43.4	43.4	51.4	51.4	58.0	58.0	61.3	60.1	61.9	56.6	59.2	54.4	54.6	54.2	52.1	50.3	52.2	49.8	51.8	49.1	47.8	47.0	48.1	45.1	40.0	35.5	31.8	30.2	28.9	25.4
2018/01/24 14:44:38	58.7	31.6	31.6	48.4	48.4	57.4	57.4	62.8	62.8	62.0	57.8	56.0	49.9	53.7	50.6	47.1	47.5	49.1	48.2	48.7	46.9	49.5	45.2	44.4	45.6	47.3	42.3	37.6	32.1	31.2	29.5	28.3	24.9
2018/01/24 14:44:39	59.3	31.2	31.2	50.8	50.8	58.1	58.1	61.5	61.5	60.1	59.2	58.4	51.4	53.2	51.1	47.1	48.2	49.1	47.9	48.5	48.8	49.7	46.7	45.7	46.9	48.1	43.1	37.4	32.0	31.0	28.6	27.6	24.5
2018/01/24 14:44:40	59.7	34.9	34.9	52.8	52.8	62.4	62.4	65.9	65.9	63.6	55.3	57.5	52.1	52.5	49.8	45.6	47.9	49.1	48.1	47.5	49.7	49.6	47.5	46.8	47.2	48.5	45.9	42.6	35.9	32.2	30.3	31.3	28.2
2018/01/24 14:44:41	58.3	37.1	37.1	53.8	53.8	61.9	61.9	66.8	66.8	63.8	55.7	56.5	49.4	51.3	47.0	44.2	47.5	46.1	47.9	47.4	49.4	46.2	46.0	45.4	45.4	45.9	44.1	41.5	34.3	30.9	28.7	31.1	25.8
2018/01/24 14:44:42	59.0	39.3	39.3	56.0	56.0	66.7	66.7	69.3	69.3	65.5	62.1	60.1	52.6	52.6	49.8	46.1	47.8	47.6	45.6	47.4	47.3	47.4	46.9	44.3	44.9	47.7	45.6	40.5	32.9	30.7	29.0	30.7	24.7
2018/01/24 14:44:43	64.3	40.8	40.8	57.4	57.4	70.4	70.4	74.2	74.2	72.2	69.9	70.5	63.0	65.3	55.5	51.4	49.0	51.2	46.2	46.0	48.1	48.3	50.3	46.0	47.5	48.6	49.0	44.1	35.1	31.2	28.2	29.7	25.2
2018/01/24 14:44:44	62.7	43.1	43.1	59.5	59.5	71.0	71.0	75.4	75.4	72.0	67.8	68.6	57.5	59.6	54.9	47.1	46.3	48.3	46.1	46.3	47.0	47.8	47.9	48.1	48.6	49.4	49.3	44.2	36.9	31.5	28.9	29.1	25.2
2018/01/24 14:44:45	61.6	40.7	40.7	58.4	58.4	70.4	70.4	72.9	72.9	69.6	66.4	67.2	60.3	59.0	51.1	44.3	46.6	47.4	45.8	46.0	46.5	46.7	46.7	47.9	48.5	49.4	46.5	43.2	38.2	32.6	30.4	29.7	25.8
2018/01/24 14:44:46	61.5	39.4	39.4	58.6	58.6	67.7	67.7	69.7	69.7	69.9	66.4	65.3	58.1	60.6	53.3	48.0	47.4	48.1	45.2	46.3	45.8	47.8	49.0	48.0	48.8	49.1	45.5	40.3	35.0	32.2	38.6	30.9	24.5
2018/01/24 14:44:47	62.6	40.2	40.2	55.7	55.7	65.9	65.9	68.7	68.7	72.3	71.5	66.2	59.9	59.1	53.4	45.6	45.5	45.8	44.4	46.3	45.5	47.2	47.2	50.5	49.5	50.9	48.2	42.4	34.8	32.7	28.6	28.1	24.7
2018/01/24 14:44:48	70.9	42.1	42.1	61.4	61.4	69.5	69.5	76.0	76.0	74.6	68.3	68.0	63.8	67.7	59.6	53.6	54.5	53.2	56.1	56.0	57.5	56.7	59.2	61.1	63.0	61.0	57.3	52.1	47.4	46.2	42.9	38.2	35.6
2018/01/24 14:44:49	73.1	45.8	45.8	58.7	58.7	70.6	70.6	78.6	78.6	78.1	68.5	69.9	65.1	65.0	58.8	55.4	57.2	61.2	57.7	62.1	58.6	60.2	59.7	62.6	62.8	63.1	62.0	59.8	58.0	47.3	44.6	40.7	38.4
2018/01/24 14:44:50	67.3	41.4	41.4	58.2	58.2	68.4	68.4	72.1	72.1	67.3	65.7	69.3	63.7	65.4	57.9	48.6	54.2	58.7	52.0	54.2	53.4	52.7	55.2	55.3	55.7	56.2	55.6	50.0	49.2	38.4	33.4	30.9	27.0
2018/01/24 14:44:51	64.9	38.1	38.1	55.5	55.5	64.9	64.9	73.1	73.1	72.2	61.7	69.1	59.9	63.3	54.0	47.3	50.9	52.8	49.1	50.1	52.6	50.9	52.4	51.3	53.5	53.9	51.1	44.0	46.7	34.8	31.5	29.6	25.4
2018/01/24 14:44:52	60.2	33.4	33.4	53.9	53.9	62.5	62.5	69.3	69.3	70.2	62.6	59.9	58.9	55.2	50.4	43.6	47.8	49.0	45.9	47.2	48.1	47.2	46.2	46.2	46.9	48.5	45.7	38.7	43.7	26.6	25.2	25.0	22.6
2018/01/24 14:44:53	57.5	33.4	33.4	50.8	50.8	61.3	61.3	68.0	68.0	65.9	59.8	60.2	54.0	55.2	49.7	43.0	45.5	46.5	45.2	44.9	45.4	45.2	43.7	43.7	43.3	42.9	41.4	34.3	29.5	26.2	22.2	22.8	21.8
2018/01/24 14:44:54	58.0	31.0	31.0	45.2	45.2	56.3	56.3	64.3	64.3	63.8	54.2	55.9	49.7	50.6	46.8	43.3	46.3	48.1	46.9	48.5	49.3	48.2	45.3	43.9	44.0	44.1	41.7	34.7	32.1	25.4	23.4	24.0	22.6
2018/01/24 14:44:55	60.3	32.3	32.3	45.3	45.3	58.4	58.4	64.8	64.8	61.5	52.2	55.2	47.5	50.5	47.2	44.3	47.3	51.6	50.0	51.4	53.1	51.0	49.0	45.9	43.8	43.6	41.2	35.4	28.3	24.6	23.1	23.5	21.9
2018/01/24 14:44:56	65.2	33.0	33.0	45.0	45.0	57.5	57.5	63.1	63.1	60.1	56.2	57.4	49.8	53.7	53.5	48.4	51.7	54.1	56.0	58.4	57.0	55.6	54.2	50.2	50.4	50.0	46.4	41.6	36.2	33.1	29.9	29.1	26.9
2018/01/24 14:44:57	60.5	31.4	31.4	46.2	46.2	55.8	55.8	60.9	60.9	58.4	53.2	54.1	51.0	53.3	49.1	44.2	47.6	48.5	48.1	51.7	52.9	51.7	49.2	47.8	47.9	46.1	43.5	37.0	30.8	29.4	26.7	26.5	24.7
2018/01/24 14:44:58	58.4	33.1	33.1	47.6	47.6	56.0	56.0	59.8	59.8	56.3	53.2	54.7	49.5	54.5	48.6	44.5	48.2	50.4	49.2	49.6	50.3	48.8	45.7	42.6	41.7	41.5	38.8	33.4	26.2	22.5	21.6	22.4	20.9
2018/01/24 14:44:59	62.5	33.2	33.2	45.6	45.6	56.6	56.6	60.2	60.2	57.8	55.8	56.8	52.7	55.3	53.1	50.9	50.4	54.0	54.4	54.4	52.2	52.2	48.8	47.8	48.6	48.8	47.8	45.0	37.5	34.5	31.8	29.3	26.1
2018/01/24 14:45:00	61.6	34.3	34.3	48.0	48.0	56.8	56.8	58.7	58.7	56.3	54.9	56.0	51.4	53.7	51.3	49.3	52.0	50.4	52.8	54.1	51.7	49.7	48.0	47.4	48.3	49.3	47.7	42.4	37.5	36.5	33.8	30.5	27.4
2018/01/24 14:45:01	56.6	33.0	33.0	48.1	48.1	56.5	56.5	58.9	58.9	55.5	51.6	52.7	48.1	51.1	46.2	45.0	46.1	45.9	46.3	47.3	47.2	47.1	44.6	43.1	42.4	42.2	41.9	37.2	31.3	31.2	27.6	25.8	22.9
2018/01/24 14:45:02	59.2	32.0	32.0	48.2	48.2	57.8	57.8	60.2	60.2	55.8	50.6	53.4	47.7	51.0	49.2	45.3	45.6	46.5	47.9	49.0	51.6	51.7	49.5	46.8	41.7	41.6	39.9	35.0	28.0	25.4	23.2	23.5	21.8
2018/01/24 14:45:03	63.4	29.7	29.7	46.8	46.8	54.8	54.8	58.0	58.0	55.9	50.1	49.6	46.0	49.5	47.4	46.2	47.8	47.8	48.5	51.2	54.3	56.6	56.5	53.4	45.7	44.2	41.1	35.3	29.0	26.6	24.9	23.0	21.3
2018/01/24 14:45:04	75.8	31.4	31.4	50.4	50.4	55.4	55.4	55.6	55.6	54.0	51.4	50.6	45.0	50.7	48.3	63.2	49.7	49.8	52.6	52.0	49.1	51.0	49.4	50.2	66.9	73.7	49.4	42.2	37.0	38.8	49.6	32.7	35.3
2018/01/24 14:45:05	79.4	31.9	31.9	50.4	50.4	58.0	58.0	60.4	60.4	57.8	54.8	58.8	50.3	53.7	49.0	73.4	51.5	52.4	56.4	55.3	54.1	57.6	50.6	59.0	74.2	75.0	51.4	49.6	44.4	42.6	54.5	38.1	40.3
2018/01/24 14:45:06	78.2	31.3	31.3	48.6	48.6	60.4	60.4	64.5	64.5	61.8	58.2	58.0	54.2	56.7	52.1	70.4	53.0	55.0	56.7	55.5	55.7	62.3	52.8	60.1	70.4	75.2	53.3	50.4	43.2	39.1	47.9	34.8	36.0
2018/01/24 14:45:07	78.3	34.2	34.2	57.2	57.2	65.4	65.4	63.2	63.2	59.6	57.3	62.2	53.3	56.8	52.9	69.6	55.3	53.9	59.8	54.9	54.4	61.6	52.4	58.5	68.6	75.8	51.0	49.0	42.8	38.9	46.0	34.8	35.0
2018/01/24 14:45:08	62.0	35.3	35.3	55.5	55.5	63.9	63.9	61.7	61.7	58.5	57.7	59.0	55.2	54.9	49.7	48.3	51.3	52.8	54.4	54.3	52.4	51.7	48.7	45.6	47.7	46.5	44.0	40.7	33.6	28.9	27.5	28.2	22.7
2018/01/24 14:45:09	59.7	30.6	30.6	54.9	54.9	62.6	62.6	61.2	61.2	59.7	55.7	57.8	53.6	52.3	48.1	46.3	48.0	51.4	48.5	50.8	51.7	50.5	46.5	44.7	45.0	45.6	42.0	37.9	33.7	28.5	25.0	24.8	22.0
2018/01/24 14:45:10	61.7	26.9	26.9	47.0	47.0	55.4	55.4	54.7	54.7	56.6	54.7	56.9	50.6	52.2	49.8	46.5	48.4	48.9	50.8	53.3	52.2	53.6	51.2	49.9	48.1	46.5	44.2	39.2	34.6	29.8	26.1	26.1	22.6
2018/01/24 14:45:11	60.0	29.4	29.4	44.9	44.9	50.8	50.8	54.8	54.8	55.8	56.0	55.9	51.1	52.8	49.7	47.6	49.4	47.9	49.9	51.5	50.2	50.0	48.8	48.0	47.1	46.4	43.5	37.9	32.6	32.2	27.9	26.0	23.1
2018/01/24 14:45:12	63.5	35.1	35.1	55.3	55.3	63.4	63.4	61.0	61.0	63.4	64.2	66.1	58.1	54.7	52.5	52.4	52.6	55.6	53.8	55.1	51.5	51.1	50.1	50.8	49.5	48.7	45.2	42.9	37.9	34.7	31.0	30.1	25.6
2018/01/24 14:45:13	66.5	36.9	36.9	49.7	49.7	64.2	64.2	66.2	66.2	63.1	70.9	73.0	65.8	61.1	56.2	53.2	54.1	56.8	57.4	56.8	54.0	51.7	52.2	50.3	50.8	49.5	48.1	46.1	38.2	33.3	30.8	30.9	27.9
2018/01/24 14:45:14	61.7	30.3	30.3	46.5	46.5	58.2	58.2	60.6	60.6	58.7	62.9	65.1	54.3	56.2	50.8	46.6	51.1	53.2	52.7	53.1	52.5	50.1	48.5	46.2	45.8	44.4	43.4	41.1	33.2	27.2	24.3	24.9	23.0
2018/01/24 14:45:15	59.9	27.0	27.0	44.5	44.5	59.6	59.6	62.3	62.3	57.0	62.4	61.8	53.4	54.7	50.0	46.5	50.0	50.0	51.9	51.7	50.1	47.6	45.4	43.8	45.2	43.8	43.1	38.1	31.0	24.1	22.2	22.7	21.2
2018/01/24 14:45:16	57.6	26.0	26.0	39.1	39.1	55.7	55.7	59.9	59.9	53.1	51.5	56.6	49.1	51.8	48.6	43.8	46.8	48.5	48.8	50.1	48.4	46.0	44.0	42.9	43.3	42.4	40.5	35.6	28.8	23.2	22.1	22.5	21.4
2018/01/24 14:45:17	56.1	25.5	25.5	38.3	38.3	50.6	50.6	54.5	54.5	50.7	47.7	51.7	47.2	51.8	44.2	42.3	45.0	47.1	47.3	49.0	47.5	44.3	42.5	42.8	42.0	40.7	37.9	32.9	27.1	23.9	22.6	23.2	21.7
2018/01/24 14:45:18	55.8	26.1	26.1	39.8	39.8	49.7	49.7	51.0	51.0	51.0	50.0	50.6	48.0	50.0	46.1	42.3	45.5	46.8	46.8	49.9	47.5	44.2	41.2	40.3	38.4	37.6	36.5	31.4	27.1	23.5	22.9	24.0	22.8
2018/01/24 14:45:19	57.1	27.0	27.0	41.0	41.0	51.0	51.0	52.5	52.5	52.8	53.8	55.2	51.8	52.1	47.9	43.1	48.0	49.5	46.7	49.2	47.4	45.1	40.8	42.1	42.1	42.2	44.2	41.3	36.8	32.4	30.4	26.6	28.0
2018/01/24 14:45:20	56.8	27.4	27.4	41.6	41.6	53.2	53.2	56.3	56.3	56.1	54.7	55.5	52.3	53.1	50.1	46.6	46.9	50.7	46.8	48.8	46.0	44.9	40.2	38.9	42.3	39.1	38.0	33.2	34.1	30.6	24.8	23.8	21.7
2018/01/24 14:45:21	54.2	27.5	27.5	42.3	42.3	52.3	52.3	53.7	53.7	52.2	52.3	55.3	50.5	51.7	50.2	42.8	46.3	44.8	44.0	46.7	43.1	41.2	38.1	37.6	36.5	36.0	34.0	30.6	27.0	23.6	22.3	22.6	21.5
2018/01/24 14:45:22	55.8	26.6	26.6	41.7	41.7	50.4	50.4	51.7	51.7	50.7	51.1	53.8	52.4	56.3	52.1	48.8	50.0	46.0	44.2	46.2	44.0	41.2	40.3	39.0	37.3	38.0	38.9	36.7	32.5	28.8	25.4	24.4	23.1
2018/01/24 14:45:23	54.7	24.6	24.6	40.0	40.0	48.6	48.6	48.8	48.8	50.2	49.3	54.8	50.0	54.9	49.8	45.3	45.6	46.0	43.6	45.0	43.4	41.5	40.0	38.3	39.2	41.7	36.0	32.9	28.0	25.3	22.8	22.9	21.5
2018/01/24 14:45:24	56.6	26.6	26.6	43.1	43.1	52.9	52.9	58.5	58.5	56.3	50.8	52.8	49.6	53.4	53.4	50.1	48.7	49.7	47.8	46.3	43.6	45.0	41.6	40.2	39.1	38.6	37.7	36.6	33.5	27.7	27.2	23.3	21.1
2018/01/24 14:45:25	62.6	26.9	26.9	45.0	45.0	52.4	52.4	59.2	59.2	60.7	53.4	57.0	55.8	56.1	59.1	58.3	56.9	52.2	48.7	52.8	51.3	53.2	50.4	45.3	44.6	45.1	41.1	35.7	30.8	25.2	23.0	23.4	22.4
2018/01/24 14:45:26	66.4	29.1	29.1	50.4	50.4	56.9	56.9	57.3	57.3	63.1	58.1	60.8	58.5	59.0	64.3	61.9	59.2	55.6	53.5	56.0	53.6	53.7	53.7	52.4	51.5	53.1	50.9	45.6	40.4	36.5	32.3	30.5	27.2
2018/01/24 14:45:27	73.9	33.8	33.8	56.8	56.8	64.0	64.0	65.0	65.0	70.6	67.1	65.3	61.5	63.4	62.8	64.9	68.5	65.0	61.8	65.4	62.6	61.9	62.1	62.2	59.7	61.0	57.3	54.7	50.3	46.8	42.8	39.5	36.2
2018/01/24 14:45:28	72.0	35.7	35.7	57.2	57.2	64.7	64.7	62.7	62.7	69.6	66.2	61.8	57.3	59.7	60.5	59.5	62.6	64.0	62.2	63.3	63.2	60.6	59.5	58.6	56.9	58.5	58.4	55.6	49.4	44.0	39.6	37.6	36.1
2018/01/24 14:45:29	66.0	31.8	31.8	55.0	55.0	61.6	61.6	60.0	60.0	62.3	59.1	59.4	58.4	60.1	56.2	54.1	57.5	56.5	58.3	57.8	56.3	54.5	53.5	52.4	50.4	50.6	49.5	46.5	40.3	35.0	30.7	27.6	25.0
2018/01/24 14:45:30	64.1	30.0	30.0	51.4	51.4	57.2	57.2	56.0	56.0	58.6	57.4	59.0	54.9	56.8	54.0	49.3	51.7	55.2	54.5	54.8	57.3	53.7	52.6	48.6	48.0	45.5	49.9	45.8	34.9	29.7	26.2	24.4	22.7
2018/01/24 14:45:31	58.5	29.3	29.3	51.7	51.7	59.5	59.5	57.4	57.4	60.2	57.5	54.8	51.9	54.3	49.9	44.0	47.3	49.0	47.8	49.5	51.7	47.7	46.2	43.2	42.6	39.8	40.4	35.2	27.2	23.5	22.7	22.6	21.5
2018/01/24 14:45:32	54.6	28.8	28.8	46.2	46.2	55.5	55.5	55.8	55.8	56.0	54.0	52.8	49.4	50.6	45.7	41.5	45.3	45.2	44.5	46.2	46.4	43.6	42.0	38.7	38.2	37.0	34.7	29.8	23.4	21.2	21.1	22.1	21.1
2018/01/24 14:45:33	53.7	27.0	27.0	42.1	42.1	50.5	50.5	49.9	49.9	49.8	50.4	51.4	47.1	49.9	44.6	40.5	43.3	42.6	43.5	45.8	46.6	43.3	40.5	38.5	35.9	34.7	32.8	27.3	23.2	22.5	21.2	21.9	20.7
2018/01/24 14:45:34	53.3	29.8	29.8	45.9	45.9	52.8	52.8	53.0	53.0	52.4	49.1	50.6	47.1	51.1	45.4	40.3	43.0	42.7	43.2	45.6	44.2	41.8	38.8	36.0	34.9	39.8	38.4	37.0	28.8	23.4	21.5	21.9	20.5
2018/01/24 14:45:35	55.9	36.5	36.5	52.7	52.7	62.3	62.3	65.0	65.0	64.1	62.6	61.8	53.6	54.4	46.1	41.0	43.9	42.9	42.4	44.8	44.8	42.7	39.6	37.1	34.8	36.2	34.0	28.0	22.4	21.1	21.0	22.1	20.8
2018/01/24 14:45:36	61.5	40.0	40.0	56.7	56.7	66.3	66.3	69.6	69.6	67.6	66.3	68.2	61.7	64.0	58.2	53.7	51.0	44.8	42.8	44.7	44.6	41.7	39.1	37.1	35.5	35.8	33.4	27.9	23.3	23.7	22.1	22.9	21.1
2018/01/24 14:45:37	57.7	37.0	37.0	52.4	52.4	61.8	61.8	65.5	65.5	65.8	64.0	63.7	57.2	57.6	49.5	44.9	44.9	43.3	43.1	46.7	47.0	42.2	39.8	39.4	38.0	37.8	34.2	26.9	23.4	22.9	21.7	22.3	20.5
2018/01/24 14:45:38	58.1	32.8	32.8	50.4	50.4	60.3	60.3	64.3	64.3	63.6	60.9	59.7	53.5	53.8	46.3	43.7	46.9	46.1	46.9	49.6	48.6	44.9	43.6	44.4	44.3	45.9	41.6	35.6	30.7	26.9	25.0	24.9	22.1
2018/01/24 14:45:39	58.4	31.6	31.6	48.5	48.5	56.9	56.9	58.4	58.4	60.6	58.2	54.7	50.0	52.8	45.9	42.0	46.5	48.6	48.9	49.5	50.4	45.7	43.6	44.1	44.7	46.7	44.8	39.2	29.8	25.0	24.0	24.1	21.7
2018/01/24 14:45:40	57.3	29.6	29.6	48.2	48.2	57.2	57.2	59.7	59.7	61.0	59.0	56.8	49.8	52.0	46.2	40.4	46.1	48.7	46.0	48.0	49.2	46.1	42.6	41.2	41.9	43.6	43.8	36.5	25.9	22.4	21.9	22.7	21.4
2018/01/24 14:45:41	56.2	26.5	26.5	43.6	43.6	53.4	53.4	54.6	54.6	55.9	55.2	54.9	49.0	52.2	45.7	40.5	45.2	48.5	44.7	47.5	49.8	45.0	42.3	39.9	37.5	37.4	36.7	30.9	23.1	21.1	21.1	22.2	21.0
2018/01/24 14:45:42	61.5	29.5	29.5	46.5	46.5	53.9	53.9	55.4	55.4	56.6	56.6	55.8	52.9	54.7	50.5	43.0	48.1	51.7	50.0	54.3	55.5	51.9	49.1	45.1	42.9	42.1	41.2	38.2	29.8	25.1	22.8	23.1	21.7
2018/01/24 14:45:43	64.5	33.6	33.6	55.6	55.6	64.5	64.5	65.5	65.5	62.3	58.9	59.7	54.7	59.8	51.2	49.3	52.5	51.7	53.9	56.8	58.2	54.2	51.5	49.6	47.5	48.0	46.9	43.6	38.0	34.0	30.7	29.2	27.0
2018/01/24 14:45:44	58.7	34.9	34.9	53.0	53.0	60.6	60.6	63.8	63.8	63.7	59.0	58.7	54.6	57.8	50.2	44.0	47.5	44.9	48.0	49.1	49.5	49.0	44.8	42.9	42.4	42.7	41.3	36.9	30.8	29.6	27.3	26.1	24.0
2018/01/24 14:45:45	54.2	36.3	36.3	52.5	52.5	60.2	60.2	60.4	60.4	56.8	54.1	56.2	49.0	52.3	45.6	42.5	41.8	42.1	40.2	41.3	43.9	42.0	38.6	37.3	39.3	42.4	44.9	38.0	32.2	28.0	26.9	27.8	25.5
2018/01/24 14:45:46	49.4	28.1	28.1	46.6	46.6	55.8	55.8	56.0	56.0	51.4	47.1	48.7	42.9	46.1	40.8	38.9	41.3	40.6	39.5	40.2	40.5	38.3	36.8	33.4	31.3	30.4	28.1	24.7	21.6	20.5	21.1	22.0	20.7
2018/01/24 14:45:47	49.4	28.3	28.3	46.0	46.0	55.7	55.7	56.8	56.8	53.6	48.7	46.4	42.6	46.9	41.9	39.0	41.0	40.6	39.8	39.9	39.1	39.1	35.3	33.4	31.6	31.1	30.0	25.7	20.9	20.5	21.0	26.0	20.4
2018/01/24 14:45:48	50.6	27.1	27.1	47.0	47.0	54.8	54.8	52.1	52.1	48.2	45.4	48.8	45.0	49.9	43.0	39.3	43.8	40.8	41.3	41.4	41.1	39.5	35.6	34.1	31.7	33.4	31.1	26.2	22.5	21.4	21.3	22.1	20.9
2018/01/24 14:45:49	53.1	28.2	28.2	45.1	45.1	50.7	50.7	49.4	49.4	47.8	44.9	47.3	47.0	49.7	43.6	39.5	42.9	43.8	41.5	42.7	45.2	44.5	42.3	38.7	38.1	36.2	33.6	28.3	23.4	21.1	21.3	22.0	21.0
2018/01/24 14:45:50	56.2	30.2	30.2	47.1	47.1	52.5	52.5	51.9	51.9	48.6	47.3	49.3	47.7	51.3	43.7	42.7	41.7	48.0	43.7	45.1	47.4	49.7	43.9	41.9	40.4	40.6	38.7	32.3	26.0	23.7	22.0	22.7	21.2
2018/01/24 14:45:51	60.4	30.8	30.8	46.4	46.4	51.1	51.1	51.1	51.1	52.7	51.5	51.4	48.8	52.4	48.4	45.1	45.9	49.5	48.8	50.3	51.4	53.0	48.7	49.1	47.6	47.3	43.4	36.5	31.5	30.5	26.3	24.4	22.4
2018/01/24 14:45:52	61.6	27.7	27.7	53.0	53.0	59.8	59.8	57.6	57.6	56.3	53.8	53.2	49.5	52.6	49.3	47.5	50.5	49.5	52.4	53.8	53.8	52.2	49.0	48.6	47.3	46.3	44.1	41.8	34.5	30.5	26.5	25.1	23.4
2018/01/24 14:45:53	61.9	29.4	29.4	49.6	49.6	58.9	58.9	57.7	57.7	57.7	56.4	52.5	48.0	50.8	49.1	47.6	49.8	52.3	49.7	51.5	55.2	53.3	50.4	48.5	45.5	48.5	46.5	40.5	34.1	30.2	26.8	26.2	24.5
2018/01/24 14:45:54	57.7	29.1	29.1	48.7	48.7	57.8	57.8	56.5	56.5	51.1	50.4	51.0	51.1	53.0	47.2	49.8	53.0	51.3	46.0	45.6	48.7	48.5	44.2	40.4	37.8	38.1	36.9	32.0	26.4	24.3	22.6	24.5	22.1
2018/01/24 14:45:55	54.1	27.0	27.0	44.7	44.7	51.5	51.5	53.2	53.2	52.7	49.4	50.5	45.7	49.2	45.6	40.2	51.6	45.0	41.7	43.3	44.7	43.6	40.3	37.8	35.5	35.0	32.8	28.4	23.1	21.0	21.2	22.1	21.0
2018/01/24 14:45:56	52.9	26.7	26.7	45.8	45.8	52.6	52.6	52.2	52.2	51.6	49.9	50.1	45.2	49.7	45.9	41.9	44.0	42.7	43.1	43.2	44.6	42.7	40.3	37.4	35.3	36.0	34.6	29.8	23.2	22.2	21.2	22.0	20.8
2018/01/24 14:45:57	56.6	28.9	28.9	49.3	49.3	55.4	55.4	54.4	54.4	51.9	50.1	51.4	45.7	51.1	46.3	40.4	46.6	47.3	46.2	47.7	50.0	47.5	44.0	41.9	37.7	38.1	38.1	33.2	26.1	23.4	22.5	22.6	21.3
2018/01/24 14:45:58	61.3	29.0	29.0	43.9	43.9	51.4	51.4	56.7	56.7	56.9	55.4	55.6	50.6	53.0	48.8	43.9	50.6	52.5	52.2	52.0	53.7	52.6	49.7	47.3	44.6	43.8	43.8	40.1	30.0	26.5	23.9	23.8	22.5
2018/01/24 14:45:59	66.3	31.6	31.6	44.8	44.8	55.4	55.4	60.3	60.3	60.2	55.3	57.6	51.4	55.5	52.3	49.2	52.6	55.1	56.4	58.8	59.2	57.1	55.2	52.8	50.5	50.2	48.5	45.0	38.0	36.1	32.3	31.6	29.2
2018/01/24 14:46:00	61.4	27.9	27.9	42.0	42.0	52.1	52.1	57.5	57.5	57.1	53.3	54.7	49.9	54.9	49.6	48.1	48.7	49.7	51.1	53.8	51.9	52.3	49.7	48.3	47.7	47.8	46.5	40.2	33.6	33.3	30.4	29.0	26.9
2018/01/24 14:46:01	59.1	27.7	27.7	39.5	39.5	48.1	48.1	52.0	52.0	52.0	50.4	51.9	48.3	52.5	47.8	45.4	50.3	47.8	45.3	49.4	50.2	49.6	47.6	47.2	46.0	46.4	45.0	39.4	34.0	34.5	30.1	28.1	26.1
2018/01/24 14:46:02	58.1	30.1	30.1	41.2	41.2	51.0	51.0	54.2	54.2	53.1	50.8	52.2	47.2	50.5	45.6	44.0	50.2	46.1	45.9	49.4	48.7	47.7	46.1	46.2	44.9	44.8	43.9	41.0	36.0	36.5	32.4	30.8	28.4
2018/01/24 14:46:03	57.9	30.8	30.8	43.2	43.2	51.6	51.6	53.2	53.2	54.1	52.3	50.8	46.5	50.8	46.1	41.9	47.5	48.2	47.4	48.3	48.6	47.4	47.1	44.8	43.5	44.4	45.4	41.6	34.1	33.0	30.7	29.4	28.7
2018/01/24 14:46:04	60.0	26.9	26.9	42.7	42.7	50.7	50.7	52.6	52.6	53.5	51.2	50.7	45.9	50.1	44.6	40.6	48.4	52.5	48.3	49.5	50.7	48.5	47.1	44.8	43.9	47.6	52.5	43.2	35.2	35.6	31.2	30.3	28.4
2018/01/24 14:46:05	62.2	32.0	32.0	46.1	46.1	51.0	51.0	52.1	52.1	54.3	53.5	55.6	51.4	54.0	49.9	49.6	55.8	50.5	50.0	50.9	52.1	49.5	47.3	46.6	46.6	52.9	53.8	44.8	39.3	42.8	36.7	35.4	32.9
2018/01/24 14:46:06	55.7	28.5	28.5	41.5	41.5	50.6	50.6	52.4	52.4	51.9	51.2	53.1	46.2	49.8	45.0	44.8	50.8	44.8	43.1	43.8	45.2	44.4	41.8	42.4	42.1	44.3	43.6	37.3	32.6	35.3	30.3	28.5	26.0
2018/01/24 14:46:07	52.3	28.0	28.0	41.6	41.6	50.0	50.0	51.0	51.0	50.3	51.6	50.4	46.1	47.9	41.7	40.1	45.5	47.5	41.4	39.4	42.3	39.3	39.2	37.8	36.4	38.0	37.3	31.0	25.0	23.5	22.1	22.7	21.3
2018/01/24 14:46:08	54.9	27.3	27.3	46.2	46.2	53.6	53.6	54.0	54.0	54.1	53.6	54.5	49.1	49.8	48.9	43.3	49.0	46.8	42.2	42.6	44.2	42.1	41.7	40.3	39.9	43.0	40.9	35.2	27.7	25.5	24.6	24.2	22.7
2018/01/24 14:46:09	55.9	27.2	27.2	44.0	44.0	51.5	51.5	55.0	55.0	58.6	55.7	56.9	49.2	52.0	50.4	44.1	47.6	47.4	42.5	43.0	45.1	44.0	43.5	43.6	41.9	42.3	40.3	34.6	27.9	25.5	22.8	23.0	21.4
2018/01/24 14:46:10	57.8	27.6	27.6	44.6	44.6	51.7	51.7	55.7	55.7	57.0	57.7	57.9	49.9	53.6	49.3	42.3	46.5	46.9	45.5	44.2	48.4	47.8	47.2	44.8	45.3	45.3	42.6	36.6	29.5	25.6	23.0	23.5	21.8
2018/01/24 14:46:11	66.6	27.8	27.8	46.6	46.6	53.3	53.3	59.1	59.1	59.7	61.6	61.3	55.4	57.5	51.9	48.1	51.5	56.0	53.2	52.9	57.1	57.8	55.8	55.4	56.0	55.0	52.4	50.4	44.4	39.7	37.1	38.8	34.6
2018/01/24 14:46:12	68.0	31.1	31.1	43.3	43.3	52.3	52.3	61.2	61.2	63.3	66.6	65.1	58.8	59.4	53.6	50.1	53.0	54.8	52.3	54.9	56.7	58.4	55.2	58.3	58.5	58.5	53.4	49.6	45.8	44.6	41.1	41.2	36.4
2018/01/24 14:46:13	60.5	29.6	29.6	43.9	43.9	54.8	54.8	60.0	60.0	62.5	61.8	59.7	50.8	55.3	49.2	46.5	46.7	46.2	43.7	46.4	47.6	53.6	48.7	49.1	49.7	48.3	45.6	40.2	35.1	31.9	29.0	31.4	27.5
2018/01/24 14:46:14	54.4	27.8	27.8	46.2	46.2	54.5	54.5	58.2	58.2	59.8	56.7	53.4	47.6	50.8	44.6	40.5	44.8	41.9	42.5	42.8	44.2	41.9	41.9	42.6	43.6	41.1	38.5	34.2	26.9	23.1	22.0	22.9	21.3
2018/01/24 14:46:15	57.5	29.0	29.0	46.4	46.4	55.4	55.4	59.4	59.4	56.7	51.8	56.6	52.3	53.2	45.0	43.3	46.3	46.2	45.8	46.8	49.1	46.0	45.4	46.3	45.9	43.9	41.9	35.0	28.0	23.7	22.1	22.8	20.8
2018/01/24 14:46:16	57.0	26.9	26.9	46.8	46.8	54.0	54.0	56.4	56.4	60.9	55.6	53.3	44.7	49.4	47.7	46.9	45.5	47.2	45.2	47.2	47.9	45.9	44.2	45.3	45.1	43.9	41.6	34.3	26.9	22.9	21.6	22.0	20.8
2018/01/24 14:46:17	57.1	27.9	27.9	50.3	50.3	57.8	57.8	57.8	57.8	61.2	56.8	50.8	41.6	48.0	46.2	43.4	45.6	45.6	44.7	47.5	48.9	45.6	43.7	46.5	45.9	44.6	41.8	32.6	25.8	22.2	21.4	22.1	20.8
2018/01/24 14:46:18	53.5	29.8	29.8	46.3	46.3	54.8	54.8	57.8	57.8	56.6	50.4	50.9	45.3	47.5	43.8	42.0	44.1	41.7	42.0	43.7	43.8	44.0	40.9	41.7	40.2	40.0	36.2	28.4	23.1	21.0	21.4	22.1	20.7
2018/01/24 14:46:19	53.7	31.0	31.0	47.7	47.7	56.9	56.9	57.3	57.3	55.0	53.8	53.4	47.3	48.9	45.1	42.9	45.1	43.6	43.6	45.3	43.5	43.4	40.5	39.1	39.4	37.2	33.7	26.5	22.2	20.8	21.1	21.6	20.5
2018/01/24 14:46:20	55.8	30.9	30.9	47.5	47.5	55.9	55.9	57.2	57.2	55.7	53.5	51.3	48.1	51.1	48.0	42.5	46.8	45.1	45.5	47.8	47.4	46.5	42.9	41.8	39.4	36.3	32.1	26.6	22.6	21.3	21.1	21.8	20.8
2018/01/24 14:46:21	57.6	32.0	32.0	48.2	48.2	56.1	56.1	56.5	56.5	52.2	49.7	49.7	45.9	48.9	47.8	44.2	46.1	45.8	48.1	50.3	49.6	48.9	46.1	43.6	42.4	39.3	35.1	27.3	23.3	21.5	21.3	22.0	20.7
2018/01/24 14:46:22	57.7	25.8	25.8	47.2	47.2	54.3	54.3	52.0	52.0	50.5	48.2	49.7	46.5	48.4	48.1	44.3	44.9	46.0	46.6	50.0	48.3	47.8	46.1	46.5	45.6	44.0	40.0	33.8	26.0	23.4	21.9	22.4	20.9
2018/01/24 14:46:23	57.8	25.0	25.0	47.7	47.7	54.0	54.0	54.2	54.2	52.1	48.7	51.9	47.0	50.6	48.7	46.0	47.0	48.2	48.2	49.8	49.7	48.8	44.5	44.0	43.0	41.4	39.3	34.3	27.3	23.5	21.8	22.4	20.9
2018/01/24 14:46:24	55.2	26.4	26.4	46.8	46.8	53.1	53.1	54.0	54.0	52.6	50.4	52.2	47.0	51.5	47.0	44.5	46.9	46.7	47.9	47.5	45.8	44.7	40.5	38.2	36.4	35.8	32.3	28.1	23.6	21.1	20.8	21.7	20.6
2018/01/24 14:46:25	51.2	26.1	26.1	42.0	42.0	50.1	50.1	52.7	52.7	51.9	49.1	47.5	45.7	49.9	45.7	41.3	42.0	42.1	43.0	42.8	41.1	39.3	37.5	35.1	33.0	32.3	29.2	25.0	21.4	20.5	20.8	22.0	20.8
2018/01/24 14:46:26	52.3	26.2	26.2	42.8	42.8	50.5	50.5	50.2	50.2	48.9	48.2	49.2	46.1	50.5	45.4	41.7	42.1	41.7	43.3	44.6	42.4	42.0	39.2	37.4	35.6	35.3	31.8	25.8	21.9	20.8	21.0	21.8	20.6
2018/01/24 14:46:27	55.9	27.9	27.9	41.9	41.9	50.5	50.5	51.6	51.6	48.6	47.3	51.6	50.4	54.2	46.8	44.1	45.0	44.1	46.6	48.0	47.4	45.5	43.0	41.2	39.4	39.2	37.9	30.8	25.4	23.3	21.8	22.3	20.9
2018/01/24 14:46:28	60.7	32.4	32.4	45.8	45.8	55.6	55.6	56.2	56.2	50.7	49.5	51.7	49.8	56.5	52.2	49.1	48.9	49.2	51.0	53.0	50.3	50.5	49.6	48.7	47.0	46.5	43.4	36.8	33.8	31.4	27.0	24.5	22.8
2018/01/24 14:46:29	63.5	31.8	31.8	47.9	47.9	55.6	55.6	58.3	58.3	57.2	51.7	54.9	53.2	59.2	56.5	52.9	51.7	51.7	56.3	56.6	52.8	52.4	50.0	49.7	48.8	48.0	44.5	40.0	35.1	32.7	28.2	25.8	23.8
2018/01/24 14:46:30	63.4	30.9	30.9	45.9	45.9	53.1	53.1	56.1	56.1	55.1	51.5	54.7	54.2	58.0	51.9	49.5	51.5	54.1	54.9	56.6	55.4	52.9	49.8	48.1	47.4	47.3	45.4	40.0	33.6	30.2	25.3	24.6	22.2
2018/01/24 14:46:31	62.5	29.3	29.3	43.8	43.8	54.3	54.3	58.6	58.6	55.5	53.1	55.5	53.8	56.8	49.5	49.6	51.5	50.9	54.7	55.7	53.1	51.7	48.6	49.2	48.1	48.4	45.0	41.3	35.6	32.6	26.0	25.0	22.0
2018/01/24 14:46:32	63.1	30.7	30.7	47.2	47.2	54.9	54.9	58.6	58.6	57.2	54.3	57.6	53.5	56.5	50.6	48.9	52.7	53.3	55.0	54.6	53.5	52.5	50.1	50.2	49.7	49.7	46.6	43.3	36.2	33.0	28.0	26.1	23.4
2018/01/24 14:46:33	63.6	30.8	30.8	56.9	56.9	63.1	63.1	59.0	59.0	54.9	55.6	62.4	51.0	56.2	52.9	49.5	51.8	50.7	52.4	55.1	53.9	52.6	51.3	51.9	52.2	53.0	45.0	40.6	38.2	38.2	32.1	25.9	23.4
2018/01/24 14:46:34	64.7	34.4	34.4	53.6	53.6	63.3	63.3	62.7	62.7	59.5	56.9	58.3	54.9	58.4	55.5	50.4	53.4	54.0	57.5	55.3	54.5	52.5	52.5	51.1	54.4	52.6	46.2	43.8	39.3	37.1	32.8	27.6	25.0
2018/01/24 14:46:35	62.2	31.4	31.4	46.9	46.9	57.5	57.5	59.7	59.7	55.5	56.9	58.5	54.3	55.4	51.4	48.8	51.5	53.1	53.6	53.0	55.0	51.6	48.6	48.3	47.0	47.8	43.0	39.4	31.3	27.8	24.0	23.2	21.6
2018/01/24 14:46:36	57.8	28.6	28.6	48.2	48.2	56.5	56.5	57.7	57.7	55.1	51.4	56.0	52.0	56.0	49.5	45.7	48.3	47.2	47.3	48.7	50.0	47.4	45.3	42.6	40.6	38.8	36.7	30.8	23.6	21.4	21.0	21.9	20.7
2018/01/24 14:46:37	55.8	33.4	33.4	46.1	46.1	53.4	53.4	56.0	56.0	53.5	51.0	55.2	51.9	55.3	47.8	45.3	45.7	44.3	44.6	47.0	46.3	45.6	43.8	41.5	39.8	37.9	35.0	29.9	23.5	21.3	21.0	21.7	20.6
2018/01/24 14:46:38	55.4	34.9	34.9	47.1	47.1	53.4	53.4	56.2	56.2	56.2	52.3	54.8	49.1	51.8	46.9	43.9	45.6	43.2	42.9	46.0	46.4	45.0	44.1	42.6	41.9	39.7	35.8	29.9	24.7	22.1	21.4	22.1	20.6
2018/01/24 14:46:39	61.8	28.7	28.7	48.0	48.0	57.3	57.3	57.8	57.8	55.4	53.7	52.5	49.2	54.1	51.0	51.1	51.7	48.4	49.9	52.2	50.6	53.1	51.3	51.9	50.4	47.7	43.6	36.3	31.4	29.7	25.9	23.4	21.2
2018/01/24 14:46:40	67.7	34.4	34.4	50.8	50.8	62.0	62.0	61.7	61.7	56.4	59.4	55.9	49.4	62.2	56.5	56.4	58.8	57.8	58.4	57.4	56.2	57.9	55.0	56.9	55.8	54.9	52.7	46.8	42.0	39.9	35.2	32.3	27.3
2018/01/24 14:46:41	69.5	36.7	36.7	50.7	50.7	62.4	62.4	61.9	61.9	60.9	64.7	59.4	50.3	61.3	60.8	58.1	64.1	61.8	58.5	60.1	60.5	59.2	56.3	55.2	55.2	54.0	52.9	47.8	42.1	37.3	31.6	29.2	25.3
2018/01/24 14:46:42	61.2	33.6	33.6	52.1	52.1	59.3	59.3	59.1	59.1	60.1	58.9	57.2	49.3	55.9	58.9	54.3	54.3	51.0	51.4	50.8	50.4	49.9	46.1	45.8	46.0	46.1	43.9	38.4	32.2	28.0	23.5	23.1	21.2
2018/01/24 14:46:43	60.3	29.5	29.5	48.6	48.6	57.2	57.2	58.8	58.8	57.4	56.1	55.7	50.2	55.0	51.4	47.2	48.8	49.8	51.8	51.0	52.0	49.8	47.7	46.9	45.6	45.7	43.6	40.6	33.7	32.5	27.3	25.3	22.5
2018/01/24 14:46:44	62.5	32.7	32.7	49.8	49.8	59.1	59.1	61.0	61.0	59.2	56.5	56.7	51.4	54.7	53.8	50.1	51.0	52.6	52.8	55.0	54.3	51.0	49.5	49.4	48.1	49.4	45.8	41.2	35.8	35.3	31.1	29.1	26.5
2018/01/24 14:46:45	60.9	31.2	31.2	51.1	51.1	59.0	59.0	58.5	58.5	56.3	53.4	55.2	51.3	55.7	51.6	47.4	50.5	49.6	51.4	53.4	52.1	49.2	47.3	48.1	46.9	48.1	44.9	43.7	36.2	36.3	32.9	30.6	27.3
2018/01/24 14:46:46	62.7	28.6	28.6	46.1	46.1	57.8	57.8	59.7	59.7	55.4	52.5	56.1	52.9	55.8	52.3	47.0	50.6	52.8	54.4	55.7	53.5	50.5	49.4	50.0	47.9	48.6	46.7	47.2	38.3	35.1	31.7	29.9	27.1
2018/01/24 14:46:47	57.3	28.2	28.2	43.4	43.4	51.8	51.8	55.1	55.1	53.6	50.3	52.8	49.6	51.0	47.1	43.3	47.6	49.2	48.2	49.2	49.9	45.3	43.6	42.7	41.1	41.2	39.4	34.2	27.5	24.7	22.5	22.3	21.1
2018/01/24 14:46:48	54.7	30.0	30.0	44.4	44.4	54.5	54.5	55.9	55.9	52.5	49.5	52.6	48.4	49.6	45.7	44.0	46.7	45.5	46.4	46.2	45.9	44.1	40.8	39.5	37.0	37.4	34.8	28.9	23.4	22.4	21.5	22.3	21.0
2018/01/24 14:46:49	54.2	28.2	28.2	47.4	47.4	54.7	54.7	51.7	51.7	49.8	49.5	54.4	48.6	51.0	47.3	44.1	45.1	45.7	45.6	44.4	45.2	41.7	41.6	39.7	37.1	37.5	33.3	27.7	23.6	21.6	21.1	22.0	20.8
2018/01/24 14:46:50	52.8	25.9	25.9	44.0	44.0	51.4	51.4	50.9	50.9	47.9	45.5	48.4	45.2	50.2	46.5	41.3	44.5	42.7	42.7	45.3	45.1	39.7	39.2	37.9	36.5	35.0	30.0	24.8	21.1	20.3	20.8	21.9	20.7
2018/01/24 14:46:51	53.7	29.1	29.1	41.5	41.5	51.9	51.9	53.3	53.3	47.9	43.4	46.6	41.0	47.5	44.0	41.2	43.4	41.8	41.9	43.6	42.8	49.2	41.0	36.9	35.2	34.4	28.8	23.5	20.5	20.2	20.8	21.9	20.5
2018/01/24 14:46:52	50.7	29.7	29.7	43.6	43.6	53.6	53.6	53.9	53.9	47.8	45.4	46.4	42.7	44.5	42.9	38.4	42.1	41.3	41.6	43.3	42.4	39.5	37.1	37.0	31.9	35.9	25.8	22.2	20.1	20.3	20.8	21.8	20.6
2018/01/24 14:46:53	51.3	29.6	29.6	46.4	46.4	53.8	53.8	52.8	52.8	47.4	43.0	45.2	41.9	46.3	42.0	40.7	42.5	41.7	40.2	42.4	43.4	42.9	38.5	36.7	33.3	36.1	27.7	22.4	20.1	20.2	20.8	21.8	20.6
2018/01/24 14:46:54	48.7	28.7	28.7	45.3	45.3	53.4	53.4	52.7	52.7	48.0	44.1	44.2	40.8	44.1	38.9	37.3	39.5	40.5	39.2	40.4	40.8	37.9	35.7	33.6	31.6	31.2	25.6	22.3	20.4	20.3	20.9	22.0	20.6
2018/01/24 14:46:55	48.5	27.3	27.3	43.8	43.8	51.0	51.0	51.2	51.2	48.4	42.2	43.4	39.8	42.8	39.0	36.9	37.9	39.8	38.0	41.5	40.6	37.7	34.9	33.3	30.6	31.5	30.5	25.6	23.7	21.9	21.9	22.6	21.9
2018/01/24 14:46:56	47.8	25.0	25.0	39.3	39.3	48.5	48.5	48.6	48.6	44.8	43.4	44.2	39.5	43.2	37.1	35.2	39.3	41.1	38.9	39.5	39.3	36.5	33.9	32.1	29.2	30.6	26.3	22.9	20.8	20.4	21.0	22.2	20.8
2018/01/24 14:46:57	48.0	30.7	30.7	47.6	47.6	57.2	57.2	56.4	56.4	51.6	46.2	45.1	40.3	43.3	37.9	35.6	38.3	38.6	38.4	39.8	38.9	37.8	36.0	33.7	29.4	28.1	25.9	22.0	21.2	20.2	20.9	22.0	20.6
2018/01/24 14:46:58	49.2	32.5	32.5	47.7	47.7	56.7	56.7	57.3	57.3	54.3	52.3	48.5	45.2	44.9	38.8	34.4	39.2	41.1	39.2	39.7	40.3	37.9	36.3	33.6	29.4	30.1	26.3	22.6	20.4	20.4	21.0	21.8	20.6
2018/01/24 14:46:59	48.9	32.2	32.2	47.0	47.0	55.1	55.1	56.3	56.3	52.8	49.5	48.5	43.1	43.9	40.5	35.8	40.1	40.8	39.0	41.0	39.8	36.6	35.1	32.1	29.0	32.0	28.1	24.3	22.4	21.0	21.5	22.3	21.2
2018/01/24 14:47:00	49.0	30.8	30.8	47.3	47.3	57.4	57.4	57.7	57.7	50.3	45.5	44.5	40.5	44.6	38.2	35.8	39.2	40.4	38.7	41.1	41.2	37.4	36.9	32.3	29.1	32.0	26.6	22.7	20.9	20.4	20.8	22.1	20.9
2018/01/24 14:47:01	49.6	31.1	31.1	47.5	47.5	56.5	56.5	57.5	57.5	52.3	46.5	46.9	40.5	44.5	39.0	36.0	40.6	41.1	40.9	41.8	40.8	38.0	36.5	32.1	31.3	32.0	30.7	26.0	22.9	21.7	21.3	22.5	21.4
2018/01/24 14:47:02	48.2	24.8	24.8	39.7	39.7	49.4	49.4	51.1	51.1	46.2	41.3	42.7	39.3	44.1	36.9	35.2	39.8	40.5	39.6	41.3	39.3	36.4	35.3	31.6	28.3	30.4	28.4	24.1	21.9	20.9	21.1	22.2	21.1
2018/01/24 14:47:03	53.2	22.9	22.9	37.1	37.1	46.2	46.2	48.3	48.3	46.2	43.5	45.8	40.8	42.2	38.8	37.6	41.6	43.1	43.4	43.2	41.7	42.0	42.6	39.8	39.4	42.9	43.0	36.4	30.7	27.1	24.7	25.5	24.1
2018/01/24 14:47:04	49.6	25.1	25.1	38.9	38.9	48.1	48.1	48.5	48.5	45.6	43.8	45.1	41.0	41.7	36.8	36.5	39.6	40.5	40.9	40.8	41.0	39.2	37.5	34.4	33.3	34.2	37.4	30.4	25.6	23.1	22.2	22.4	20.9
2018/01/24 14:47:05	48.4	27.2	27.2	41.3	41.3	48.9	48.9	49.9	49.9	46.6	44.3	44.4	39.1	41.9	38.2	35.8	39.0	40.0	39.8	40.2	39.0	38.5	36.1	34.9	29.7	30.5	30.7	24.9	21.8	21.4	21.3	22.4	21.0
2018/01/24 14:47:06	48.0	25.0	25.0	37.8	37.8	47.1	47.1	47.9	47.9	43.4	43.3	43.2	41.0	41.3	37.3	35.9	39.3	39.1	39.1	39.6	39.5	38.0	34.3	32.8	31.0	31.5	33.3	27.0	23.4	22.4	22.0	22.7	21.7
2018/01/24 14:47:07	51.6	22.9	22.9	37.8	37.8	46.1	46.1	47.4	47.4	45.2	40.1	43.4	40.1	42.5	39.5	37.9	38.6	40.1	38.3	39.9	41.4	41.4	40.5	38.7	38.9	41.1	42.5	35.9	30.6	27.5	26.2	23.5	21.9
2018/01/24 14:47:08	47.8	23.5	23.5	36.6	36.6	44.9	44.9	46.1	46.1	46.5	44.0	42.8	41.9	42.6	37.4	35.0	37.4	38.5	37.9	38.8	39.6	37.7	38.2	31.6	30.2	31.0	29.5	25.1	22.3	21.5	21.6	22.8	21.3
2018/01/24 14:47:09	48.6	24.5	24.5	36.5	36.5	46.3	46.3	47.3	47.3	47.5	44.5	42.3	40.4	43.4	38.0	38.3	38.1	38.5	37.9	39.7	38.1	36.6	35.0	33.7	33.4	36.8	38.7	32.6	28.4	25.2	22.9	23.0	21.8
2018/01/24 14:47:10	47.9	24.7	24.7	43.6	43.6	50.8	50.8	50.2	50.2	48.1	43.9	43.6	42.1	42.8	40.2	36.9	38.9	39.5	37.9	39.6	38.2	36.7	33.9	31.7	30.5	34.7	33.0	27.8	23.5	21.8	21.9	22.4	21.2
2018/01/24 14:47:11	48.7	23.6	23.6	40.1	40.1	48.3	48.3	48.1	48.1	47.2	44.0	43.3	40.7	44.1	39.9	38.1	39.2	39.7	38.4	40.2	39.2	39.5	35.3	33.0	32.3	32.2	34.2	27.9	23.4	21.6	21.5	22.1	20.8
2018/01/24 14:47:12	48.8	24.9	24.9	39.4	39.4	48.8	48.8	51.2	51.2	47.7	46.5	47.0	44.0	44.2	42.4	38.0	40.4	39.7	38.1	40.3	39.8	38.4	34.8	33.7	32.1	31.6	31.3	26.3	23.0	21.0	21.4	22.1	20.8
2018/01/24 14:47:13	49.6	27.1	27.1	42.1	42.1	50.4	50.4	49.6	49.6	47.6	48.5	47.8	43.8	47.8	41.9	39.5	39.6	38.5	38.2	40.7	41.1	39.3	37.0	35.6	33.4	33.8	30.3	26.0	21.7	20.9	21.3	22.1	20.6
2018/01/24 14:47:14	53.0	26.9	26.9	45.7	45.7	54.3	54.3	53.1	53.1	51.5	51.6	49.7	46.1	49.7	43.0	40.5	42.5	45.1	43.8	42.9	44.1	42.0	39.8	39.8	38.2	38.0	34.5	29.9	24.4	23.0	22.3	22.9	21.6
2018/01/24 14:47:15	58.5	28.4	28.4	44.0	44.0	56.3	56.3	57.7	57.7	52.4	49.3	52.6	53.5	53.2	46.2	49.8	46.3	49.7	49.6	49.6	48.6	47.7	46.3	44.7	45.1	43.9	43.3	40.4	34.8	31.5	29.3	29.2	27.4
2018/01/24 14:47:16	58.9	25.8	25.8	47.4	47.4	55.2	55.2	55.3	55.3	53.4	50.0	51.3	49.4	50.7	47.4	44.1	46.3	48.2	49.2	50.7	49.1	47.5	47.4	47.3	47.1	46.3	42.7	39.5	35.9	34.5	31.7	30.5	28.8
2018/01/24 14:47:17	54.3	27.1	27.1	45.7	45.7	53.2	53.2	56.3	56.3	53.5	49.0	50.8	43.5	48.6	45.7	43.1	42.9	43.1	44.4	46.5	44.9	44.4	41.5	41.0	39.1	39.8	38.6	33.3	30.0	28.8	27.1	25.9	25.7
2018/01/24 14:47:18	51.7	26.4	26.4	40.8	40.8	53.3	53.3	55.1	55.1	50.8	47.2	48.0	42.6	47.6	45.7	41.3	41.6	40.9	42.0	43.2	43.0	41.4	39.2	36.9	35.4	36.6	32.2	28.3	24.6	22.2	21.6	22.5	21.1
2018/01/24 14:47:19	51.6	27.9	27.9	46.1	46.1	55.3	55.3	55.2	55.2	52.0	49.5	49.7	43.9	47.7	45.1	41.3	41.3	41.3	41.5	42.9	42.3	42.0	39.2	37.4	35.3	35.2	30.5	26.3	22.0	21.0	21.1	21.8	20.6
2018/01/24 14:47:20	51.9	29.4	29.4	49.0	49.0	54.2	54.2	52.2	52.2	51.0	49.6	50.5	46.3	48.5	45.6	41.0	42.2	43.2	41.9	44.5	41.9	40.8	39.1	36.6	34.3	33.9	31.3	26.5	23.0	21.5	21.1	22.1	20.7
2018/01/24 14:47:21	53.7	30.1	30.1	45.9	45.9	53.2	53.2	54.7	54.7	52.9	49.4	51.8	51.2	52.8	46.0	44.7	46.3	42.6	42.8	43.9	44.0	42.3	41.5	39.8	37.1	37.3	33.2	28.8	24.2	22.1	21.4	22.5	21.1
2018/01/24 14:47:22	56.4	33.2	33.2	50.0	50.0	54.8	54.8	54.2	54.2	51.5	50.1	52.0	47.8	51.0	47.9	48.3	49.7	44.4	44.7	48.3	48.1	45.8	44.5	41.5	40.3	41.1	36.3	31.8	26.0	23.0	22.2	24.3	21.7
2018/01/24 14:47:23	60.3	30.0	30.0	56.9	56.9	62.8	62.8	58.8	58.8	54.9	52.8	54.1	49.1	53.5	50.7	52.7	51.7	48.0	49.4	52.8	51.8	49.1	46.9	47.1	44.8	47.4	42.2	36.1	31.3	27.3	23.7	23.3	21.5
2018/01/24 14:47:24	64.5	34.6	34.6	55.5	55.5	64.6	64.6	62.4	62.4	56.3	54.4	55.2	52.0	55.6	53.6	55.2	54.3	51.6	53.4	56.5	56.5	54.6	52.5	52.3	50.3	52.0	45.5	41.4	39.6	37.0	30.6	26.8	24.9
2018/01/24 14:47:25	65.6	31.2	31.2	47.9	47.9	60.4	60.4	60.7	60.7	56.8	59.4	58.2	51.8	56.2	55.4	53.4	56.0	55.2	56.0	57.3	58.3	56.1	52.2	51.3	50.3	51.2	47.4	45.4	42.6	38.0	39.9	34.4	27.3
2018/01/24 14:47:26	68.0	28.1	28.1	46.6	46.6	55.8	55.8	61.7	61.7	61.6	57.3	59.5	51.4	57.6	56.7	52.0	58.3	53.6	54.2	58.1	60.7	60.4	57.5	55.2	54.0	53.6	50.8	46.1	43.0	42.8	39.7	37.2	31.3
2018/01/24 14:47:27	73.5	28.6	28.6	55.3	55.3	60.9	60.9	63.0	63.0	65.9	60.7	59.6	55.2	59.8	61.5	57.2	65.7	58.6	60.2	65.0	67.4	62.9	61.5	59.9	59.3	60.2	56.4	55.5	51.3	48.9	45.1	43.0	38.3
2018/01/24 14:47:28	70.5	28.7	28.7	49.9	49.9	55.7	55.7	61.7	61.7	64.6	58.3	59.0	53.1	53.6	55.4	52.7	60.3	60.4	57.6	62.9	61.9	61.0	59.4	56.3	56.4	56.5	56.6	55.3	49.2	44.9	43.0	42.2	36.8
2018/01/24 14:47:29	61.1	30.1	30.1	50.2	50.2	55.2	55.2	58.8	58.8	60.2	55.1	56.1	51.3	52.5	49.6	46.6	51.7	51.7	50.5	52.2	54.2	50.5	48.6	46.1	45.2	45.3	45.9	42.1	37.6	31.5	27.7	27.1	24.1
2018/01/24 14:47:30	58.3	25.2	25.2	42.9	42.9	48.1	48.1	55.8	55.8	57.7	55.0	55.6	49.6	52.1	48.8	45.2	50.0	47.8	47.0	49.4	50.7	48.0	46.0	43.7	43.2	42.0	41.1	36.2	30.6	25.2	22.6	22.8	21.1
2018/01/24 14:47:31	57.3	26.2	26.2	43.3	43.3	50.5	50.5	54.7	54.7	56.8	50.3	49.9	47.6	46.4	46.6	44.5	48.4	47.8	46.0	49.2	49.9	47.5	44.1	43.8	43.4	41.0	39.3	34.0	29.6	25.1	22.9	23.0	21.4
2018/01/24 14:47:32	56.5	24.4	24.4	40.3	40.3	47.9	47.9	49.1	49.1	50.5	46.7	50.0	48.5	47.3	46.3	45.4	45.8	48.0	45.6	49.0	47.7	46.3	44.4	41.5	40.9	42.0	42.8	33.8	29.2	24.2	23.7	24.6	23.3
2018/01/24 14:47:33	55.0	26.1	26.1	42.3	42.3	49.3	49.3	51.0	51.0	52.5	48.0	49.2	47.5	47.4	47.6	43.0	44.4	46.6	43.7	48.1	47.1	44.1	42.4	40.7	39.1	37.4	34.4	28.5	25.9	23.2	22.0	22.6	21.5
2018/01/24 14:47:34	54.5	24.2	24.2	39.1	39.1	50.1	50.1	51.6	51.6	49.4	45.3	47.1	44.7	44.9	44.4	42.4	43.6	46.6	43.9	47.8	46.5	44.6	42.0	40.0	38.5	36.2	33.1	26.9	23.7	23.1	22.3	22.5	21.0
2018/01/24 14:47:35	52.3	25.4	25.4	40.8	40.8	51.4	51.4	51.5	51.5	49.4	45.6	46.5	42.4	45.1	44.0	43.1	42.4	42.4	43.8	45.0	43.6	42.0	39.1	37.4	35.6	36.4	31.7	25.5	21.4	21.1	21.4	22.1	20.6
2018/01/24 14:47:36	52.9	24.8	24.8	39.8	39.8	49.5	49.5	49.6	49.6	46.9	44.8	44.7	43.9	46.3	43.1	42.2	44.0	45.2	43.8	45.2	43.1	42.1	39.8	38.7	37.1	39.1	34.3	28.7	23.8	22.2	22.2	23.5	27.7
2018/01/24 14:47:37	54.8	25.5	25.5	42.6	42.6	49.9	49.9	50.0	50.0	49.6	46.0	48.0	45.6	47.4	45.0	44.3	48.0	46.5	45.0	48.1	45.6	43.9	40.8	37.9	37.2	38.7	36.0	30.3	25.4	22.2	21.6	22.5	21.1
2018/01/24 14:47:38	54.8	24.9	24.9	43.1	43.1	52.3	52.3	53.3	53.3	49.5	44.4	47.6	45.1	47.9	46.1	43.8	45.8	47.0	45.1	49.1	45.3	44.2	40.6	37.3	35.6	36.5	33.3	28.1	23.2	20.8	21.2	22.1	21.1
2018/01/24 14:47:39	50.6	24.2	24.2	38.5	38.5	46.5	46.5	47.6	47.6	44.7	42.8	46.7	43.1	47.5	44.8	43.3	41.8	43.0	43.7	42.8	39.4	37.6	34.6	32.7	31.2	34.6	29.7	24.6	21.1	20.2	20.8	21.8	20.6
2018/01/24 14:47:40	47.2	24.5	24.5	41.7	41.7	49.1	49.1	49.0	49.0	44.6	42.2	43.3	38.8	44.0	41.5	38.7	39.6	38.5	38.9	38.5	37.1	36.0	33.2	31.3	29.5	30.3	26.7	22.3	20.2	20.4	21.3	22.0	20.6
2018/01/24 14:47:41	48.1	28.4	28.4	43.5	43.5	54.4	54.4	54.9	54.9	47.8	42.1	44.1	39.7	43.1	45.3	43.7	39.6	39.9	39.7	37.0	36.8	35.0	33.7	33.4	28.8	28.8	27.0	22.9	20.6	20.5	21.4	22.0	20.9
2018/01/24 14:47:42	47.3	26.2	26.2	42.3	42.3	53.0	53.0	53.8	53.8	49.5	45.3	44.7	38.2	41.0	41.2	37.5	39.2	38.2	38.8	37.9	37.4	36.3	34.7	31.1	30.6	29.5	27.3	24.1	22.6	21.0	21.0	22.0	21.0
2018/01/24 14:47:43	47.0	25.2	25.2	38.7	38.7	48.7	48.7	50.0	50.0	46.6	43.6	42.1	37.8	41.5	39.8	37.7	38.8	39.1	38.1	38.7	37.2	36.5	33.7	31.3	29.4	28.5	26.8	24.1	21.5	21.1	21.3	22.2	20.9
2018/01/24 14:47:44	45.8	23.7	23.7	36.9	36.9	46.7	46.7	48.5	48.5	43.3	41.8	41.4	34.4	39.4	38.0	37.2	38.9	38.0	37.3	36.7	36.5	35.7	31.5	29.2	27.7	29.1	25.2	23.6	21.4	20.9	21.3	22.2	21.0
2018/01/24 14:47:45	48.8	23.5	23.5	35.8	35.8	45.7	45.7	48.3	48.3	43.1	42.2	43.3	36.7	41.0	41.1	39.8	42.7	39.5	38.0	38.1	38.1	41.9	36.3	34.4	29.7	28.7	28.0	23.5	20.9	20.8	21.1	22.0	20.8
2018/01/24 14:47:46	47.4	22.9	22.9	36.9	36.9	46.1	46.1	47.1	47.1	42.8	41.6	42.0	36.6	40.6	37.5	35.9	36.2	35.8	35.6	38.4	36.5	42.2	33.5	32.5	26.8	30.7	25.4	22.2	20.8	20.5	21.1	22.1	20.8
2018/01/24 14:47:47	44.4	23.7	23.7	35.3	35.3	47.2	47.2	48.5	48.5	43.3	41.2	42.1	37.0	39.7	35.7	34.5	35.8	35.5	34.9	36.2	35.6	33.9	30.5	27.9	26.2	27.0	25.5	22.6	21.1	20.6	21.2	22.1	21.1
2018/01/24 14:47:48	45.3	22.2	22.2	33.6	33.6	45.5	45.5	48.4	48.4	45.0	41.6	41.0	36.1	39.8	38.8	36.2	37.9	37.6	34.5	35.9	36.4	35.4	32.3	28.0	26.7	30.2	23.5	21.2	20.6	20.3	21.1	22.0	20.7
2018/01/24 14:47:49	44.6	22.7	22.7	35.5	35.5	42.7	42.7	43.8	43.8	42.8	41.6	41.2	37.0	40.1	39.2	35.7	37.1	35.0	34.8	35.4	35.2	33.8	32.4	28.8	26.7	30.2	23.9	21.7	19.9	20.4	21.0	21.7	20.7
2018/01/24 14:47:50	44.4	23.2	23.2	41.2	41.2	47.6	47.6	44.6	44.6	41.9	41.7	41.1	36.8	40.0	40.3	36.9	36.1	34.8	35.3	34.8	34.0	32.6	30.7	28.1	27.8	30.4	27.9	24.9	22.9	21.8	21.5	22.7	21.3
2018/01/24 14:47:51	45.2	22.0	22.0	36.1	36.1	43.7	43.7	44.1	44.1	42.8	41.6	39.9	37.0	41.5	40.7	37.0	35.7	34.5	35.2	35.6	35.5	34.5	34.3	30.6	28.0	28.4	27.7	24.5	21.8	21.7	21.5	22.5	21.3
2018/01/24 14:47:52	47.8	23.7	23.7	40.4	40.4	47.1	47.1	46.2	46.2	42.5	41.5	42.4	36.1	40.2	37.9	36.1	37.2	34.6	36.8	37.9	37.3	40.7	37.6	36.8	31.4	31.3	29.8	25.9	22.6	22.1	21.7	22.9	21.7
2018/01/24 14:47:53	47.1	23.3	23.3	36.1	36.1	45.7	45.7	45.9	45.9	40.8	40.1	39.5	37.0	40.0	36.9	35.7	39.2	35.1	36.1	38.6	37.6	35.9	33.0	30.7	30.6	37.1	36.5	29.0	25.6	23.4	24.0	23.0	21.8
2018/01/24 14:47:54	45.2	23.1	23.1	35.0	35.0	44.8	44.8	45.6	45.6	40.5	40.4	40.0	37.0	39.0	37.3	33.3	37.2	34.8	35.6	37.8	36.5	34.3	33.6	30.0	27.3	29.3	24.0	21.3	20.5	20.4	21.0	22.0	20.6
2018/01/24 14:47:55	45.7	22.8	22.8	35.2	35.2	44.0	44.0	44.6	44.6	41.1	40.3	39.8	37.1	41.3	35.9	36.9	35.1	35.0	35.5	37.9	36.5	35.6	33.9	30.9	29.0	31.6	29.6	25.3	23.5	22.3	22.2	22.6	21.7
2018/01/24 14:47:56	47.2	23.1	23.1	35.7	35.7	44.3	44.3	46.9	46.9	43.1	40.1	40.5	38.2	41.2	38.2	37.0	37.5	35.2	36.8	39.9	38.6	36.1	34.5	32.5	30.5	34.0	30.9	28.4	25.9	24.3	23.7	23.9	22.9
2018/01/24 14:47:57	47.1	23.7	23.7	35.4	35.4	43.4	43.4	44.5	44.5	43.3	43.7	42.9	38.1	41.8	39.1	37.1	39.0	36.8	37.8	39.0	37.1	36.3	34.5	33.3	31.0	34.0	29.0	25.7	22.6	21.9	21.7	22.8	22.0
2018/01/24 14:47:58	49.7	24.2	24.2	41.4	41.4	50.1	50.1	48.6	48.6	43.8	44.5	44.1	38.0	42.8	41.7	41.3	41.2	39.1	40.1	42.6	39.9	38.2	39.3	34.9	32.9	34.6	29.2	23.5	21.2	20.5	21.2	22.2	20.6
2018/01/24 14:47:59	52.2	23.2	23.2	40.9	40.9	48.9	48.9	46.8	46.8	46.8	48.0	48.0	40.1	46.3	42.7	42.2	42.0	43.5	44.7	46.7	40.3	39.5	39.7	36.2	33.8	36.1	31.3	25.0	22.3	21.3	21.4	22.3	21.2
2018/01/24 14:48:00	53.8	25.6	25.6	42.2	42.2	48.7	48.7	48.4	48.4	46.9	46.7	46.4	42.3	46.0	43.2	41.4	43.8	43.7	43.9	48.0	46.8	43.0	40.5	38.3	34.6	34.2	30.8	25.7	22.2	21.6	21.9	22.3	21.2
2018/01/24 14:48:01	50.7	28.6	28.6	42.0	42.0	48.9	48.9	49.7	49.7	46.3	47.4	45.9	41.4	42.9	39.5	38.9	40.7	40.7	40.6	41.4	43.8	42.3	38.2	36.6	34.1	32.2	29.0	24.4	21.5	20.7	21.1	21.9	20.8
2018/01/24 14:48:02	49.8	28.7	28.7	41.4	41.4	49.9	49.9	50.3	50.3	47.9	46.1	46.8	40.5	41.3	38.7	37.6	38.9	38.0	39.8	40.2	40.4	44.9	33.9	33.2	30.4	29.3	26.0	21.9	20.1	20.4	20.6	21.8	20.7
2018/01/24 14:48:03	48.2	24.9	24.9	42.0	42.0	51.9	51.9	54.8	54.8	53.9	49.9	46.0	41.7	42.9	39.3	37.4	40.1	39.3	40.9	40.4	36.0	35.9	34.0	31.7	29.9	31.2	25.6	21.5	20.0	20.4	20.8	21.9	20.6
2018/01/24 14:48:04	50.2	27.5	27.5	42.9	42.9	52.0	52.0	53.9	53.9	49.7	48.9	49.0	42.8	43.6	39.9	40.0	41.8	40.9	40.7	40.2	39.3	38.8	38.9	39.8	33.5	36.1	29.3	25.1	20.6	20.3	20.9	21.7	20.6
2018/01/24 14:48:05	51.1	24.9	24.9	37.9	37.9	46.7	46.7	49.3	49.3	48.0	49.7	49.4	45.7	45.7	46.5	42.8	42.2	41.5	41.2	41.6	43.0	40.1	37.6	35.5	32.9	34.0	31.9	26.7	24.5	23.0	22.4	23.4	22.8
